   0.0000000e+00   1.7245043e+00
   2.0000000e-01   1.7099072e+00
   4.0000000e-01   1.6951315e+00
   6.0000000e-01   1.6801825e+00
   8.0000000e-01   1.6650665e+00
   1.0000000e+00   1.6497906e+00
   1.2000000e+00   1.6343639e+00
   1.4000000e+00   1.6187962e+00
   1.6000000e+00   1.6030954e+00
   1.8000000e+00   1.5872745e+00
   2.0000000e+00   1.5713452e+00
   2.2000000e+00   1.5553194e+00
   2.4000000e+00   1.5392091e+00
   2.6000000e+00   1.5230266e+00
   2.8000000e+00   1.5067843e+00
   3.0000000e+00   1.4904943e+00
   3.2000000e+00   1.4741687e+00
   3.4000000e+00   1.4578191e+00
   3.6000000e+00   1.4414570e+00
   3.8000000e+00   1.4250930e+00
   4.0000000e+00   1.4087377e+00
   4.2000000e+00   1.3924009e+00
   4.4000000e+00   1.3760918e+00
   4.6000000e+00   1.3598192e+00
   4.8000000e+00   1.3435912e+00
   5.0000000e+00   1.3274154e+00
   5.2000000e+00   1.3112986e+00
   5.4000000e+00   1.2952473e+00
   5.6000000e+00   1.2792672e+00
   5.8000000e+00   1.2633637e+00
   6.0000000e+00   1.2475415e+00
   6.2000000e+00   1.2318049e+00
   6.4000000e+00   1.2161577e+00
   6.6000000e+00   1.2006035e+00
   6.8000000e+00   1.1851451e+00
   7.0000000e+00   1.1697854e+00
   7.2000000e+00   1.1545267e+00
   7.4000000e+00   1.1393710e+00
   7.6000000e+00   1.1243202e+00
   7.8000000e+00   1.1093758e+00
   8.0000000e+00   1.0945393e+00
   8.2000000e+00   1.0798118e+00
   8.4000000e+00   1.0651945e+00
   8.6000000e+00   1.0506884e+00
   8.8000000e+00   1.0362945e+00
   9.0000000e+00   1.0220137e+00
   9.2000000e+00   1.0078470e+00
   9.4000000e+00   9.9379548e-01
   9.6000000e+00   9.7986035e-01
   9.8000000e+00   9.6604294e-01
   1.0000000e+01   9.5234483e-01
   1.0200000e+01   9.3876785e-01
   1.0400000e+01   9.2531414e-01
   1.0600000e+01   9.1198620e-01
   1.0800000e+01   8.9878695e-01
   1.1000000e+01   8.8571973e-01
   1.1200000e+01   8.7278840e-01
   1.1400000e+01   8.5999735e-01
   1.1600000e+01   8.4735154e-01
   1.1800000e+01   8.3485654e-01
   1.2000000e+01   8.2251850e-01
   1.2200000e+01   8.1034407e-01
   1.2400000e+01   7.9834035e-01
   1.2600000e+01   7.8651474e-01
   1.2800000e+01   7.7487491e-01
   1.3000000e+01   7.6342860e-01
   1.3200000e+01   7.5218357e-01
   1.3400000e+01   7.4114744e-01
   1.3600000e+01   7.3032756e-01
   1.3800000e+01   7.1973086e-01
   1.4000000e+01   7.0936367e-01
   1.4200000e+01   6.9923163e-01
   1.4400000e+01   6.8933943e-01
   1.4600000e+01   6.7969072e-01
   1.4800000e+01   6.7028786e-01
   1.5000000e+01   6.6113195e-01
   1.5200000e+01   6.5222283e-01
   1.5400000e+01   6.4355922e-01
   1.5600000e+01   6.3513877e-01
   1.5800000e+01   6.2695820e-01
   1.6000000e+01   6.1901342e-01
   1.6200000e+01   6.1129958e-01
   1.6400000e+01   6.0381129e-01
   1.6600000e+01   5.9654269e-01
   1.6800000e+01   5.8948761e-01
   1.7000000e+01   5.8263977e-01
   1.7200000e+01   5.7599288e-01
   1.7400000e+01   5.6954088e-01
   1.7600000e+01   5.6327809e-01
   1.7800000e+01   5.5719944e-01
   1.8000000e+01   5.5130053e-01
   1.8200000e+01   5.4557760e-01
   1.8400000e+01   5.4002756e-01
   1.8600000e+01   5.3464790e-01
   1.8800000e+01   5.2943667e-01
   1.9000000e+01   5.2439249e-01
   1.9200000e+01   5.1951441e-01
   1.9400000e+01   5.1480195e-01
   1.9600000e+01   5.1025501e-01
   1.9800000e+01   5.0587377e-01
   2.0000000e+01   5.0165867e-01
   2.0200000e+01   4.9761031e-01
   2.0400000e+01   4.9372934e-01
   2.0600000e+01   4.9001639e-01
   2.0800000e+01   4.8647194e-01
   2.1000000e+01   4.8309627e-01
   2.1200000e+01   4.7988936e-01
   2.1400000e+01   4.7685093e-01
   2.1600000e+01   4.7398031e-01
   2.1800000e+01   4.7127644e-01
   2.2000000e+01   4.6873780e-01
   2.2200000e+01   4.6636241e-01
   2.2400000e+01   4.6414774e-01
   2.2600000e+01   4.6209070e-01
   2.2800000e+01   4.6018763e-01
   2.3000000e+01   4.5843426e-01
   2.3200000e+01   4.5682569e-01
   2.3400000e+01   4.5535642e-01
   2.3600000e+01   4.5402031e-01
   2.3800000e+01   4.5281064e-01
   2.4000000e+01   4.5172010e-01
   2.4200000e+01   4.5074083e-01
   2.4400000e+01   4.4986445e-01
   2.4600000e+01   4.4908216e-01
   2.4800000e+01   4.4838470e-01
   2.5000000e+01   4.4776251e-01
   2.5200000e+01   4.4720573e-01
   2.5400000e+01   4.4670430e-01
   2.5600000e+01   4.4624801e-01
   2.5800000e+01   4.4582659e-01
   2.6000000e+01   4.4542979e-01
   2.6200000e+01   4.4504742e-01
   2.6400000e+01   4.4466947e-01
   2.6600000e+01   4.4428610e-01
   2.6800000e+01   4.4388778e-01
   2.7000000e+01   4.4346526e-01
   2.7200000e+01   4.4300970e-01
   2.7400000e+01   4.4251263e-01
   2.7600000e+01   4.4196601e-01
   2.7800000e+01   4.4136227e-01
   2.8000000e+01   4.4069427e-01
   2.8200000e+01   4.3995534e-01
   2.8400000e+01   4.3913927e-01
   2.8600000e+01   4.3824029e-01
   2.8800000e+01   4.3725306e-01
   2.9000000e+01   4.3617264e-01
   2.9200000e+01   4.3499449e-01
   2.9400000e+01   4.3371443e-01
   2.9600000e+01   4.3232864e-01
   2.9800000e+01   4.3083363e-01
   3.0000000e+01   4.2922624e-01
   3.0200000e+01   4.2750365e-01
   3.0400000e+01   4.2566338e-01
   3.0600000e+01   4.2370331e-01
   3.0800000e+01   4.2162173e-01
   3.1000000e+01   4.1941735e-01
   3.1200000e+01   4.1708937e-01
   3.1400000e+01   4.1463754e-01
   3.1600000e+01   4.1206223e-01
   3.1800000e+01   4.0936446e-01
   3.2000000e+01   4.0654603e-01
   3.2200000e+01   4.0360953e-01
   3.2400000e+01   4.0055842e-01
   3.2600000e+01   3.9739708e-01
   3.2800000e+01   3.9413082e-01
   3.3000000e+01   3.9076591e-01
   3.3200000e+01   3.8730956e-01
   3.3400000e+01   3.8376990e-01
   3.3600000e+01   3.8015587e-01
   3.3800000e+01   3.7647721e-01
   3.4000000e+01   3.7274426e-01
   3.4200000e+01   3.6896792e-01
   3.4400000e+01   3.6515938e-01
   3.4600000e+01   3.6133004e-01
   3.4800000e+01   3.5749126e-01
   3.5000000e+01   3.5365419e-01
   3.5200000e+01   3.4982958e-01
   3.5400000e+01   3.4602754e-01
   3.5600000e+01   3.4225740e-01
   3.5800000e+01   3.3852755e-01
   3.6000000e+01   3.3484528e-01
   3.6200000e+01   3.3121665e-01
   3.6400000e+01   3.2764646e-01
   3.6600000e+01   3.2413819e-01
   3.6800000e+01   3.2069396e-01
   3.7000000e+01   3.1731464e-01
   3.7200000e+01   3.1399987e-01
   3.7400000e+01   3.1074817e-01
   3.7600000e+01   3.0755716e-01
   3.7800000e+01   3.0442363e-01
   3.8000000e+01   3.0134384e-01
   3.8200000e+01   2.9831365e-01
   3.8400000e+01   2.9532882e-01
   3.8600000e+01   2.9238517e-01
   3.8800000e+01   2.8947883e-01
   3.9000000e+01   2.8660645e-01
   3.9200000e+01   2.8376535e-01
   3.9400000e+01   2.8095369e-01
   3.9600000e+01   2.7817057e-01
   3.9800000e+01   2.7541613e-01
   4.0000000e+01   2.7269151e-01
   4.0200000e+01   2.6999892e-01
   4.0400000e+01   2.6734150e-01
   4.0600000e+01   2.6472326e-01
   4.0800000e+01   2.6214891e-01
   4.1000000e+01   2.5962367e-01
   4.1200000e+01   2.5715309e-01
   4.1400000e+01   2.5474278e-01
   4.1600000e+01   2.5239816e-01
   4.1800000e+01   2.5012424e-01
   4.2000000e+01   2.4792535e-01
   4.2200000e+01   2.4580492e-01
   4.2400000e+01   2.4376523e-01
   4.2600000e+01   2.4180731e-01
   4.2800000e+01   2.3993072e-01
   4.3000000e+01   2.3813348e-01
   4.3200000e+01   2.3641202e-01
   4.3400000e+01   2.3476119e-01
   4.3600000e+01   2.3317429e-01
   4.3800000e+01   2.3164313e-01
   4.4000000e+01   2.3015824e-01
   4.4200000e+01   2.2870898e-01
   4.4400000e+01   2.2728379e-01
   4.4600000e+01   2.2587042e-01
   4.4800000e+01   2.2445620e-01
   4.5000000e+01   2.2302827e-01
   4.5200000e+01   2.2157391e-01
   4.5400000e+01   2.2008075e-01
   4.5600000e+01   2.1853707e-01
   4.5800000e+01   2.1693200e-01
   4.6000000e+01   2.1525573e-01
   4.6200000e+01   2.1349969e-01
   4.6400000e+01   2.1165667e-01
   4.6600000e+01   2.0972090e-01
   4.6800000e+01   2.0768811e-01
   4.7000000e+01   2.0555557e-01
   4.7200000e+01   2.0332199e-01
   4.7400000e+01   2.0098751e-01
   4.7600000e+01   1.9855359e-01
   4.7800000e+01   1.9602289e-01
   4.8000000e+01   1.9339912e-01
   4.8200000e+01   1.9068690e-01
   4.8400000e+01   1.8789159e-01
   4.8600000e+01   1.8501914e-01
   4.8800000e+01   1.8207595e-01
   4.9000000e+01   1.7906872e-01
   4.9200000e+01   1.7600434e-01
   4.9400000e+01   1.7288975e-01
   4.9600000e+01   1.6973192e-01
   4.9800000e+01   1.6653772e-01
   5.0000000e+01   1.6331392e-01
   5.0200000e+01   1.6006714e-01
   5.0400000e+01   1.5680384e-01
   5.0600000e+01   1.5353032e-01
   5.0800000e+01   1.5025270e-01
   5.1000000e+01   1.4697694e-01
   5.1200000e+01   1.4370883e-01
   5.1400000e+01   1.4045395e-01
   5.1600000e+01   1.3721768e-01
   5.1800000e+01   1.3400517e-01
   5.2000000e+01   1.3082124e-01
   5.2200000e+01   1.2767040e-01
   5.2400000e+01   1.2455670e-01
   5.2600000e+01   1.2148371e-01
   5.2800000e+01   1.1845440e-01
   5.3000000e+01   1.1547110e-01
   5.3200000e+01   1.1253538e-01
   5.3400000e+01   1.0964802e-01
   5.3600000e+01   1.0680894e-01
   5.3800000e+01   1.0401717e-01
   5.4000000e+01   1.0127082e-01
   5.4200000e+01   9.8567102e-02
   5.4400000e+01   9.5902372e-02
   5.4600000e+01   9.3272161e-02
   5.4800000e+01   9.0671269e-02
   5.5000000e+01   8.8093865e-02
   5.5200000e+01   8.5533607e-02
   5.5400000e+01   8.2983789e-02
   5.5600000e+01   8.0437494e-02
   5.5800000e+01   7.7887770e-02
   5.6000000e+01   7.5327802e-02
   5.6200000e+01   7.2751102e-02
   5.6400000e+01   7.0151690e-02
   5.6600000e+01   6.7524273e-02
   5.6800000e+01   6.4864420e-02
   5.7000000e+01   6.2168718e-02
   5.7200000e+01   5.9434942e-02
   5.7400000e+01   5.6662347e-02
   5.7600000e+01   5.3852135e-02
   5.7800000e+01   5.1007671e-02
   5.8000000e+01   4.8134505e-02
   5.8200000e+01   4.5240326e-02
   5.8400000e+01   4.2334849e-02
   5.8600000e+01   3.9429655e-02
   5.8800000e+01   3.6537972e-02
   5.9000000e+01   3.3674418e-02
   5.9200000e+01   3.0854698e-02
   5.9400000e+01   2.8095265e-02
   5.9600000e+01   2.5412971e-02
   5.9800000e+01   2.2824694e-02
   6.0000000e+01   2.0346967e-02
   6.0200000e+01   1.7995581e-02
   6.0400000e+01   1.5785241e-02
   6.0600000e+01   1.3730396e-02
   6.0800000e+01   1.1844250e-02
   6.1000000e+01   1.0132142e-02
   6.1200000e+01   8.5983469e-03
   6.1400000e+01   7.2353426e-03
   6.1600000e+01   6.0376145e-03
   6.1800000e+01   4.9976311e-03
   6.2000000e+01   4.1055866e-03
   6.2200000e+01   3.3613700e-03
   6.2400000e+01   2.7520570e-03
   6.2600000e+01   2.2531937e-03
   6.2800000e+01   1.8447590e-03
   6.3000000e+01   1.5103609e-03
   6.3200000e+01   1.2365789e-03
   6.3400000e+01   1.0124252e-03
   6.3600000e+01   8.2890364e-04
   6.3800000e+01   6.7864890e-04
   6.4000000e+01   5.5563072e-04
   6.4200000e+01   4.5491196e-04
   6.4400000e+01   3.7245041e-04
   6.4600000e+01   3.0493661e-04
   6.4800000e+01   2.4966098e-04
   6.5000000e+01   2.0440512e-04
   6.5200000e+01   1.6735276e-04
   6.5400000e+01   1.3701685e-04
   6.5600000e+01   1.1217991e-04
   6.5800000e+01   9.1845141e-05
   6.6000000e+01   7.5196441e-05
   6.6200000e+01   6.1565639e-05
   6.6400000e+01   5.0405682e-05
   6.6600000e+01   4.1268682e-05
   6.6800000e+01   3.3787939e-05
   6.7000000e+01   2.7663225e-05
   6.7200000e+01   2.2648733e-05
   6.7400000e+01   1.8543214e-05
   6.7600000e+01   1.5181900e-05
   6.7800000e+01   1.2429888e-05
   6.8000000e+01   1.0176732e-05
   6.8200000e+01   8.3320032e-06
   6.8400000e+01   6.8216673e-06
   6.8600000e+01   5.5851088e-06
   6.8800000e+01   4.5727003e-06
   6.9000000e+01   3.7438104e-06
   6.9200000e+01   3.0651727e-06
   6.9400000e+01   2.5095511e-06
   6.9600000e+01   2.0546467e-06
   6.9800000e+01   1.6822024e-06
   7.0000000e+01   1.3772709e-06
   7.0200000e+01   1.1344279e-06
   7.0400000e+01   9.3532318e-07
   7.0600000e+01   7.7117321e-07
   7.0800000e+01   6.3579555e-07
   7.1000000e+01   5.2411984e-07
   7.1200000e+01   4.3198260e-07
   7.1400000e+01   3.6818118e-07
   7.1600000e+01   3.1922340e-07
   7.1800000e+01   2.7744411e-07
   7.2000000e+01   2.4155530e-07
   7.2200000e+01   2.1055160e-07
   7.2400000e+01   1.8364175e-07
   7.2600000e+01   1.6019700e-07
   7.2800000e+01   1.3971228e-07
   7.3000000e+01   1.2177698e-07
   7.3200000e+01   1.0605297e-07
   7.3400000e+01   9.2258157e-08
   7.3600000e+01   8.0154166e-08
   7.3800000e+01   6.9537131e-08
   7.4000000e+01   6.0230852e-08
   7.4200000e+01   5.2081672e-08
   7.4400000e+01   4.4954635e-08
   7.4600000e+01   3.8730565e-08
   7.4800000e+01   3.3303821e-08
   7.5000000e+01   2.8580530e-08
   7.5200000e+01   2.4477158e-08
   7.5400000e+01   2.0919337e-08
   7.5600000e+01   1.7840865e-08
   7.5800000e+01   1.5182845e-08
   7.6000000e+01   1.2892925e-08
   7.6200000e+01   1.0924625e-08
   7.6400000e+01   9.2367356e-09
   7.6600000e+01   7.7927751e-09
   7.6800000e+01   6.5605026e-09
   7.7000000e+01   5.5114791e-09
   7.7200000e+01   4.6206719e-09
   7.7400000e+01   3.8660974e-09
   7.7600000e+01   3.2284989e-09
   7.7800000e+01   2.6910542e-09
   7.8000000e+01   2.2391121e-09
   7.8200000e+01   1.8599516e-09
   7.8400000e+01   1.5425643e-09
   7.8600000e+01   1.2774564e-09
   7.8800000e+01   1.0564685e-09
   7.9000000e+01   8.7261314e-10
   7.9200000e+01   7.1992711e-10
   7.9400000e+01   5.9333917e-10
   7.9600000e+01   4.8855114e-10
   7.9800000e+01   4.0193203e-10
   8.0000000e+01   3.3042403e-10
   8.0200000e+01   2.7145976e-10
   8.0400000e+01   2.2288959e-10
   8.0600000e+01   1.8291842e-10
   8.0800000e+01   1.5005080e-10
   8.1000000e+01   1.2304370e-10
   8.1200000e+01   1.0086599e-10
   8.1400000e+01   8.2663865e-11
   8.1600000e+01   6.7731539e-11
   8.1800000e+01   5.5486418e-11
   8.2000000e+01   4.5448223e-11
   8.2200000e+01   3.7221468e-11
   8.2400000e+01   3.0480813e-11
   8.2600000e+01   2.4958844e-11
   8.2800000e+01   2.0435923e-11
   8.3000000e+01   1.6731762e-11
   8.3200000e+01   1.3698877e-11
   8.3400000e+01   1.1215735e-11
   8.3600000e+01   9.1826926e-12
   8.3800000e+01   7.5181683e-12
   8.4000000e+01   6.1553648e-12
   8.4200000e+01   5.0395919e-12
   8.4400000e+01   4.1260720e-12
   8.4600000e+01   3.3781438e-12
   8.4800000e+01   2.7657911e-12
   8.5000000e+01   2.2644386e-12
   8.5200000e+01   1.8539656e-12
   8.5400000e+01   1.5178986e-12
   8.5600000e+01   1.2427503e-12
   8.5800000e+01   1.0174779e-12
   8.6000000e+01   8.3304044e-13
   8.6200000e+01   6.8203583e-13
   8.6400000e+01   5.5840371e-13
   8.6600000e+01   4.5718229e-13
   8.6800000e+01   3.7430920e-13
   8.7000000e+01   3.0645845e-13
   8.7200000e+01   2.5090696e-13
   8.7400000e+01   2.0542524e-13
   8.7600000e+01   1.6818796e-13
   8.7800000e+01   1.3770066e-13
   8.8000000e+01   1.1273976e-13
   8.8200000e+01   9.2303512e-14
   8.8400000e+01   7.5571724e-14
   8.8600000e+01   6.1872894e-14
   8.8800000e+01   5.0657241e-14
   8.9000000e+01   4.1474641e-14
   8.9200000e+01   3.3956564e-14
   8.9400000e+01   2.7801284e-14
   8.9600000e+01   2.2761766e-14
   8.9800000e+01   1.8635758e-14
   9.0000000e+01   1.5257668e-14
   9.0200000e+01   1.2491922e-14
   9.0400000e+01   1.0227521e-14
   9.0600000e+01   8.3735857e-15
   9.0800000e+01   6.8557121e-15
   9.1000000e+01   5.6129823e-15
   9.1200000e+01   4.5955213e-15
   9.1400000e+01   3.7624946e-15
   9.1600000e+01   3.0804700e-15
   9.1800000e+01   2.5220755e-15
   9.2000000e+01   2.0649008e-15
   9.2200000e+01   1.6905978e-15
   9.2400000e+01   1.3841444e-15
   9.2600000e+01   1.1332416e-15
   9.2800000e+01   9.2781974e-16
   9.3000000e+01   8.0080919e-16
