CO2 history for Greenland by Vas Petrenko
year    concentration (ppm)
1800.04	285.6314166
1800.13	286.5045118
1800.21	287.1268976
1800.29	287.2564298
1800.38	287.0744539
1800.46	284.6186912
1800.54	279.1606699
1800.63	274.4351376
1800.71	274.9383940
1800.79	279.1513132
1800.88	283.2994155
1800.96	285.6026689
1801.04	285.7314166
1801.13	286.6045118
1801.21	287.2268976
1801.29	287.3564298
1801.38	287.1744539
1801.46	284.7186912
1801.54	279.2606699
1801.63	274.5351376
1801.71	275.0383940
1801.79	279.2513132
1801.88	283.3994155
1801.96	285.7026689
1802.04	285.8314166
1802.13	286.7045118
1802.21	287.3268976
1802.29	287.4564298
1802.38	287.2744539
1802.46	284.8186912
1802.54	279.3606699
1802.63	274.6351376
1802.71	275.1383940
1802.79	279.3513132
1802.88	283.4994155
1802.96	285.8026689
1803.04	285.9314166
1803.13	286.8045118
1803.21	287.4268976
1803.29	287.5564298
1803.38	287.3744539
1803.46	284.9186912
1803.54	279.4606699
1803.63	274.7351376
1803.71	275.2383940
1803.79	279.4513132
1803.88	283.5994155
1803.96	285.9026689
1804.04	286.0314166
1804.13	286.9045118
1804.21	287.5268976
1804.29	287.6564298
1804.38	287.4744539
1804.46	285.0186912
1804.54	279.5606699
1804.63	274.8351376
1804.71	275.3383940
1804.79	279.5513132
1804.88	283.6994155
1804.96	286.0026689
1805.04	286.1314166
1805.13	287.0045118
1805.21	287.6268976
1805.29	287.7564298
1805.38	287.5744539
1805.46	285.1186912
1805.54	279.6606699
1805.63	274.9351376
1805.71	275.4383940
1805.79	279.6513132
1805.88	283.7994155
1805.96	286.1026689
1806.04	286.2114166
1806.13	287.0845118
1806.21	287.7068976
1806.29	287.8364298
1806.38	287.6544539
1806.46	285.1986912
1806.54	279.7406699
1806.63	275.0151376
1806.71	275.5183940
1806.79	279.7313132
1806.88	283.8794155
1806.96	286.1826689
1807.04	286.2914166
1807.13	287.1645118
1807.21	287.7868976
1807.29	287.9164298
1807.38	287.7344539
1807.46	285.2786912
1807.54	279.8206699
1807.63	275.0951376
1807.71	275.5983940
1807.79	279.8113132
1807.88	283.9594155
1807.96	286.2626689
1808.04	286.3714166
1808.13	287.2445118
1808.21	287.8668976
1808.29	287.9964298
1808.38	287.8144539
1808.46	285.3586912
1808.54	279.9006699
1808.63	275.1751376
1808.71	275.6783940
1808.79	279.8913132
1808.88	284.0394155
1808.96	286.3426689
1809.04	286.4514166
1809.13	287.3245118
1809.21	287.9468976
1809.29	288.0764298
1809.38	287.8944539
1809.46	285.4386912
1809.54	279.9806699
1809.63	275.2551376
1809.71	275.7583940
1809.79	279.9713132
1809.88	284.1194155
1809.96	286.4226689
1810.04	286.5314166
1810.13	287.4045118
1810.21	288.0268976
1810.29	288.1564298
1810.38	287.9744539
1810.46	285.5186912
1810.54	280.0606699
1810.63	275.3351376
1810.71	275.8383940
1810.79	280.0513132
1810.88	284.1994155
1810.96	286.5026689
1811.04	286.5714166
1811.13	287.4445118
1811.21	288.0668976
1811.29	288.1964298
1811.38	288.0144539
1811.46	285.5586912
1811.54	280.1006699
1811.63	275.3751376
1811.71	275.8783940
1811.79	280.0913132
1811.88	284.2394155
1811.96	286.5426689
1812.04	286.6114166
1812.13	287.4845118
1812.21	288.1068976
1812.29	288.2364298
1812.38	288.0544539
1812.46	285.5986912
1812.54	280.1406699
1812.63	275.4151376
1812.71	275.9183940
1812.79	280.1313132
1812.88	284.2794155
1812.96	286.5826689
1813.04	286.6514166
1813.13	287.5245118
1813.21	288.1468976
1813.29	288.2764298
1813.38	288.0944539
1813.46	285.6386912
1813.54	280.1806699
1813.63	275.4551376
1813.71	275.9583940
1813.79	280.1713132
1813.88	284.3194155
1813.96	286.6226689
1814.04	286.6914166
1814.13	287.5645118
1814.21	288.1868976
1814.29	288.3164298
1814.38	288.1344539
1814.46	285.6786912
1814.54	280.2206699
1814.63	275.4951376
1814.71	275.9983940
1814.79	280.2113132
1814.88	284.3594155
1814.96	286.6626689
1815.04	286.7314166
1815.13	287.6045118
1815.21	288.2268976
1815.29	288.3564298
1815.38	288.1744539
1815.46	285.7186912
1815.54	280.2606699
1815.63	275.5351376
1815.71	276.0383940
1815.79	280.2513132
1815.88	284.3994155
1815.96	286.7026689
1816.04	286.7714166
1816.13	287.6445118
1816.21	288.2668976
1816.29	288.3964298
1816.38	288.2144539
1816.46	285.7586912
1816.54	280.3006699
1816.63	275.5751376
1816.71	276.0783940
1816.79	280.2913132
1816.88	284.4394155
1816.96	286.7426689
1817.04	286.8114166
1817.13	287.6845118
1817.21	288.3068976
1817.29	288.4364298
1817.38	288.2544539
1817.46	285.7986912
1817.54	280.3406699
1817.63	275.6151376
1817.71	276.1183940
1817.79	280.3313132
1817.88	284.4794155
1817.96	286.7826689
1818.04	286.8514166
1818.13	287.7245118
1818.21	288.3468976
1818.29	288.4764298
1818.38	288.2944539
1818.46	285.8386912
1818.54	280.3806699
1818.63	275.6551376
1818.71	276.1583940
1818.79	280.3713132
1818.88	284.5194155
1818.96	286.8226689
1819.04	286.8914166
1819.13	287.7645118
1819.21	288.3868976
1819.29	288.5164298
1819.38	288.3344539
1819.46	285.8786912
1819.54	280.4206699
1819.63	275.6951376
1819.71	276.1983940
1819.79	280.4113132
1819.88	284.5594155
1819.96	286.8626689
1820.04	286.9314166
1820.13	287.8045118
1820.21	288.4268976
1820.29	288.5564298
1820.38	288.3744539
1820.46	285.9186912
1820.54	280.4606699
1820.63	275.7351376
1820.71	276.2383940
1820.79	280.4513132
1820.88	284.5994155
1820.96	286.9026689
1821.04	286.9514166
1821.13	287.8245118
1821.21	288.4468976
1821.29	288.5764298
1821.38	288.3944539
1821.46	285.9386912
1821.54	280.4806699
1821.63	275.7551376
1821.71	276.2583940
1821.79	280.4713132
1821.88	284.6194155
1821.96	286.9226689
1822.04	286.9714166
1822.13	287.8445118
1822.21	288.4668976
1822.29	288.5964298
1822.38	288.4144539
1822.46	285.9586912
1822.54	280.5006699
1822.63	275.7751376
1822.71	276.2783940
1822.79	280.4913132
1822.88	284.6394155
1822.96	286.9426689
1823.04	286.9914166
1823.13	287.8645118
1823.21	288.4868976
1823.29	288.6164298
1823.38	288.4344539
1823.46	285.9786912
1823.54	280.5206699
1823.63	275.7951376
1823.71	276.2983940
1823.79	280.5113132
1823.88	284.6594155
1823.96	286.9626689
1824.04	287.0114166
1824.13	287.8845118
1824.21	288.5068976
1824.29	288.6364298
1824.38	288.4544539
1824.46	285.9986912
1824.54	280.5406699
1824.63	275.8151376
1824.71	276.3183940
1824.79	280.5313132
1824.88	284.6794155
1824.96	286.9826689
1825.04	287.0314166
1825.13	287.9045118
1825.21	288.5268976
1825.29	288.6564298
1825.38	288.4744539
1825.46	286.0186912
1825.54	280.5606699
1825.63	275.8351376
1825.71	276.3383940
1825.79	280.5513132
1825.88	284.6994155
1825.96	287.0026689
1826.04	287.0514166
1826.13	287.9245118
1826.21	288.5468976
1826.29	288.6764298
1826.38	288.4944539
1826.46	286.0386912
1826.54	280.5806699
1826.63	275.8551376
1826.71	276.3583940
1826.79	280.5713132
1826.88	284.7194155
1826.96	287.0226689
1827.04	287.0714166
1827.13	287.9445118
1827.21	288.5668976
1827.29	288.6964298
1827.38	288.5144539
1827.46	286.0586912
1827.54	280.6006699
1827.63	275.8751376
1827.71	276.3783940
1827.79	280.5913132
1827.88	284.7394155
1827.96	287.0426689
1828.04	287.0914166
1828.13	287.9645118
1828.21	288.5868976
1828.29	288.7164298
1828.38	288.5344539
1828.46	286.0786912
1828.54	280.6206699
1828.63	275.8951376
1828.71	276.3983940
1828.79	280.6113132
1828.88	284.7594155
1828.96	287.0626689
1829.04	287.1114166
1829.13	287.9845118
1829.21	288.6068976
1829.29	288.7364298
1829.38	288.5544539
1829.46	286.0986912
1829.54	280.6406699
1829.63	275.9151376
1829.71	276.4183940
1829.79	280.6313132
1829.88	284.7794155
1829.96	287.0826689
1830.04	287.1314166
1830.13	288.0045118
1830.21	288.6268976
1830.29	288.7564298
1830.38	288.5744539
1830.46	286.1186912
1830.54	280.6606699
1830.63	275.9351376
1830.71	276.4383940
1830.79	280.6513132
1830.88	284.7994155
1830.96	287.1026689
1831.04	287.0814166
1831.13	287.9545118
1831.21	288.5768976
1831.29	288.7064298
1831.38	288.5244539
1831.46	286.0686912
1831.54	280.6106699
1831.63	275.8851376
1831.71	276.3883940
1831.79	280.6013132
1831.88	284.7494155
1831.96	287.0526689
1832.04	287.0314166
1832.13	287.9045118
1832.21	288.5268976
1832.29	288.6564298
1832.38	288.4744539
1832.46	286.0186912
1832.54	280.5606699
1832.63	275.8351376
1832.71	276.3383940
1832.79	280.5513132
1832.88	284.6994155
1832.96	287.0026689
1833.04	286.8314166
1833.13	287.7045118
1833.21	288.3268976
1833.29	288.4564298
1833.38	288.2744539
1833.46	285.8186912
1833.54	280.3606699
1833.63	275.6351376
1833.71	276.1383940
1833.79	280.3513132
1833.88	284.4994155
1833.96	286.8026689
1834.04	286.7314166
1834.13	287.6045118
1834.21	288.2268976
1834.29	288.3564298
1834.38	288.1744539
1834.46	285.7186912
1834.54	280.2606699
1834.63	275.5351376
1834.71	276.0383940
1834.79	280.2513132
1834.88	284.3994155
1834.96	286.7026689
1835.04	286.5314166
1835.13	287.4045118
1835.21	288.0268976
1835.29	288.1564298
1835.38	287.9744539
1835.46	285.5186912
1835.54	280.0606699
1835.63	275.3351376
1835.71	275.8383940
1835.79	280.0513132
1835.88	284.1994155
1835.96	286.5026689
1836.04	286.4314166
1836.13	287.3045118
1836.21	287.9268976
1836.29	288.0564298
1836.38	287.8744539
1836.46	285.4186912
1836.54	279.9606699
1836.63	275.2351376
1836.71	275.7383940
1836.79	279.9513132
1836.88	284.0994155
1836.96	286.4026689
1837.04	286.2314166
1837.13	287.1045118
1837.21	287.7268976
1837.29	287.8564298
1837.38	287.6744539
1837.46	285.2186912
1837.54	279.7606699
1837.63	275.0351376
1837.71	275.5383940
1837.79	279.7513132
1837.88	283.8994155
1837.96	286.2026689
1838.04	286.1314166
1838.13	287.0045118
1838.21	287.6268976
1838.29	287.7564298
1838.38	287.5744539
1838.46	285.1186912
1838.54	279.6606699
1838.63	274.9351376
1838.71	275.4383940
1838.79	279.6513132
1838.88	283.7994155
1838.96	286.1026689
1839.04	286.1314166
1839.13	287.0045118
1839.21	287.6268976
1839.29	287.7564298
1839.38	287.5744539
1839.46	285.1186912
1839.54	279.6606699
1839.63	274.9351376
1839.71	275.4383940
1839.79	279.6513132
1839.88	283.7994155
1839.96	286.1026689
1840.04	286.1314166
1840.13	287.0045118
1840.21	287.6268976
1840.29	287.7564298
1840.38	287.5744539
1840.46	285.1186912
1840.54	279.6606699
1840.63	274.9351376
1840.71	275.4383940
1840.79	279.6513132
1840.88	283.7994155
1840.96	286.1026689
1841.04	286.1314166
1841.13	287.0045118
1841.21	287.6268976
1841.29	287.7564298
1841.38	287.5744539
1841.46	285.1186912
1841.54	279.6606699
1841.63	274.9351376
1841.71	275.4383940
1841.79	279.6513132
1841.88	283.7994155
1841.96	286.1026689
1842.04	286.2314166
1842.13	287.1045118
1842.21	287.7268976
1842.29	287.8564298
1842.38	287.6744539
1842.46	285.2186912
1842.54	279.7606699
1842.63	275.0351376
1842.71	275.5383940
1842.79	279.7513132
1842.88	283.8994155
1842.96	286.2026689
1843.04	286.3314166
1843.13	287.2045118
1843.21	287.8268976
1843.29	287.9564298
1843.38	287.7744539
1843.46	285.3186912
1843.54	279.8606699
1843.63	275.1351376
1843.71	275.6383940
1843.79	279.8513132
1843.88	283.9994155
1843.96	286.3026689
1844.04	286.4314166
1844.13	287.3045118
1844.21	287.9268976
1844.29	288.0564298
1844.38	287.8744539
1844.46	285.4186912
1844.54	279.9606699
1844.63	275.2351376
1844.71	275.7383940
1844.79	279.9513132
1844.88	284.0994155
1844.96	286.4026689
1845.04	286.6314166
1845.13	287.5045118
1845.21	288.1268976
1845.29	288.2564298
1845.38	288.0744539
1845.46	285.6186912
1845.54	280.1606699
1845.63	275.4351376
1845.71	275.9383940
1845.79	280.1513132
1845.88	284.2994155
1845.96	286.6026689
1846.04	286.8314166
1846.13	287.7045118
1846.21	288.3268976
1846.29	288.4564298
1846.38	288.2744539
1846.46	285.8186912
1846.54	280.3606699
1846.63	275.6351376
1846.71	276.1383940
1846.79	280.3513132
1846.88	284.4994155
1846.96	286.8026689
1847.04	286.9314166
1847.13	287.8045118
1847.21	288.4268976
1847.29	288.5564298
1847.38	288.3744539
1847.46	285.9186912
1847.54	280.4606699
1847.63	275.7351376
1847.71	276.2383940
1847.79	280.4513132
1847.88	284.5994155
1847.96	286.9026689
1848.04	287.1314166
1848.13	288.0045118
1848.21	288.6268976
1848.29	288.7564298
1848.38	288.5744539
1848.46	286.1186912
1848.54	280.6606699
1848.63	275.9351376
1848.71	276.4383940
1848.79	280.6513132
1848.88	284.7994155
1848.96	287.1026689
1849.04	287.3314166
1849.13	288.2045118
1849.21	288.8268976
1849.29	288.9564298
1849.38	288.7744539
1849.46	286.3186912
1849.54	280.8606699
1849.63	276.1351376
1849.71	276.6383940
1849.79	280.8513132
1849.88	284.9994155
1849.96	287.3026689
1850.04	287.4314166
1850.13	288.3045118
1850.21	288.9268976
1850.29	289.0564298
1850.38	288.8744539
1850.46	286.4186912
1850.54	280.9606699
1850.63	276.2351376
1850.71	276.7383940
1850.79	280.9513132
1850.88	285.0994155
1850.96	287.4026689
1851.04	287.6314166
1851.13	288.5045118
1851.21	289.1268976
1851.29	289.2564298
1851.38	289.0744539
1851.46	286.6186912
1851.54	281.1606699
1851.63	276.4351376
1851.71	276.9383940
1851.79	281.1513132
1851.88	285.2994155
1851.96	287.6026689
1852.04	287.7314166
1852.13	288.6045118
1852.21	289.2268976
1852.29	289.3564298
1852.38	289.1744539
1852.46	286.7186912
1852.54	281.2606699
1852.63	276.5351376
1852.71	277.0383940
1852.79	281.2513132
1852.88	285.3994155
1852.96	287.7026689
1853.04	287.8314166
1853.13	288.7045118
1853.21	289.3268976
1853.29	289.4564298
1853.38	289.2744539
1853.46	286.8186912
1853.54	281.3606699
1853.63	276.6351376
1853.71	277.1383940
1853.79	281.3513132
1853.88	285.4994155
1853.96	287.8026689
1854.04	288.0314166
1854.13	288.9045118
1854.21	289.5268976
1854.29	289.6564298
1854.38	289.4744539
1854.46	287.0186912
1854.54	281.5606699
1854.63	276.8351376
1854.71	277.3383940
1854.79	281.5513132
1854.88	285.6994155
1854.96	288.0026689
1855.04	288.1314166
1855.13	289.0045118
1855.21	289.6268976
1855.29	289.7564298
1855.38	289.5744539
1855.46	287.1186912
1855.54	281.6606699
1855.63	276.9351376
1855.71	277.4383940
1855.79	281.6513132
1855.88	285.7994155
1855.96	288.1026689
1856.04	288.3314166
1856.13	289.2045118
1856.21	289.8268976
1856.29	289.9564298
1856.38	289.7744539
1856.46	287.3186912
1856.54	281.8606699
1856.63	277.1351376
1856.71	277.6383940
1856.79	281.8513132
1856.88	285.9994155
1856.96	288.3026689
1857.04	288.4314166
1857.13	289.3045118
1857.21	289.9268976
1857.29	290.0564298
1857.38	289.8744539
1857.46	287.4186912
1857.54	281.9606699
1857.63	277.2351376
1857.71	277.7383940
1857.79	281.9513132
1857.88	286.0994155
1857.96	288.4026689
1858.04	288.6314166
1858.13	289.5045118
1858.21	290.1268976
1858.29	290.2564298
1858.38	290.0744539
1858.46	287.6186912
1858.54	282.1606699
1858.63	277.4351376
1858.71	277.9383940
1858.79	282.1513132
1858.88	286.2994155
1858.96	288.6026689
1859.04	288.8314166
1859.13	289.7045118
1859.21	290.3268976
1859.29	290.4564298
1859.38	290.2744539
1859.46	287.8186912
1859.54	282.3606699
1859.63	277.6351376
1859.71	278.1383940
1859.79	282.3513132
1859.88	286.4994155
1859.96	288.8026689
1860.04	288.9314166
1860.13	289.8045118
1860.21	290.4268976
1860.29	290.5564298
1860.38	290.3744539
1860.46	287.9186912
1860.54	282.4606699
1860.63	277.7351376
1860.71	278.2383940
1860.79	282.4513132
1860.88	286.5994155
1860.96	288.9026689
1861.04	289.1314166
1861.13	290.0045118
1861.21	290.6268976
1861.29	290.7564298
1861.38	290.5744539
1861.46	288.1186912
1861.54	282.6606699
1861.63	277.9351376
1861.71	278.4383940
1861.79	282.6513132
1861.88	286.7994155
1861.96	289.1026689
1862.04	289.2314166
1862.13	290.1045118
1862.21	290.7268976
1862.29	290.8564298
1862.38	290.6744539
1862.46	288.2186912
1862.54	282.7606699
1862.63	278.0351376
1862.71	278.5383940
1862.79	282.7513132
1862.88	286.8994155
1862.96	289.2026689
1863.04	289.3314166
1863.13	290.2045118
1863.21	290.8268976
1863.29	290.9564298
1863.38	290.7744539
1863.46	288.3186912
1863.54	282.8606699
1863.63	278.1351376
1863.71	278.6383940
1863.79	282.8513132
1863.88	286.9994155
1863.96	289.3026689
1864.04	289.5314166
1864.13	290.4045118
1864.21	291.0268976
1864.29	291.1564298
1864.38	290.9744539
1864.46	288.5186912
1864.54	283.0606699
1864.63	278.3351376
1864.71	278.8383940
1864.79	283.0513132
1864.88	287.1994155
1864.96	289.5026689
1865.04	289.6314166
1865.13	290.5045118
1865.21	291.1268976
1865.29	291.2564298
1865.38	291.0744539
1865.46	288.6186912
1865.54	283.1606699
1865.63	278.4351376
1865.71	278.9383940
1865.79	283.1513132
1865.88	287.2994155
1865.96	289.6026689
1866.04	289.7314166
1866.13	290.6045118
1866.21	291.2268976
1866.29	291.3564298
1866.38	291.1744539
1866.46	288.7186912
1866.54	283.2606699
1866.63	278.5351376
1866.71	279.0383940
1866.79	283.2513132
1866.88	287.3994155
1866.96	289.7026689
1867.04	289.8314166
1867.13	290.7045118
1867.21	291.3268976
1867.29	291.4564298
1867.38	291.2744539
1867.46	288.8186912
1867.54	283.3606699
1867.63	278.6351376
1867.71	279.1383940
1867.79	283.3513132
1867.88	287.4994155
1867.96	289.8026689
1868.04	289.9314166
1868.13	290.8045118
1868.21	291.4268976
1868.29	291.5564298
1868.38	291.3744539
1868.46	288.9186912
1868.54	283.4606699
1868.63	278.7351376
1868.71	279.2383940
1868.79	283.4513132
1868.88	287.5994155
1868.96	289.9026689
1869.04	290.1314166
1869.13	291.0045118
1869.21	291.6268976
1869.29	291.7564298
1869.38	291.5744539
1869.46	289.1186912
1869.54	283.6606699
1869.63	278.9351376
1869.71	279.4383940
1869.79	283.6513132
1869.88	287.7994155
1869.96	290.1026689
1870.04	290.2314166
1870.13	291.1045118
1870.21	291.7268976
1870.29	291.8564298
1870.38	291.6744539
1870.46	289.2186912
1870.54	283.7606699
1870.63	279.0351376
1870.71	279.5383940
1870.79	283.7513132
1870.88	287.8994155
1870.96	290.2026689
1871.04	290.4314166
1871.13	291.3045118
1871.21	291.9268976
1871.29	292.0564298
1871.38	291.8744539
1871.46	289.4186912
1871.54	283.9606699
1871.63	279.2351376
1871.71	279.7383940
1871.79	283.9513132
1871.88	288.0994155
1871.96	290.4026689
1872.04	290.6314166
1872.13	291.5045118
1872.21	292.1268976
1872.29	292.2564298
1872.38	292.0744539
1872.46	289.6186912
1872.54	284.1606699
1872.63	279.4351376
1872.71	279.9383940
1872.79	284.1513132
1872.88	288.2994155
1872.96	290.6026689
1873.04	290.8314166
1873.13	291.7045118
1873.21	292.3268976
1873.29	292.4564298
1873.38	292.2744539
1873.46	289.8186912
1873.54	284.3606699
1873.63	279.6351376
1873.71	280.1383940
1873.79	284.3513132
1873.88	288.4994155
1873.96	290.8026689
1874.04	291.1314166
1874.13	292.0045118
1874.21	292.6268976
1874.29	292.7564298
1874.38	292.5744539
1874.46	290.1186912
1874.54	284.6606699
1874.63	279.9351376
1874.71	280.4383940
1874.79	284.6513132
1874.88	288.7994155
1874.96	291.1026689
1875.04	291.4314166
1875.13	292.3045118
1875.21	292.9268976
1875.29	293.0564298
1875.38	292.8744539
1875.46	290.4186912
1875.54	284.9606699
1875.63	280.2351376
1875.71	280.7383940
1875.79	284.9513132
1875.88	289.0994155
1875.96	291.4026689
1876.04	291.7314166
1876.13	292.6045118
1876.21	293.2268976
1876.29	293.3564298
1876.38	293.1744539
1876.46	290.7186912
1876.54	285.2606699
1876.63	280.5351376
1876.71	281.0383940
1876.79	285.2513132
1876.88	289.3994155
1876.96	291.7026689
1877.04	292.1314166
1877.13	293.0045118
1877.21	293.6268976
1877.29	293.7564298
1877.38	293.5744539
1877.46	291.1186912
1877.54	285.6606699
1877.63	280.9351376
1877.71	281.4383940
1877.79	285.6513132
1877.88	289.7994155
1877.96	292.1026689
1878.04	292.5314166
1878.13	293.4045118
1878.21	294.0268976
1878.29	294.1564298
1878.38	293.9744539
1878.46	291.5186912
1878.54	286.0606699
1878.63	281.3351376
1878.71	281.8383940
1878.79	286.0513132
1878.88	290.1994155
1878.96	292.5026689
1879.04	292.9314166
1879.13	293.8045118
1879.21	294.4268976
1879.29	294.5564298
1879.38	294.3744539
1879.46	291.9186912
1879.54	286.4606699
1879.63	281.7351376
1879.71	282.2383940
1879.79	286.4513132
1879.88	290.5994155
1879.96	292.9026689
1880.04	293.4314166
1880.13	294.3045118
1880.21	294.9268976
1880.29	295.0564298
1880.38	294.8744539
1880.46	292.4186912
1880.54	286.9606699
1880.63	282.2351376
1880.71	282.7383940
1880.79	286.9513132
1880.88	291.0994155
1880.96	293.4026689
1881.04	293.9314166
1881.13	294.8045118
1881.21	295.4268976
1881.29	295.5564298
1881.38	295.3744539
1881.46	292.9186912
1881.54	287.4606699
1881.63	282.7351376
1881.71	283.2383940
1881.79	287.4513132
1881.88	291.5994155
1881.96	293.9026689
1882.04	294.4314166
1882.13	295.3045118
1882.21	295.9268976
1882.29	296.0564298
1882.38	295.8744539
1882.46	293.4186912
1882.54	287.9606699
1882.63	283.2351376
1882.71	283.7383940
1882.79	287.9513132
1882.88	292.0994155
1882.96	294.4026689
1883.04	294.8314166
1883.13	295.7045118
1883.21	296.3268976
1883.29	296.4564298
1883.38	296.2744539
1883.46	293.8186912
1883.54	288.3606699
1883.63	283.6351376
1883.71	284.1383940
1883.79	288.3513132
1883.88	292.4994155
1883.96	294.8026689
1884.04	295.3314166
1884.13	296.2045118
1884.21	296.8268976
1884.29	296.9564298
1884.38	296.7744539
1884.46	294.3186912
1884.54	288.8606699
1884.63	284.1351376
1884.71	284.6383940
1884.79	288.8513132
1884.88	292.9994155
1884.96	295.3026689
1885.04	295.7314166
1885.13	296.6045118
1885.21	297.2268976
1885.29	297.3564298
1885.38	297.1744539
1885.46	294.7186912
1885.54	289.2606699
1885.63	284.5351376
1885.71	285.0383940
1885.79	289.2513132
1885.88	293.3994155
1885.96	295.7026689
1886.04	296.0314166
1886.13	296.9045118
1886.21	297.5268976
1886.29	297.6564298
1886.38	297.4744539
1886.46	295.0186912
1886.54	289.5606699
1886.63	284.8351376
1886.71	285.3383940
1886.79	289.5513132
1886.88	293.6994155
1886.96	296.0026689
1887.04	296.3314166
1887.13	297.2045118
1887.21	297.8268976
1887.29	297.9564298
1887.38	297.7744539
1887.46	295.3186912
1887.54	289.8606699
1887.63	285.1351376
1887.71	285.6383940
1887.79	289.8513132
1887.88	293.9994155
1887.96	296.3026689
1888.04	296.5314166
1888.13	297.4045118
1888.21	298.0268976
1888.29	298.1564298
1888.38	297.9744539
1888.46	295.5186912
1888.54	290.0606699
1888.63	285.3351376
1888.71	285.8383940
1888.79	290.0513132
1888.88	294.1994155
1888.96	296.5026689
1889.04	296.7314166
1889.13	297.6045118
1889.21	298.2268976
1889.29	298.3564298
1889.38	298.1744539
1889.46	295.7186912
1889.54	290.2606699
1889.63	285.5351376
1889.71	286.0383940
1889.79	290.2513132
1889.88	294.3994155
1889.96	296.7026689
1890.04	296.9314166
1890.13	297.8045118
1890.21	298.4268976
1890.29	298.5564298
1890.38	298.3744539
1890.46	295.9186912
1890.54	290.4606699
1890.63	285.7351376
1890.71	286.2383940
1890.79	290.4513132
1890.88	294.5994155
1890.96	296.9026689
1891.04	297.0314166
1891.13	297.9045118
1891.21	298.5268976
1891.29	298.6564298
1891.38	298.4744539
1891.46	296.0186912
1891.54	290.5606699
1891.63	285.8351376
1891.71	286.3383940
1891.79	290.5513132
1891.88	294.6994155
1891.96	297.0026689
1892.04	297.2314166
1892.13	298.1045118
1892.21	298.7268976
1892.29	298.8564298
1892.38	298.6744539
1892.46	296.2186912
1892.54	290.7606699
1892.63	286.0351376
1892.71	286.5383940
1892.79	290.7513132
1892.88	294.8994155
1892.96	297.2026689
1893.04	297.3314166
1893.13	298.2045118
1893.21	298.8268976
1893.29	298.9564298
1893.38	298.7744539
1893.46	296.3186912
1893.54	290.8606699
1893.63	286.1351376
1893.71	286.6383940
1893.79	290.8513132
1893.88	294.9994155
1893.96	297.3026689
1894.04	297.4314166
1894.13	298.3045118
1894.21	298.9268976
1894.29	299.0564298
1894.38	298.8744539
1894.46	296.4186912
1894.54	290.9606699
1894.63	286.2351376
1894.71	286.7383940
1894.79	290.9513132
1894.88	295.0994155
1894.96	297.4026689
1895.04	297.5314166
1895.13	298.4045118
1895.21	299.0268976
1895.29	299.1564298
1895.38	298.9744539
1895.46	296.5186912
1895.54	291.0606699
1895.63	286.3351376
1895.71	286.8383940
1895.79	291.0513132
1895.88	295.1994155
1895.96	297.5026689
1896.04	297.6314166
1896.13	298.5045118
1896.21	299.1268976
1896.29	299.2564298
1896.38	299.0744539
1896.46	296.6186912
1896.54	291.1606699
1896.63	286.4351376
1896.71	286.9383940
1896.79	291.1513132
1896.88	295.2994155
1896.96	297.6026689
1897.04	297.7314166
1897.13	298.6045118
1897.21	299.2268976
1897.29	299.3564298
1897.38	299.1744539
1897.46	296.7186912
1897.54	291.2606699
1897.63	286.5351376
1897.71	287.0383940
1897.79	291.2513132
1897.88	295.3994155
1897.96	297.7026689
1898.04	297.9314166
1898.13	298.8045118
1898.21	299.4268976
1898.29	299.5564298
1898.38	299.3744539
1898.46	296.9186912
1898.54	291.4606699
1898.63	286.7351376
1898.71	287.2383940
1898.79	291.4513132
1898.88	295.5994155
1898.96	297.9026689
1899.04	298.2314166
1899.13	299.1045118
1899.21	299.7268976
1899.29	299.8564298
1899.38	299.6744539
1899.46	297.2186912
1899.54	291.7606699
1899.63	287.0351376
1899.71	287.5383940
1899.79	291.7513132
1899.88	295.8994155
1899.96	298.2026689
1900.04	298.5314166
1900.13	299.4045118
1900.21	300.0268976
1900.29	300.1564298
1900.38	299.9744539
1900.46	297.5186912
1900.54	292.0606699
1900.63	287.3351376
1900.71	287.8383940
1900.79	292.0513132
1900.88	296.1994155
1900.96	298.5026689
1901.04	298.8314166
1901.13	299.7045118
1901.21	300.3268976
1901.29	300.4564298
1901.38	300.2744539
1901.46	297.8186912
1901.54	292.3606699
1901.63	287.6351376
1901.71	288.1383940
1901.79	292.3513132
1901.88	296.4994155
1901.96	298.8026689
1902.04	299.2314166
1902.13	300.1045118
1902.21	300.7268976
1902.29	300.8564298
1902.38	300.6744539
1902.46	298.2186912
1902.54	292.7606699
1902.63	288.0351376
1902.71	288.5383940
1902.79	292.7513132
1902.88	296.8994155
1902.96	299.2026689
1903.04	299.5314166
1903.13	300.4045118
1903.21	301.0268976
1903.29	301.1564298
1903.38	300.9744539
1903.46	298.5186912
1903.54	293.0606699
1903.63	288.3351376
1903.71	288.8383940
1903.79	293.0513132
1903.88	297.1994155
1903.96	299.5026689
1904.04	299.9314166
1904.13	300.8045118
1904.21	301.4268976
1904.29	301.5564298
1904.38	301.3744539
1904.46	298.9186912
1904.54	293.4606699
1904.63	288.7351376
1904.71	289.2383940
1904.79	293.4513132
1904.88	297.5994155
1904.96	299.9026689
1905.04	300.3314166
1905.13	301.2045118
1905.21	301.8268976
1905.29	301.9564298
1905.38	301.7744539
1905.46	299.3186912
1905.54	293.8606699
1905.63	289.1351376
1905.71	289.6383940
1905.79	293.8513132
1905.88	297.9994155
1905.96	300.3026689
1906.04	300.8314166
1906.13	301.7045118
1906.21	302.3268976
1906.29	302.4564298
1906.38	302.2744539
1906.46	299.8186912
1906.54	294.3606699
1906.63	289.6351376
1906.71	290.1383940
1906.79	294.3513132
1906.88	298.4994155
1906.96	300.8026689
1907.04	301.2314166
1907.13	302.1045118
1907.21	302.7268976
1907.29	302.8564298
1907.38	302.6744539
1907.46	300.2186912
1907.54	294.7606699
1907.63	290.0351376
1907.71	290.5383940
1907.79	294.7513132
1907.88	298.8994155
1907.96	301.2026689
1908.04	301.6314166
1908.13	302.5045118
1908.21	303.1268976
1908.29	303.2564298
1908.38	303.0744539
1908.46	300.6186912
1908.54	295.1606699
1908.63	290.4351376
1908.71	290.9383940
1908.79	295.1513132
1908.88	299.2994155
1908.96	301.6026689
1909.04	302.0314166
1909.13	302.9045118
1909.21	303.5268976
1909.29	303.6564298
1909.38	303.4744539
1909.46	301.0186912
1909.54	295.5606699
1909.63	290.8351376
1909.71	291.3383940
1909.79	295.5513132
1909.88	299.6994155
1909.96	302.0026689
1910.04	302.4314166
1910.13	303.3045118
1910.21	303.9268976
1910.29	304.0564298
1910.38	303.8744539
1910.46	301.4186912
1910.54	295.9606699
1910.63	291.2351376
1910.71	291.7383940
1910.79	295.9513132
1910.88	300.0994155
1910.96	302.4026689
1911.04	302.8314166
1911.13	303.7045118
1911.21	304.3268976
1911.29	304.4564298
1911.38	304.2744539
1911.46	301.8186912
1911.54	296.3606699
1911.63	291.6351376
1911.71	292.1383940
1911.79	296.3513132
1911.88	300.4994155
1911.96	302.8026689
1912.04	303.1314166
1912.13	304.0045118
1912.21	304.6268976
1912.29	304.7564298
1912.38	304.5744539
1912.46	302.1186912
1912.54	296.6606699
1912.63	291.9351376
1912.71	292.4383940
1912.79	296.6513132
1912.88	300.7994155
1912.96	303.1026689
1913.04	303.5314166
1913.13	304.4045118
1913.21	305.0268976
1913.29	305.1564298
1913.38	304.9744539
1913.46	302.5186912
1913.54	297.0606699
1913.63	292.3351376
1913.71	292.8383940
1913.79	297.0513132
1913.88	301.1994155
1913.96	303.5026689
1914.04	303.8314166
1914.13	304.7045118
1914.21	305.3268976
1914.29	305.4564298
1914.38	305.2744539
1914.46	302.8186912
1914.54	297.3606699
1914.63	292.6351376
1914.71	293.1383940
1914.79	297.3513132
1914.88	301.4994155
1914.96	303.8026689
1915.04	304.1314166
1915.13	305.0045118
1915.21	305.6268976
1915.29	305.7564298
1915.38	305.5744539
1915.46	303.1186912
1915.54	297.6606699
1915.63	292.9351376
1915.71	293.4383940
1915.79	297.6513132
1915.88	301.7994155
1915.96	304.1026689
1916.04	304.4314166
1916.13	305.3045118
1916.21	305.9268976
1916.29	306.0564298
1916.38	305.8744539
1916.46	303.4186912
1916.54	297.9606699
1916.63	293.2351376
1916.71	293.7383940
1916.79	297.9513132
1916.88	302.0994155
1916.96	304.4026689
1917.04	304.8314166
1917.13	305.7045118
1917.21	306.3268976
1917.29	306.4564298
1917.38	306.2744539
1917.46	303.8186912
1917.54	298.3606699
1917.63	293.6351376
1917.71	294.1383940
1917.79	298.3513132
1917.88	302.4994155
1917.96	304.8026689
1918.04	305.1314166
1918.13	306.0045118
1918.21	306.6268976
1918.29	306.7564298
1918.38	306.5744539
1918.46	304.1186912
1918.54	298.6606699
1918.63	293.9351376
1918.71	294.4383940
1918.79	298.6513132
1918.88	302.7994155
1918.96	305.1026689
1919.04	305.4314166
1919.13	306.3045118
1919.21	306.9268976
1919.29	307.0564298
1919.38	306.8744539
1919.46	304.4186912
1919.54	298.9606699
1919.63	294.2351376
1919.71	294.7383940
1919.79	298.9513132
1919.88	303.0994155
1919.96	305.4026689
1920.04	305.7314166
1920.13	306.6045118
1920.21	307.2268976
1920.29	307.3564298
1920.38	307.1744539
1920.46	304.7186912
1920.54	299.2606699
1920.63	294.5351376
1920.71	295.0383940
1920.79	299.2513132
1920.88	303.3994155
1920.96	305.7026689
1921.04	306.1314166
1921.13	307.0045118
1921.21	307.6268976
1921.29	307.7564298
1921.38	307.5744539
1921.46	305.1186912
1921.54	299.6606699
1921.63	294.9351376
1921.71	295.4383940
1921.79	299.6513132
1921.88	303.7994155
1921.96	306.1026689
1922.04	306.5314166
1922.13	307.4045118
1922.21	308.0268976
1922.29	308.1564298
1922.38	307.9744539
1922.46	305.5186912
1922.54	300.0606699
1922.63	295.3351376
1922.71	295.8383940
1922.79	300.0513132
1922.88	304.1994155
1922.96	306.5026689
1923.04	306.8314166
1923.13	307.7045118
1923.21	308.3268976
1923.29	308.4564298
1923.38	308.2744539
1923.46	305.8186912
1923.54	300.3606699
1923.63	295.6351376
1923.71	296.1383940
1923.79	300.3513132
1923.88	304.4994155
1923.96	306.8026689
1924.04	307.2314166
1924.13	308.1045118
1924.21	308.7268976
1924.29	308.8564298
1924.38	308.6744539
1924.46	306.2186912
1924.54	300.7606699
1924.63	296.0351376
1924.71	296.5383940
1924.79	300.7513132
1924.88	304.8994155
1924.96	307.2026689
1925.04	307.7314166
1925.13	308.6045118
1925.21	309.2268976
1925.29	309.3564298
1925.38	309.1744539
1925.46	306.7186912
1925.54	301.2606699
1925.63	296.5351376
1925.71	297.0383940
1925.79	301.2513132
1925.88	305.3994155
1925.96	307.7026689
1926.04	308.1314166
1926.13	309.0045118
1926.21	309.6268976
1926.29	309.7564298
1926.38	309.5744539
1926.46	307.1186912
1926.54	301.6606699
1926.63	296.9351376
1926.71	297.4383940
1926.79	301.6513132
1926.88	305.7994155
1926.96	308.1026689
1927.04	308.5314166
1927.13	309.4045118
1927.21	310.0268976
1927.29	310.1564298
1927.38	309.9744539
1927.46	307.5186912
1927.54	302.0606699
1927.63	297.3351376
1927.71	297.8383940
1927.79	302.0513132
1927.88	306.1994155
1927.96	308.5026689
1928.04	309.0314166
1928.13	309.9045118
1928.21	310.5268976
1928.29	310.6564298
1928.38	310.4744539
1928.46	308.0186912
1928.54	302.5606699
1928.63	297.8351376
1928.71	298.3383940
1928.79	302.5513132
1928.88	306.6994155
1928.96	309.0026689
1929.04	309.5314166
1929.13	310.4045118
1929.21	311.0268976
1929.29	311.1564298
1929.38	310.9744539
1929.46	308.5186912
1929.54	303.0606699
1929.63	298.3351376
1929.71	298.8383940
1929.79	303.0513132
1929.88	307.1994155
1929.96	309.5026689
1930.04	309.9314166
1930.13	310.8045118
1930.21	311.4268976
1930.29	311.5564298
1930.38	311.3744539
1930.46	308.9186912
1930.54	303.4606699
1930.63	298.7351376
1930.71	299.2383940
1930.79	303.4513132
1930.88	307.5994155
1930.96	309.9026689
1931.04	310.4252320
1931.13	311.2983273
1931.21	311.9207131
1931.29	312.0502453
1931.38	311.8682694
1931.46	309.4125067
1931.54	303.9544854
1931.63	299.2289530
1931.71	299.7322095
1931.79	303.9451287
1931.88	308.0932310
1931.96	310.3964843
1932.04	310.9661670
1932.13	311.8392622
1932.21	312.4616480
1932.29	312.5911802
1932.38	312.4092044
1932.46	309.9534417
1932.54	304.4954204
1932.63	299.7698880
1932.71	300.2731444
1932.79	304.4860637
1932.88	308.6341659
1932.96	310.9374193
1933.04	311.4071019
1933.13	312.2801972
1933.21	312.9025830
1933.29	313.0321152
1933.38	312.8501393
1933.46	310.3943766
1933.54	304.9363553
1933.63	300.2108229
1933.71	300.7140794
1933.79	304.9269986
1933.88	309.0751009
1933.96	311.3783543
1934.04	311.8480369
1934.13	312.7211321
1934.21	313.3435179
1934.29	313.4730501
1934.38	313.2910743
1934.46	310.8353116
1934.54	305.3772903
1934.63	300.6517579
1934.71	301.1550143
1934.79	305.3679336
1934.88	309.5160358
1934.96	311.8192892
1935.04	312.2889719
1935.13	313.1620671
1935.21	313.7844529
1935.29	313.9139851
1935.38	313.7320092
1935.46	311.2762465
1935.54	305.8182252
1935.63	301.0926929
1935.71	301.5959493
1935.79	305.8088685
1935.88	309.9569708
1935.96	312.2602242
1936.04	312.7299068
1936.13	313.6030020
1936.21	314.2253879
1936.29	314.3549201
1936.38	314.1729442
1936.46	311.7171815
1936.54	306.2591602
1936.63	301.5336278
1936.71	302.0368842
1936.79	306.2498035
1936.88	310.3979057
1936.96	312.7011591
1937.04	312.9708418
1937.13	313.8439370
1937.21	314.4663228
1937.29	314.5958550
1937.38	314.4138791
1937.46	311.9581164
1937.54	306.5000952
1937.63	301.7745628
1937.71	302.2778192
1937.79	306.4907385
1937.88	310.6388407
1937.96	312.9420941
1938.04	313.2117767
1938.13	314.0848720
1938.21	314.7072578
1938.29	314.8367900
1938.38	314.6548141
1938.46	312.1990514
1938.54	306.7410301
1938.63	302.0154977
1938.71	302.5187542
1938.79	306.7316734
1938.88	310.8797757
1938.96	313.1830290
1939.04	313.3527117
1939.13	314.2258069
1939.21	314.8481927
1939.29	314.9777249
1939.38	314.7957490
1939.46	312.3399864
1939.54	306.8819651
1939.63	302.1564327
1939.71	302.6596891
1939.79	306.8726084
1939.88	311.0207106
1939.96	313.3239640
1940.04	313.4936466
1940.13	314.3667419
1940.21	314.9891277
1940.29	315.1186599
1940.38	314.9366840
1940.46	312.4809213
1940.54	307.0229000
1940.63	302.2973676
1940.71	302.8006241
1940.79	307.0135433
1940.88	311.1616456
1940.96	313.4648989
1941.04	313.5345816
1941.13	314.4076768
1941.21	315.0300626
1941.29	315.1595948
1941.38	314.9776190
1941.46	312.5218563
1941.54	307.0638350
1941.63	302.3383026
1941.71	302.8415590
1941.79	307.0544783
1941.88	311.2025805
1941.96	313.5058339
1942.04	313.4755165
1942.13	314.3486118
1942.21	314.9709976
1942.29	315.1005298
1942.38	314.9185539
1942.46	312.4627912
1942.54	307.0047699
1942.63	302.2792375
1942.71	302.7824940
1942.79	306.9954132
1942.88	311.1435155
1942.96	313.4467689
1943.04	313.4164515
1943.13	314.2895467
1943.21	314.9119325
1943.29	315.0414647
1943.38	314.8594889
1943.46	312.4037262
1943.54	306.9457049
1943.63	302.2201725
1943.71	302.7234289
1943.79	306.9363482
1943.88	311.0844504
1943.96	313.3877038
1944.04	313.3573864
1944.13	314.2304817
1944.21	314.8528675
1944.29	314.9823997
1944.38	314.8004238
1944.46	312.3446611
1944.54	306.8866398
1944.63	302.1611075
1944.71	302.6643639
1944.79	306.8772831
1944.88	311.0253854
1944.96	313.3286388
1945.04	313.3983214
1945.13	314.2714166
1945.21	314.8938025
1945.29	315.0233347
1945.38	314.8413588
1945.46	312.3855961
1945.54	306.9275748
1945.63	302.2020424
1945.71	302.7052988
1945.79	306.9182181
1945.88	311.0663203
1945.96	313.3695737
1946.04	313.4392564
1946.13	314.3123516
1946.21	314.9347374
1946.29	315.0642696
1946.38	314.8822937
1946.46	312.4265310
1946.54	306.9685098
1946.63	302.2429774
1946.71	302.7462338
1946.79	306.9591531
1946.88	311.1072553
1946.96	313.4105087
1947.04	313.5801913
1947.13	314.4532866
1947.21	315.0756724
1947.29	315.2052046
1947.38	315.0232287
1947.46	312.5674660
1947.54	307.1094447
1947.63	302.3839123
1947.71	302.8871688
1947.79	307.1000880
1947.88	311.2481903
1947.96	313.5514436
1948.04	313.7211263
1948.13	314.5942215
1948.21	315.2166073
1948.29	315.3461395
1948.38	315.1641636
1948.46	312.7084010
1948.54	307.2503797
1948.63	302.5248473
1948.71	303.0281037
1948.79	307.2410230
1948.88	311.3891252
1948.96	313.6923786
1949.04	313.9620612
1949.13	314.8351565
1949.21	315.4575423
1949.29	315.5870745
1949.38	315.4050986
1949.46	312.9493359
1949.54	307.4913146
1949.63	302.7657822
1949.71	303.2690387
1949.79	307.4819579
1949.88	311.6300602
1949.96	313.9333135
1950.04	314.2029962
1950.13	315.0760914
1950.21	315.6984772
1950.29	315.8280094
1950.38	315.6460336
1950.46	313.1902709
1950.54	307.7322496
1950.63	303.0067172
1950.71	303.5099736
1950.79	307.7228929
1950.88	311.8709951
1950.96	314.1742485
1951.04	314.6439311
1951.13	315.5170264
1951.21	316.1394122
1951.29	316.2689444
1951.38	316.0869685
1951.46	313.6312058
1951.54	308.1731845
1951.63	303.4476521
1951.71	303.9509086
1951.79	308.1638278
1951.88	312.3119301
1951.96	314.6151835
1952.04	315.0848661
1952.13	315.9579613
1952.21	316.5803471
1952.29	316.7098793
1952.38	316.5279035
1952.46	314.0721408
1952.54	308.6141195
1952.63	303.8885871
1952.71	304.3918435
1952.79	308.6047628
1952.88	312.7528650
1952.96	315.0561184
1953.04	315.5258010
1953.13	316.3988963
1953.21	317.0212821
1953.29	317.1508143
1953.38	316.9688384
1953.46	314.5130757
1953.54	309.0550544
1953.63	304.3295221
1953.71	304.8327785
1953.79	309.0456977
1953.88	313.1938000
1953.96	315.4970534
1954.04	316.0667360
1954.13	316.9398312
1954.21	317.5622171
1954.29	317.6917493
1954.38	317.5097734
1954.46	315.0540107
1954.54	309.5959894
1954.63	304.8704570
1954.71	305.3737134
1954.79	309.5866327
1954.88	313.7347349
1954.96	316.0379883
1955.04	316.7076710
1955.13	317.5807662
1955.21	318.2031520
1955.29	318.3326842
1955.38	318.1507083
1955.46	315.6949456
1955.54	310.2369243
1955.63	305.5113920
1955.71	306.0146484
1955.79	310.2275676
1955.88	314.3756699
1955.96	316.6789233
1956.04	317.3486059
1956.13	318.2217012
1956.21	318.8440870
1956.29	318.9736192
1956.38	318.7916433
1956.46	316.3358806
1956.54	310.8778593
1956.63	306.1523269
1956.71	306.6555834
1956.79	310.8685026
1956.88	315.0166049
1956.96	317.3198582
1957.04	317.9895409
1957.13	318.8626361
1957.21	319.4850219
1957.29	319.6145541
1957.38	319.4325782
1957.46	316.9768156
1957.54	311.5187943
1957.63	306.7932619
1957.71	307.2965183
1957.79	311.5094376
1957.88	315.6575398
1957.96	317.9607932
1958.04	318.7304758
1958.13	319.6035711
1958.21	319.8630952
1958.29	320.3583523
1958.38	319.7072727
1958.46	317.5926087
1958.54	312.1711957
1958.63	308.5281522
1958.71	308.9852174
1958.79	312.4766304
1958.88	316.1685065
1958.96	318.4668831
1959.04	319.8023810
1959.13	320.6642857
1959.21	320.8730952
1959.29	320.6283523
1959.38	320.4972727
1959.46	318.4926087
1959.54	312.8511957
1959.63	308.3981522
1959.71	309.6252174
1959.79	313.2966304
1959.88	317.6385065
1959.96	319.3768831
1960.04	320.6123810
1960.13	321.2542857
1960.21	321.7430952
1960.29	321.9283523
1960.38	322.2372727
1960.46	319.9226087
1960.54	314.4911957
1960.63	309.5081522
1960.71	309.9452174
1960.79	313.8766304
1960.88	317.8385065
1960.96	319.9868831
1961.04	321.1123810
1961.13	321.9842857
1961.21	322.7030952
1961.29	322.3883523
1961.38	322.7872727
1961.46	320.1026087
1961.54	314.8811957
1961.63	310.3881522
1961.71	310.5852174
1961.79	315.4166304
1961.88	318.9385065
1961.96	320.8068831
1962.04	322.1223810
1962.13	322.8442857
1962.21	323.8430952
1962.29	323.5383523
1962.38	323.2172727
1962.46	320.8826087
1962.54	315.8911957
1962.63	310.9981522
1962.71	312.0352174
1962.79	315.4566304
1962.88	319.5285065
1962.96	321.4968831
1963.04	322.9223810
1963.13	323.3642857
1963.21	324.0230952
1963.29	324.2983523
1963.38	324.4472727
1963.46	321.8026087
1963.54	316.0511957
1963.63	311.3681522
1963.71	311.9952174
1963.79	316.0266304
1963.88	319.9585065
1963.96	322.1068831
1964.04	323.7523810
1964.13	323.9255822
1964.21	324.0994790
1964.29	324.2733759
1964.38	324.4472727
1964.46	322.2226087
1964.54	316.7511957
1964.63	312.2981522
1964.71	312.4852174
1964.79	316.8266304
1964.88	320.6285065
1964.96	322.5068831
1965.04	323.6223810
1965.13	324.7242857
1965.21	325.0530952
1965.29	325.0383523
1965.38	324.3672727
1965.46	322.2026087
1965.54	317.7011957
1965.63	312.3981522
1965.71	313.5952174
1965.79	317.3366304
1965.88	321.7085065
1965.96	323.2168831
1966.04	324.8023810
1966.13	325.8742857
1966.21	326.5530952
1966.29	326.7783523
1966.38	326.2172727
1966.46	324.0826087
1966.54	318.7011957
1966.63	313.9681522
1966.71	314.4252174
1966.79	318.1366304
1966.88	322.6285065
1966.96	324.8768831
1967.04	326.2423810
1967.13	326.7842857
1967.21	327.2030952
1967.29	327.3283523
1967.38	327.2072727
1967.46	324.4226087
1967.54	318.8611957
1967.63	314.5181522
1967.71	315.0952174
1967.79	319.3466304
1967.88	323.5585065
1967.96	325.7568831
1968.04	326.7523810
1968.13	327.4342857
1968.21	328.0530952
1968.29	327.9283523
1968.38	327.7772727
1968.46	325.6926087
1968.54	320.4511957
1968.63	315.6281522
1968.71	316.1952174
1968.79	320.2866304
1968.88	324.1485065
1968.96	326.6368831
1969.04	328.1823810
1969.13	328.7042857
1969.21	329.8030952
1969.29	329.5683523
1969.38	329.5472727
1969.46	327.0926087
1969.54	322.1911957
1969.63	316.8846739
1969.71	317.2508696
1969.79	320.7118478
1969.88	324.7866883
1969.96	327.4796104
1970.04	329.3347619
1970.13	329.8766667
1970.21	329.6669048
1970.29	329.5328977
1970.38	329.8818182
1970.46	327.6978261
1970.54	322.7233696
1970.63	318.8746739
1970.71	318.8608696
1970.79	322.5918478
1970.88	326.7466883
1970.96	329.1496104
1971.04	330.3523810
1971.13	330.9642857
1971.21	331.3430952
1971.29	330.6883523
1971.38	331.1272727
1971.46	328.9026087
1971.54	323.6511957
1971.63	319.0581522
1971.71	319.1452174
1971.79	323.6066304
1971.88	327.6385065
1971.96	329.8068831
1972.04	330.9523810
1972.13	331.9142857
1972.21	331.9130952
1972.29	332.6283523
1972.38	332.2772727
1972.46	329.4226087
1972.54	324.3611957
1972.63	319.9181522
1972.71	320.7152174
1972.79	325.0966304
1972.88	329.3385065
1972.96	331.3468831
1973.04	332.7323810
1973.13	333.8442857
1973.21	334.4630952
1973.29	334.4083523
1973.38	334.6872727
1973.46	332.4026087
1973.54	327.1811957
1973.63	322.9081522
1973.71	323.2952174
1973.79	327.2166304
1973.88	330.9985065
1973.96	332.4368831
1974.04	333.5323810
1974.13	334.9942857
1974.21	335.6430952
1974.29	335.5583523
1974.38	335.2972727
1974.46	332.5826087
1974.54	327.4911957
1974.63	322.9981522
1974.71	323.2152174
1974.79	327.4066304
1974.88	331.2985065
1974.96	333.3668831
1975.04	334.5823810
1975.13	335.6942857
1975.21	336.2030952
1975.29	336.2183523
1975.38	336.1672727
1975.46	333.9326087
1975.54	328.2211957
1975.63	323.6581522
1975.71	324.3452174
1975.79	328.3766304
1975.88	332.3285065
1975.96	334.5568831
1976.04	335.9323810
1976.13	336.8442857
1976.21	337.6630952
1976.29	337.4883523
1976.38	337.0772727
1976.46	334.6726087
1976.54	328.9933696
1976.63	324.9346739
1976.71	325.6008696
1976.79	329.3318478
1976.88	333.3466883
1976.96	335.7396104
1977.04	336.9947619
1977.13	337.4666667
1977.21	337.9769048
1977.29	338.6328977
1977.38	338.6918182
1977.46	336.4178261
1977.54	331.2933696
1977.63	326.3646739
1977.71	326.6208696
1977.79	330.5818478
1977.88	334.3966883
1977.96	337.3396104
1978.04	339.4347619
1978.13	340.1466667
1978.21	340.7569048
1978.29	340.7528977
1978.38	340.2318182
1978.46	337.9878261
1978.54	332.6333696
1978.63	327.9546739
1978.71	328.1508696
1978.79	332.2518478
1978.88	335.9666883
1978.96	338.2696104
1979.04	340.2747619
1979.13	341.3366667
1979.21	342.4069048
1979.29	341.9428977
1979.38	341.1118182
1979.46	339.3578261
1979.54	334.2433696
1979.63	329.3946739
1979.71	329.7908696
1979.79	334.3318478
1979.88	338.3966883
1979.96	340.6196104
1980.04	342.9747619
1980.13	344.3966667
1980.21	345.3469048
1980.29	345.6928977
1980.38	345.0918182
1980.46	341.9878261
1980.54	335.8333696
1980.63	331.0746739
1980.71	332.4708696
1980.79	336.5718478
1980.88	340.3166883
1980.96	342.8696104
1981.04	344.5447619
1981.13	345.7366667
1981.21	346.3269048
1981.29	346.1828977
1981.38	345.5918182
1981.46	342.4178261
1981.54	336.8833696
1981.63	332.5446739
1981.71	333.1008696
1981.79	337.3818478
1981.88	341.6366883
1981.96	343.7196104
1982.04	345.1247619
1982.13	346.2566667
1982.21	346.8269048
1982.29	346.5228977
1982.38	345.7618182
1982.46	343.0878261
1982.54	337.8633696
1982.63	332.7546739
1982.71	332.9608696
1982.79	337.4318478
1982.88	341.7566883
1982.96	344.1296104
1983.04	345.9347619
1983.13	346.5166667
1983.21	346.8269048
1983.29	347.7928977
1983.38	348.0518182
1983.46	345.4978261
1983.54	339.9033696
1983.63	334.9246739
1983.71	335.4708696
1983.79	339.7218478
1983.88	343.6266883
1983.96	346.1596104
1984.04	348.0447619
1984.13	348.7466667
1984.21	349.3469048
1984.29	349.7328977
1984.38	349.4618182
1984.46	346.8478261
1984.54	341.2933696
1984.63	336.6446739
1984.71	337.0608696
1984.79	341.5518478
1984.88	345.5166883
1984.96	347.4696104
1985.04	348.6447619
1985.13	349.6966667
1985.21	350.7069048
1985.29	350.7128977
1985.38	350.6518182
1985.46	348.9600000
1985.54	343.3325000
1985.63	338.2625000
1985.71	339.3800000
1985.79	342.8875000
1985.88	345.6021429
1985.96	348.3764286
1986.04	350.6800000
1986.13	351.5128571
1986.21	352.2592857
1986.29	352.5656250
1986.38	352.4100000
1986.46	350.1000000
1986.54	345.1625000
1986.63	340.7525000
1986.71	340.1800000
1986.79	344.3775000
1986.88	347.8821429
1986.96	349.1264286
1987.04	350.3500000
1987.13	351.7628571
1987.21	353.0192857
1987.29	353.4756250
1987.38	353.3600000
1987.46	351.5600000
1987.54	347.5325000
1987.63	342.3025000
1987.71	342.0600000
1987.79	346.3975000
1987.88	350.2521429
1987.96	351.9964286
1988.04	353.7100000
1988.13	355.0028571
1988.21	356.1492857
1988.29	356.8856250
1988.38	356.5300000
1988.46	354.0300000
1988.54	349.5225000
1988.63	345.1325000
1988.71	345.7800000
1988.79	350.3275000
1988.88	354.0121429
1988.96	355.3864286
1989.04	357.2000000
1989.13	358.8328571
1989.21	359.7692857
1989.29	359.1756250
1989.38	358.3800000
1989.46	356.5100000
1989.54	351.5225000
1989.63	346.3825000
1989.71	346.9900000
1989.79	350.8075000
1989.88	355.7221429
1989.96	359.2464286
1990.04	359.4700000
1990.13	359.2128571
1990.21	360.2592857
1990.29	360.3956250
1990.38	359.6300000
1990.46	356.1600000
1990.54	350.5625000
1990.63	346.8325000
1990.71	347.1500000
1990.79	351.4475000
1990.88	355.8821429
1990.96	357.7864286
1991.04	359.8900000
1991.13	360.9328571
1991.21	361.1592857
1991.29	361.3456250
1991.38	360.8300000
1991.46	358.7100000
1991.54	353.5125000
1991.63	348.3325000
1991.71	348.6200000
1991.79	352.8275000
1991.88	357.3321429
1991.96	360.7764286
1992.04	362.1700000
1992.13	362.2428571
1992.21	362.9392857
1992.29	362.4956250
1992.38	362.1000000
1992.46	359.6300000
1992.54	352.6625000
1992.63	347.5625000
1992.71	348.0100000
1992.79	352.2675000
1992.88	356.3821429
1992.96	359.4264286
1993.04	360.7400000
1993.13	361.2128571
1993.21	362.3392857
1993.29	362.9356250
1993.38	362.6900000
1993.46	359.4600000
1993.54	353.0625000
1993.63	348.8725000
1993.71	349.2900000
1993.79	353.4575000
1993.88	357.2721429
1993.96	359.7764286
1994.04	362.0700000
1994.13	363.5928571
1994.21	364.4492857
1994.29	364.1656250
1994.38	363.4400000
1994.46	361.0200000
1994.54	355.7925000
1994.63	350.8125000
1994.71	351.0800000
1994.79	355.3975000
1994.88	360.2221429
1994.96	362.5464286
1995.04	363.5900000
1995.13	364.8028571
1995.21	365.5792857
1995.29	365.0556250
1995.38	364.6400000
1995.46	362.3200000
1995.54	357.4325000
1995.63	352.9425000
1995.71	353.5300000
1995.79	357.3475000
1995.88	362.2721429
1995.96	364.8164286
1996.04	365.4600000
1996.13	366.1228571
1996.21	366.8192857
1996.29	367.1056250
1996.38	367.5500000
1996.46	366.0300000
1996.54	361.9625000
1996.63	356.2925000
1996.71	354.9500000
1996.79	359.2375000
1996.88	363.4921429
1996.96	365.4664286
1997.04	367.4000000
1997.13	368.0228571
1997.21	367.7692857
1997.29	367.8056250
1997.38	368.0200000
1997.46	365.1000000
1997.54	359.7950000
1997.63	355.2400000
1997.71	356.1100000
1997.79	360.4850000
1997.88	364.3650000
1997.96	366.8750000
1998.04	368.5450000
1998.13	369.5850000
1998.21	369.9900000
1998.29	370.2200000
1998.38	370.4250000
1998.46	368.3450000
1998.54	363.1250000
1998.63	358.7325000
1998.71	359.7300000
1998.79	364.2675000
1998.88	368.7121429
1998.96	371.0364286
1999.04	372.3900000
1999.13	373.1528571
1999.21	373.6292857
1999.29	373.8956250
1999.38	373.7600000
1999.46	370.9600000
1999.54	364.5325000
1999.63	359.6925000
1999.71	360.7100000
1999.79	365.0875000
1999.88	369.2921429
1999.96	371.9264286
2000.04	372.9900000
2000.13	373.8228571
2000.21	374.6992857
2000.29	375.0256250
2000.38	375.0600000
2000.46	371.9400000
2000.54	366.0025000
2000.63	362.1500000
2000.71	362.4750000
2000.79	367.0900000
2000.88	370.9850000
2000.96	372.9100000
2001.04	374.7000000
2001.13	375.7500000
2001.21	375.7700000
2001.29	376.4800000
2001.38	376.7850000
2001.46	373.4650000
2001.54	367.2400000
2001.63	362.8400000
2001.71	363.6950000
2001.79	368.2400000
2001.88	372.6900000
2001.96	374.8300000
2002.04	376.0100000
2002.13	377.2800000
2002.21	378.0600000
2002.29	378.3150000
2002.38	378.0700000
2002.46	375.5400000
2002.54	369.6825000
2002.63	365.1025000
2002.71	365.7600000
2002.79	370.2575000
2002.88	374.3521429
2002.96	376.0364286
2003.04	379.6500000
2003.13	381.0150000
2003.21	381.2900000
2003.29	381.3900000
2003.38	381.4200000
2003.46	378.8900000
2003.54	372.9000000
2003.63	368.1250000
2003.71	368.9900000
2003.79	373.8000000
2003.88	378.4800000
2003.96	380.3850000
2004.04	380.9800000
2004.13	381.6500000
2004.21	382.5500000
2004.29	382.9150000
2004.38	382.6100000
2004.46	380.3300000
2004.54	374.2800000
2004.63	368.9800000
2004.71	368.9500000
2004.79	373.8950000
2004.88	378.2778571
2004.96	381.6235714
2005.04	383.4800000
2005.13	383.7071429
2005.21	383.6707143
2005.29	384.9750000
2005.38	385.1000000
2005.46	382.5400000
2005.54	376.0000000
2005.63	371.2200000
2005.71	372.1150000
2005.79	376.0550000
2005.88	381.0550000
2005.96	384.0250000
2006.04	384.7650000
2006.13	385.5200000
2006.21	386.4250000
2006.29	387.2550000
2006.38	387.6400000
2006.46	385.6750000
2006.54	379.7300000
2006.63	374.1650000
2006.71	374.8900000
2006.79	379.3900000
2006.88	383.9700000
2006.96	386.7400000
2007.04	387.8400000
2007.13	388.4400000
2007.21	389.0600000
2007.29	389.1350000
2007.38	388.4400000
2007.46	385.8450000
2007.54	379.6800000
2007.63	374.3700000
2007.71	375.5550000
2007.79	380.9350000
2007.88	385.0200000
2007.96	387.7600000
2008.04	389.4800000
2008.13	390.6650000
2008.21	391.4800000
2008.29	391.8250000
2008.38	391.4800000
2008.46	388.4700000
2008.54	382.3900000
2008.63	377.3450000
2008.71	377.6150000