CO2 history for the southern hemisphere by Christo Buizert
year    concentration (ppm)
1600.00	276.40
1605.00	275.80
1610.00	275.50
1615.00	275.30
1620.00	275.30
1625.00	275.40
1630.00	275.60
1635.00	275.90
1640.00	276.10
1645.00	276.30
1650.00	276.40
1655.00	276.50
1660.00	276.50
1665.00	276.50
1670.00	276.40
1675.00	276.40
1680.00	276.40
1685.00	276.40
1690.00	276.50
1695.00	276.60
1700.00	276.70
1705.00	276.80
1710.00	276.90
1715.00	277.00
1720.00	277.00
1725.00	277.00
1730.00	277.00
1735.00	276.90
1740.00	276.90
1745.00	276.90
1750.00	277.00
1755.00	277.20
1760.00	277.60
1765.00	278.00
1770.00	278.60
1775.00	279.30
1780.00	280.10
1785.00	280.80
1790.00	281.60
1795.00	282.30
1800.00	282.90
1805.00	283.40
1810.00	283.80
1815.00	284.00
1820.00	284.20
1825.00	284.30
1830.00	284.40
1832.00	284.30
1833.00	284.10
1834.00	284.00
1835.00	283.80
1836.00	283.70
1837.00	283.50
1838.00	283.40
1839.00	283.40
1840.00	283.40
1841.00	283.40
1842.00	283.50
1843.00	283.60
1844.00	283.70
1845.00	283.90
1846.00	284.10
1847.00	284.20
1848.00	284.40
1849.00	284.60
1850.00	284.70
1851.00	284.90
1852.00	285.00
1853.00	285.10
1854.00	285.30
1855.00	285.40
1856.00	285.60
1857.00	285.70
1858.00	285.90
1859.00	286.10
1860.00	286.20
1861.00	286.40
1862.00	286.50
1863.00	286.60
1864.00	286.80
1865.00	286.90
1866.00	287.00
1867.00	287.10
1868.00	287.20
1869.00	287.40
1870.00	287.50
1871.00	287.70
1872.00	287.90
1873.00	288.10
1874.00	288.40
1875.00	288.70
1876.00	289.00
1877.00	289.40
1878.00	289.80
1879.00	290.20
1880.00	290.70
1881.00	291.20
1882.00	291.70
1883.00	292.10
1884.00	292.60
1885.00	293.00
1886.00	293.30
1887.00	293.60
1888.00	293.80
1889.00	294.00
1890.00	294.20
1891.00	294.30
1892.00	294.50
1893.00	294.60
1894.00	294.70
1895.00	294.80
1896.00	294.90
1897.00	295.00
1898.00	295.20
1899.00	295.50
1900.00	295.80
1901.00	296.10
1902.00	296.50
1903.00	296.80
1904.00	297.20
1905.00	297.60
1906.00	298.10
1907.00	298.50
1908.00	298.90
1909.00	299.30
1910.00	299.70
1911.00	300.10
1912.00	300.40
1913.00	300.80
1914.00	301.10
1915.00	301.40
1916.00	301.70
1917.00	302.10
1918.00	302.40
1919.00	302.70
1920.00	303.00
1921.00	303.40
1922.00	303.80
1923.00	304.10
1924.00	304.50
1925.00	305.00
1926.00	305.40
1927.00	305.80
1928.00	306.30
1929.00	306.80
1930.00	307.20
1931.00	307.70
1932.00	308.20
1933.00	308.60
1934.00	309.00
1935.00	309.40
1936.00	309.80
1937.00	310.00
1938.00	310.20
1939.00	310.30
1940.00	310.40
1941.00	310.40
1942.00	310.30
1943.00	310.20
1944.00	310.10
1945.00	310.10
1946.00	310.10
1947.00	310.20
1948.00	310.30
1949.00	310.50
1950.00	310.70
1951.00	311.10
1952.00	311.50
1953.00	311.90
1954.00	312.40
1955.00	313.00
1956.00	313.60
1957.00	314.20
1958.00	314.90
1959.00	315.60
1960.00	316.30
1961.00	317.00
1962.00	317.70
1963.00	318.40
1964.00	319.20
1965.00	320.00
1966.00	320.80
1967.00	321.80
1968.00	322.80
1969.00	323.80
1970.00	324.80
1971.00	325.80
1972.00	326.90
1973.00	328.00
1974.00	329.20
1975.00	330.30
1976.25	329.40
1976.33	328.90
1976.41	329.00
1976.66	330.90
1976.82	330.90
1976.91	330.60
1977.00	330.70
1977.08	330.70
1977.17	331.40
1977.25	330.80
1977.41	331.70
1977.50	331.90
1977.74	332.90
1977.82	332.90
1977.91	332.30
1978.00	332.00
1978.08	332.10
1978.17	332.40
1978.25	332.80
1978.33	332.80
1978.50	332.90
1978.58	334.20
1978.66	335.20
1978.74	335.60
1978.82	335.20
1978.91	334.50
1979.00	334.50
1979.08	334.70
1979.17	334.80
1979.25	334.60
1979.33	334.70
1979.41	335.10
1979.50	335.70
1979.58	335.90
1979.66	336.20
1979.82	336.20
1979.91	335.80
1980.00	335.80
1980.08	335.80
1980.17	336.00
1980.25	335.90
1980.33	336.40
1980.41	336.30
1980.50	337.10
1980.58	337.10
1980.66	337.30
1980.74	337.20
1980.82	337.20
1980.91	336.90
1981.00	337.00
1981.08	337.10
1981.17	337.00
1981.25	337.10
1981.33	337.30
1981.41	337.60
1981.50	337.80
1981.59	337.40
1981.67	337.40
1981.75	337.30
1981.84	337.60
1981.92	337.50
1982.00	337.50
1982.09	337.30
1982.17	337.40
1982.25	337.70
1982.34	338.20
1982.42	338.40
1982.50	339.00
1982.59	339.10
1982.67	339.50
1982.75	339.60
1982.84	339.30
1982.92	339.00
1983.00	339.00
1983.09	339.50
1983.17	339.50
1983.25	340.10
1983.34	340.00
1983.42	340.30
1983.50	341.10
1983.59	341.30
1983.67	341.40
1983.75	341.30
1983.84	341.40
1983.92	341.40
1984.00	341.41
1984.09	341.30
1984.17	341.34
1984.25	341.22
1984.34	341.40
1984.42	341.82
1984.50	342.05
1984.59	342.45
1984.67	342.52
1984.75	342.40
1984.84	342.51
1984.92	342.30
1985.00	342.36
1985.09	342.34
1985.17	342.32
1985.25	342.46
1985.34	342.70
1985.42	343.18
1985.50	343.61
1985.59	344.05
1985.67	344.19
1985.75	344.13
1985.84	343.62
1985.92	343.78
1986.00	343.74
1986.09	343.69
1986.17	343.72
1986.25	343.78
1986.34	344.02
1986.42	344.26
1986.50	344.67
1986.59	345.13
1986.67	345.19
1986.75	345.39
1986.84	345.02
1986.92	344.87
1987.00	344.70
1987.09	344.77
1987.17	344.71
1987.25	344.77
1987.34	345.43
1987.42	345.99
1987.50	346.32
1987.59	346.85
1987.67	347.26
1987.75	347.30
1987.84	347.35
1987.92	347.26
1988.00	347.38
1988.09	347.22
1988.17	347.40
1988.25	347.46
1988.34	347.70
1988.42	347.96
1988.50	348.70
1988.59	348.87
1988.67	349.00
1988.75	348.85
1988.84	348.57
1988.92	348.74
1989.00	348.70
1989.09	348.67
1989.17	349.01
1989.25	348.87
1989.34	348.89
1989.42	349.18
1989.50	349.32
1989.59	349.91
1989.67	350.40
1989.75	350.04
1989.84	349.98
1989.92	349.86
1990.00	349.64
1990.09	349.54
1990.17	349.96
1990.25	350.07
1990.34	350.77
1990.42	350.69
1990.50	351.20
1990.59	351.54
1990.67	351.64
1990.75	351.75
1990.84	351.65
1990.92	351.60
1991.42	353.71
1991.50	353.97
1991.59	354.23
1991.67	354.25
1991.75	354.05
1991.84	353.81
1991.92	353.70
1992.00	353.48
1992.09	353.38
1992.17	353.31
1992.25	353.47
1992.34	353.85
1992.42	354.30
1992.50	354.75
1992.59	354.87
1992.67	354.99
1992.75	355.04
1992.84	354.81
1992.92	354.55
1993.00	354.22
1993.09	354.15
1993.17	354.36
1993.25	354.29
1993.34	354.27
1993.42	354.70
1993.50	355.16
1993.59	355.58
1993.67	355.80
1993.75	355.84
1993.84	355.73
1993.92	355.40
1994.00	355.03
1994.09	355.03
1994.17	355.35
1994.25	355.62
1994.34	355.85
1994.42	356.11
1994.50	356.58
1994.59	357.15
1994.67	357.47
1994.75	357.47
1994.84	357.36
1994.92	357.33
1995.00	357.39
1995.09	357.49
1995.17	357.52
1995.25	357.49
1995.34	357.77
1995.42	358.18
1995.50	358.46
1995.59	358.80
1995.67	359.08
1995.75	359.19
1995.84	359.27
1995.92	359.53
1996.00	359.42
1996.09	359.09
1996.17	359.08
1996.25	359.12
1996.34	359.32
1996.42	359.82
1996.50	360.24
1996.59	360.58
1996.67	360.73
1996.75	360.59
1996.84	360.44
1996.92	360.32
1997.00	360.34
1997.09	360.47
1997.17	360.51
1997.25	360.56
1997.34	360.74
1997.42	360.95
1997.50	361.34
1997.59	361.81
1997.67	362.07
1997.75	362.20
1997.84	362.17
1997.92	362.08
1998.00	362.02
1998.09	362.17
1998.17	362.47
1998.25	362.74
1998.34	363.11
1998.42	363.54
1998.50	364.06
1998.59	364.70
1998.67	365.06
1998.75	365.01
1998.84	364.91
1998.92	364.88
1999.00	365.02
1999.09	365.08
1999.17	364.89
1999.25	364.94
1999.34	365.19
1999.42	365.35
1999.50	365.63
1999.59	366.08
1999.67	366.45
1999.75	366.60
1999.84	366.53
1999.92	366.54
2000.00	366.60
2000.09	366.43
2000.17	366.19
2000.25	366.11
2000.34	366.33
2000.42	366.77
2000.50	367.18
2000.59	367.45
2000.67	367.68
2000.75	367.79
2000.84	367.73
2000.92	367.64
2001.00	367.59
2001.09	367.54
2001.17	367.53
2001.25	367.69
2001.34	367.94
2001.42	368.20
2001.50	368.62
2001.59	369.17
2001.67	369.66
2001.75	369.74
2001.84	369.46
2001.92	369.29
2002.00	369.37
2002.09	369.44
2002.17	369.49
2002.25	369.65
2002.34	369.91
2002.42	370.37
2002.50	370.94
2002.59	371.43
2002.67	371.77
2002.75	371.90
2002.84	371.79
2002.92	371.60
2003.00	371.57
2003.09	371.66
2003.17	371.85
2003.25	372.13
2003.34	372.43
2003.42	372.77
2003.50	373.22
2003.59	373.77
2003.67	374.06
2003.75	373.98
2003.84	373.77
2003.92	373.59
2004.00	373.55
2004.09	373.70
2004.17	373.78
2004.25	373.90
2004.34	374.30
2004.42	374.79
2004.50	375.18
2004.59	375.53
2004.67	375.68
2004.75	375.70
2004.84	375.70
2004.92	375.54
2005.00	375.38
2005.09	375.42
2005.17	375.43
2005.25	375.55
2005.34	376.17
2005.42	376.93
2005.50	377.29
2005.59	377.59
2005.67	377.86
2005.75	377.93
2005.84	377.88
2005.92	377.76
2006.00	377.84
2006.09	377.99
2006.17	378.00
2006.25	378.05
2006.34	378.19
2006.42	378.42
2006.50	378.80
2006.59	379.25
2006.67	379.48
2006.75	379.46
2006.84	379.43
2006.92	379.44
2007.00	379.36
2007.09	379.35
2007.17	379.44
2007.25	379.62
2007.34	380.01
2007.42	380.41
2007.50	380.90
2007.59	381.32
2007.67	381.53
2007.75	381.65
2007.84	381.63
2007.92	381.59
2008.00	381.64
2008.09	381.74
2008.17	381.74
2008.25	381.82
2008.34	382.11
2008.42	382.60
2008.50	382.91
2008.59	383.28
2008.67	383.71
2008.75	383.68
2008.84	383.53
2008.92	383.55
