13CO2 history for Greenland by Christo Buizert
year    concentration (ppm)
1800.04	3.154018790
1800.13	3.163658168
1800.21	3.170529454
1800.29	3.171958203
1800.38	3.169947517
1800.46	3.142828811
1800.54	3.082558478
1800.63	3.030376820
1800.71	3.035932384
1800.79	3.082451171
1800.88	3.128253886
1800.96	3.153685343
1801.04	3.155105746
1801.13	3.164745070
1801.21	3.171616318
1801.29	3.173045059
1801.38	3.171034068
1801.46	3.143915825
1801.54	3.083645822
1801.63	3.031464449
1801.71	3.037019982
1801.79	3.083538207
1801.88	3.129340978
1801.96	3.154772294
1802.04	3.156192689
1802.13	3.165831960
1802.21	3.172702854
1802.29	3.174131902
1802.38	3.172120922
1802.46	3.145002827
1802.54	3.084733153
1802.63	3.032551764
1802.71	3.038107568
1802.79	3.084625537
1802.88	3.130428057
1802.96	3.155859234
1803.04	3.157279306
1803.13	3.166918914
1803.21	3.173789846
1803.29	3.175218963
1803.38	3.173208070
1803.46	3.146089883
1803.54	3.085820918
1803.63	3.033639879
1803.71	3.039195726
1803.79	3.085713524
1803.88	3.131515566
1803.96	3.156946997
1804.04	3.158367137
1804.13	3.168006771
1804.21	3.174877744
1804.29	3.176306613
1804.38	3.174296122
1804.46	3.147178148
1804.54	3.086909563
1804.63	3.034728859
1804.71	3.040284449
1804.79	3.086802391
1804.88	3.132604280
1804.96	3.158035660
1805.04	3.159456417
1805.13	3.169095674
1805.21	3.175966914
1805.29	3.177395761
1805.38	3.175385263
1805.46	3.148267402
1805.54	3.087998781
1805.63	3.035818617
1805.71	3.041374165
1805.79	3.087891870
1805.88	3.133693525
1805.96	3.159124455
1806.04	3.160324117
1806.13	3.169963354
1806.21	3.176834587
1806.29	3.178263454
1806.38	3.176252677
1806.46	3.149135293
1806.54	3.088866993
1806.63	3.036687112
1806.71	3.042242658
1806.79	3.088760163
1806.88	3.134561621
1806.96	3.159992454
1807.04	3.161192949
1807.13	3.170832158
1807.21	3.177703377
1807.29	3.179132254
1807.38	3.177121504
1807.46	3.150004260
1807.54	3.089736253
1807.63	3.037556625
1807.71	3.043112163
1807.79	3.089629165
1807.88	3.135430740
1807.96	3.160861474
1808.04	3.162061169
1808.13	3.171700346
1808.21	3.178571229
1808.29	3.180000429
1808.38	3.177989702
1808.46	3.150872602
1808.54	3.090604894
1808.63	3.038425226
1808.71	3.043981053
1808.79	3.090497847
1808.88	3.136299218
1808.96	3.161729845
1809.04	3.162929233
1809.13	3.172568693
1809.21	3.179439557
1809.29	3.180868765
1809.38	3.178858061
1809.46	3.151740788
1809.54	3.091473692
1809.63	3.039294282
1809.71	3.044850096
1809.79	3.091366685
1809.88	3.137167542
1809.96	3.162598376
1810.04	3.163797772
1810.13	3.173437200
1810.21	3.180308046
1810.29	3.181736944
1810.38	3.179726580
1810.46	3.152609447
1810.54	3.092342644
1810.63	3.040163303
1810.71	3.045718585
1810.79	3.092235050
1810.88	3.138035477
1810.96	3.163465976
1811.04	3.164223490
1811.13	3.173862329
1811.21	3.180733230
1811.29	3.182161895
1811.38	3.180151317
1811.46	3.153034105
1811.54	3.092767101
1811.63	3.040588325
1811.71	3.046143576
1811.79	3.092659786
1811.88	3.138459962
1811.96	3.163890007
1812.04	3.164647831
1812.13	3.174286618
1812.21	3.181157481
1812.29	3.182586138
1812.38	3.180575254
1812.46	3.153458507
1812.54	3.093191833
1812.63	3.041013342
1812.71	3.046568563
1812.79	3.093084210
1812.88	3.138884443
1812.96	3.164314348
1813.04	3.165072168
1813.13	3.174710901
1813.21	3.181581411
1813.29	3.183010376
1813.38	3.180999503
1813.46	3.153882904
1813.54	3.093616559
1813.63	3.041438051
1813.71	3.046993544
1813.79	3.093508937
1813.88	3.139308919
1813.96	3.164738684
1814.04	3.165496500
1814.13	3.175135181
1814.21	3.182005652
1814.29	3.183434610
1814.38	3.181423747
1814.46	3.154307296
1814.54	3.094041281
1814.63	3.041863059
1814.71	3.047418521
1814.79	3.093933659
1814.88	3.139733390
1814.96	3.165163016
1815.04	3.165920512
1815.13	3.175559455
1815.21	3.182429888
1815.29	3.183858838
1815.38	3.181847986
1815.46	3.154731370
1815.54	3.094465999
1815.63	3.042288061
1815.71	3.047843493
1815.79	3.094358376
1815.88	3.140157544
1815.96	3.165587343
1816.04	3.166344835
1816.13	3.175983724
1816.21	3.182854120
1816.29	3.184282745
1816.38	3.182272220
1816.46	3.155155752
1816.54	3.094890711
1816.63	3.042713059
1816.71	3.048268157
1816.79	3.094783088
1816.88	3.140582005
1816.96	3.166011665
1817.04	3.166769152
1817.13	3.176407673
1817.21	3.183278346
1817.29	3.184706963
1817.38	3.182696450
1817.46	3.155580130
1817.54	3.095315110
1817.63	3.043138052
1817.71	3.048693119
1817.79	3.095207795
1817.88	3.141006461
1817.96	3.166435666
1818.04	3.167193465
1818.13	3.176831932
1818.21	3.183702568
1818.29	3.185131177
1818.38	3.183120357
1818.46	3.156004503
1818.54	3.095739813
1818.63	3.043563040
1818.71	3.049118076
1818.79	3.095632190
1818.88	3.141430913
1818.96	3.166859979
1819.04	3.167617773
1819.13	3.177256187
1819.21	3.184126785
1819.29	3.185555386
1819.38	3.183544894
1819.46	3.156428871
1819.54	3.096164819
1819.63	3.043988326
1819.71	3.049543333
1819.79	3.096057504
1819.88	3.141855985
1819.96	3.167284916
1820.04	3.168042706
1820.13	3.177681386
1820.21	3.184551948
1820.29	3.185980542
1820.38	3.183970060
1820.46	3.156854491
1820.54	3.096590745
1820.63	3.044414517
1820.71	3.049969798
1820.79	3.096483738
1820.88	3.142281991
1820.96	3.167711111
1821.04	3.168248076
1821.13	3.177886708
1821.21	3.184757237
1821.29	3.186186140
1821.38	3.184175668
1821.46	3.157060229
1821.54	3.096796770
1821.63	3.044620791
1821.71	3.050176350
1821.79	3.096690072
1821.88	3.142488111
1821.96	3.167917111
1822.04	3.168454389
1822.13	3.178092977
1822.21	3.184963475
1822.29	3.186392688
1822.38	3.184382225
1822.46	3.157266907
1822.54	3.097004027
1822.63	3.044828276
1822.71	3.050383811
1822.79	3.096897328
1822.88	3.142695479
1822.96	3.168124371
1823.04	3.168661647
1823.13	3.178300194
1823.21	3.185170978
1823.29	3.186600186
1823.38	3.184589731
1823.46	3.157474841
1823.54	3.097212206
1823.63	3.045036669
1823.71	3.050592180
1823.79	3.097105816
1823.88	3.142903785
1823.96	3.168332576
1824.04	3.168869849
1824.13	3.178508673
1824.21	3.185379432
1824.29	3.186808634
1824.38	3.184798503
1824.46	3.157683716
1824.54	3.097421309
1824.63	3.045246272
1824.71	3.050801763
1824.79	3.097315227
1824.88	3.143113027
1824.96	3.168542040
1825.04	3.169079311
1825.13	3.178718101
1825.21	3.185588834
1825.29	3.187018031
1825.38	3.185008225
1825.46	3.157893532
1825.54	3.097631335
1825.63	3.045456479
1825.71	3.051012255
1825.79	3.097525562
1825.88	3.143323207
1825.96	3.168752448
1826.04	3.169289718
1826.13	3.178928792
1826.21	3.185799504
1826.29	3.187229013
1826.38	3.185218896
1826.46	3.158104604
1826.54	3.097842593
1826.63	3.045668201
1826.71	3.051223960
1826.79	3.097737437
1826.88	3.143534949
1826.96	3.168964117
1827.04	3.169501700
1827.13	3.179140748
1827.21	3.186011758
1827.29	3.187441263
1827.38	3.185431469
1827.46	3.158317246
1827.54	3.098055699
1827.63	3.045881438
1827.71	3.051437183
1827.79	3.097950852
1827.88	3.143748568
1827.96	3.169177678
1828.04	3.169715260
1828.13	3.179354602
1828.21	3.186225596
1828.29	3.187655416
1828.38	3.185645626
1828.46	3.158531774
1828.54	3.098270347
1828.63	3.046096493
1828.71	3.051652227
1828.79	3.098165808
1828.88	3.143963751
1828.96	3.169393130
1829.04	3.169930711
1829.13	3.179570037
1829.21	3.186441337
1829.29	3.187871155
1829.38	3.185861684
1829.46	3.158747873
1829.54	3.098486845
1829.63	3.046313063
1829.71	3.051869093
1829.79	3.098382614
1829.88	3.144180497
1829.96	3.169609844
1830.04	3.170148055
1830.13	3.179787371
1830.21	3.186658663
1830.29	3.188088796
1830.38	3.186079328
1830.46	3.158965544
1830.54	3.098704884
1830.63	3.046531149
1830.71	3.052087478
1830.79	3.098601270
1830.88	3.144399122
1830.96	3.169828766
1831.04	3.169593809
1831.13	3.179233434
1831.21	3.186105040
1831.29	3.187535172
1831.38	3.185526022
1831.46	3.158412249
1831.54	3.098151613
1831.63	3.045978202
1831.71	3.051534529
1831.79	3.098048308
1831.88	3.143846458
1831.96	3.169276098
1832.04	3.169041456
1832.13	3.178680764
1832.21	3.185552368
1832.29	3.186982500
1832.38	3.184973351
1832.46	3.157859897
1832.54	3.097599267
1832.63	3.045425861
1832.71	3.050982188
1832.79	3.097496270
1832.88	3.143294421
1832.96	3.168724060
1833.04	3.166833307
1833.13	3.176472931
1833.21	3.183344536
1833.29	3.184774668
1833.38	3.182765518
1833.46	3.155652376
1833.54	3.095391734
1833.63	3.043218318
1833.71	3.048774646
1833.79	3.095288429
1833.88	3.141086897
1833.96	3.166516541
1834.04	3.165730177
1834.13	3.175369804
1834.21	3.182241728
1834.29	3.183672178
1834.38	3.181663344
1834.46	3.154550185
1834.54	3.094289815
1834.63	3.042116665
1834.71	3.047673605
1834.79	3.094187742
1834.88	3.139986572
1834.96	3.165416877
1835.04	3.163526436
1835.13	3.173166708
1835.21	3.180038959
1835.29	3.181470044
1835.38	3.179461523
1835.46	3.152348624
1835.54	3.092088743
1835.63	3.039915776
1835.71	3.045473031
1835.79	3.091987900
1835.88	3.137787165
1835.96	3.163217856
1836.04	3.162432118
1836.13	3.172072735
1836.21	3.178945324
1836.29	3.180376731
1836.38	3.178368518
1836.46	3.151256152
1836.54	3.090996357
1836.63	3.038823798
1836.71	3.044381377
1836.79	3.090896743
1836.88	3.136696512
1836.96	3.162127626
1837.04	3.160238428
1837.13	3.169879405
1837.21	3.176752657
1837.29	3.178184386
1837.38	3.176176796
1837.46	3.149064602
1837.54	3.088804795
1837.63	3.036632257
1837.71	3.042190169
1837.79	3.088706408
1837.88	3.134506752
1837.96	3.159938644
1838.04	3.159153525
1838.13	3.168795191
1838.21	3.175668802
1838.29	3.177100856
1838.38	3.175093568
1838.46	3.147981822
1838.54	3.087721914
1838.63	3.035549621
1838.71	3.041107875
1838.79	3.087624754
1838.88	3.133425743
1838.96	3.158858135
1839.04	3.159177425
1839.13	3.168819479
1839.21	3.175693143
1839.29	3.177125524
1839.38	3.175118220
1839.46	3.148006263
1839.54	3.087745888
1839.63	3.035572888
1839.71	3.041131487
1839.79	3.087648420
1839.88	3.133449759
1839.96	3.158882032
1840.04	3.159201324
1840.13	3.168843135
1840.21	3.175716851
1840.29	3.177148926
1840.38	3.175141608
1840.46	3.148029138
1840.54	3.087768325
1840.63	3.035594945
1840.71	3.041153282
1840.79	3.087670548
1840.88	3.133471904
1840.96	3.158904357
1841.04	3.159223651
1841.13	3.168865215
1841.21	3.175738978
1841.29	3.177170747
1841.38	3.175163415
1841.46	3.148050446
1841.54	3.087789225
1841.63	3.035615190
1841.71	3.041173261
1841.79	3.087690833
1841.88	3.133492490
1841.96	3.158924795
1842.04	3.160348215
1842.13	3.169989842
1842.21	3.176862856
1842.29	3.178293651
1842.38	3.176285009
1842.46	3.149170916
1842.54	3.088908120
1842.63	3.036732896
1842.71	3.042290051
1842.79	3.088806555
1842.88	3.134607102
1842.96	3.160038515
1843.04	3.161460647
1843.13	3.171101459
1843.21	3.177973809
1843.29	3.179404747
1843.38	3.177395925
1843.46	3.150281914
1843.54	3.090019123
1843.63	3.037843616
1843.71	3.043400614
1843.79	3.089917353
1843.88	3.135718138
1843.96	3.161149747
1844.04	3.162571707
1844.13	3.172212365
1844.21	3.179084870
1844.29	3.180515636
1844.38	3.178507267
1844.46	3.151393020
1844.54	3.091129924
1844.63	3.038954439
1844.71	3.044511585
1844.79	3.091028257
1844.88	3.136829281
1844.96	3.162260457
1845.04	3.164786692
1845.13	3.174427651
1845.21	3.181300453
1845.29	3.182731188
1845.38	3.180722779
1845.46	3.153608750
1845.54	3.093345477
1845.63	3.041170138
1845.71	3.046727264
1845.79	3.093244323
1845.88	3.139045428
1845.96	3.164477263
1846.04	3.167003470
1846.13	3.176644666
1846.21	3.183517382
1846.29	3.184948332
1846.38	3.182939812
1846.46	3.155825604
1846.54	3.095562373
1846.63	3.043386788
1846.71	3.048943828
1846.79	3.095460603
1846.88	3.141262036
1846.96	3.166693518
1847.04	3.168115489
1847.13	3.177756078
1847.21	3.184628492
1847.29	3.186058811
1847.38	3.184049971
1847.46	3.156935083
1847.54	3.096671134
1847.63	3.044494865
1847.71	3.050051609
1847.79	3.096568132
1847.88	3.142368989
1847.96	3.167799864
1848.04	3.170325659
1848.13	3.179965831
1848.21	3.186837826
1848.29	3.188268039
1848.38	3.186258775
1848.46	3.159143779
1848.54	3.098879718
1848.63	3.046703040
1848.71	3.052259682
1848.79	3.098775791
1848.88	3.144576221
1848.96	3.170006983
1849.04	3.172532355
1849.13	3.182172276
1849.21	3.189043702
1849.29	3.190473668
1849.38	3.188463841
1849.46	3.161348312
1849.54	3.101083775
1849.63	3.048906931
1849.71	3.054463025
1849.79	3.100978509
1849.88	3.146778614
1849.96	3.172208766
1850.04	3.173629752
1850.13	3.183269018
1850.21	3.190140112
1850.29	3.191569438
1850.38	3.189558982
1850.46	3.162443214
1850.54	3.102178235
1850.63	3.050001250
1850.71	3.055556717
1850.79	3.102071734
1850.88	3.147871050
1850.96	3.173300792
1851.04	3.175824954
1851.13	3.185463934
1851.21	3.192334433
1851.29	3.193763505
1851.38	3.191752810
1851.46	3.164636604
1851.54	3.104371976
1851.63	3.052194694
1851.71	3.057749897
1851.79	3.104264752
1851.88	3.150063599
1851.96	3.175492966
1852.04	3.176913377
1852.13	3.186551851
1852.21	3.193422173
1852.29	3.194851096
1852.38	3.192840270
1852.46	3.165724065
1852.54	3.105459307
1852.63	3.053282476
1852.71	3.058837514
1852.79	3.105351671
1852.88	3.151150438
1852.96	3.176579525
1853.04	3.177999471
1853.13	3.187638136
1853.21	3.194508349
1853.29	3.195936875
1853.38	3.193926306
1853.46	3.166810185
1853.54	3.106545700
1853.63	3.054369099
1853.71	3.059924037
1853.79	3.106437857
1853.88	3.152235976
1853.96	3.177665159
1854.04	3.180189137
1854.13	3.189827498
1854.21	3.196698058
1854.29	3.198126645
1854.38	3.196115840
1854.46	3.169000261
1854.54	3.108736190
1854.63	3.056559649
1854.71	3.062114621
1854.79	3.108628550
1854.88	3.154426479
1854.96	3.179855272
1855.04	3.181275516
1855.13	3.190913752
1855.21	3.197784202
1855.29	3.199213029
1855.38	3.197202163
1855.46	3.170086665
1855.54	3.109823170
1855.63	3.057646848
1855.71	3.063202026
1855.79	3.109715633
1855.88	3.155513555
1855.96	3.180942456
1856.04	3.183466722
1856.13	3.193105294
1856.21	3.199975778
1856.29	3.201404986
1856.38	3.199394518
1856.46	3.172279224
1856.54	3.112016404
1856.63	3.059840704
1856.71	3.065395923
1856.79	3.111909689
1856.88	3.157707472
1856.96	3.183136645
1857.04	3.184557191
1857.13	3.194195969
1857.21	3.201066353
1857.29	3.202495483
1857.38	3.200485272
1857.46	3.173370336
1857.54	3.113107693
1857.63	3.060932445
1857.71	3.066487878
1857.79	3.113001391
1857.88	3.158799236
1857.96	3.184228556
1858.04	3.186753117
1858.13	3.196391927
1858.21	3.203262992
1858.29	3.204692188
1858.38	3.202682373
1858.46	3.175567600
1858.54	3.115305543
1858.63	3.063130839
1858.71	3.068686322
1858.79	3.115200066
1858.88	3.160998154
1858.96	3.186427469
1859.04	3.188952410
1859.13	3.198591653
1859.21	3.205462841
1859.29	3.206892493
1859.38	3.204882824
1859.46	3.177768573
1859.54	3.117506790
1859.63	3.065332643
1859.71	3.070888554
1859.79	3.117402346
1859.88	3.163200802
1859.96	3.188630213
1860.04	3.190051522
1860.13	3.199690749
1860.21	3.206562246
1860.29	3.207992215
1860.38	3.205982549
1860.46	3.178868650
1860.54	3.118607254
1860.63	3.066433167
1860.71	3.071989378
1860.79	3.118503430
1860.88	3.164301842
1860.96	3.189731546
1861.04	3.192256939
1861.13	3.201896866
1861.21	3.208768428
1861.29	3.210198468
1861.38	3.208189512
1861.46	3.181075694
1861.54	3.120814698
1861.63	3.068640691
1861.71	3.074197275
1861.79	3.120711392
1861.88	3.166510186
1861.96	3.191940279
1862.04	3.193361975
1862.13	3.203001834
1862.21	3.209873648
1862.29	3.211303936
1862.38	3.209294908
1862.46	3.182181326
1862.54	3.121920232
1862.63	3.069746438
1862.71	3.075302957
1862.79	3.121817650
1862.88	3.167616406
1862.96	3.193046447
1863.04	3.194468073
1863.13	3.204108186
1863.21	3.210979934
1863.29	3.212410152
1863.38	3.210401052
1863.46	3.183287382
1863.54	3.123026182
1863.63	3.070852595
1863.71	3.076409049
1863.79	3.122923393
1863.88	3.168722104
1863.96	3.194152086
1864.04	3.196677730
1864.13	3.206317599
1864.21	3.213189101
1864.29	3.214619390
1864.38	3.212610361
1864.46	3.185496752
1864.54	3.125235598
1864.63	3.073061753
1864.71	3.078618277
1864.79	3.125132395
1864.88	3.170931188
1864.96	3.196361248
1865.04	3.197782558
1865.13	3.207422288
1865.21	3.214293968
1865.29	3.215723796
1865.38	3.213714624
1865.46	3.186600556
1865.54	3.126339269
1865.63	3.074165295
1865.71	3.079721376
1865.79	3.126235340
1865.88	3.172033976
1865.96	3.197463567
1866.04	3.198885052
1866.13	3.208524317
1866.21	3.215395530
1866.29	3.216825535
1866.38	3.214815903
1866.46	3.187701717
1866.54	3.127440347
1866.63	3.075265981
1866.71	3.080821919
1866.79	3.127335692
1866.88	3.173133817
1866.96	3.198563551
1867.04	3.199984575
1867.13	3.209623683
1867.21	3.216494744
1867.29	3.217924284
1867.38	3.215914513
1867.46	3.188800232
1867.54	3.128538206
1867.63	3.076363808
1867.71	3.081919599
1867.79	3.128432825
1867.88	3.174230708
1867.96	3.199659605
1868.04	3.201080165
1868.13	3.210719035
1868.21	3.217589544
1868.29	3.219018545
1868.38	3.217008246
1868.46	3.189893523
1868.54	3.129631494
1868.63	3.077456459
1868.71	3.083011717
1868.79	3.129524555
1868.88	3.175321414
1868.96	3.200749992
1869.04	3.203274091
1869.13	3.212912598
1869.21	3.219782754
1869.29	3.221211428
1869.38	3.219200817
1869.46	3.192085907
1869.54	3.131823863
1869.63	3.079649089
1869.71	3.085204012
1869.79	3.131715987
1869.88	3.177512600
1869.96	3.202940404
1870.04	3.204360417
1870.13	3.213998017
1870.21	3.220867919
1870.29	3.222296050
1870.38	3.220284916
1870.46	3.193169644
1870.54	3.132907464
1870.63	3.080732520
1870.71	3.086286893
1870.79	3.132798340
1870.88	3.178593792
1870.96	3.204021199
1871.04	3.206544733
1871.13	3.216181797
1871.21	3.223050862
1871.29	3.224478838
1871.38	3.222467256
1871.46	3.195351740
1871.54	3.135089598
1871.63	3.082914643
1871.71	3.088468524
1871.79	3.134979119
1871.88	3.180774030
1871.96	3.206200752
1872.04	3.208723481
1872.13	3.218360384
1872.21	3.225228992
1872.29	3.226656560
1872.38	3.224644603
1872.46	3.197528955
1872.54	3.137267013
1872.63	3.085092191
1872.71	3.090645639
1872.79	3.137155385
1872.88	3.182949441
1872.96	3.208375510
1873.04	3.210898140
1873.13	3.220534158
1873.21	3.227402548
1873.29	3.228829313
1873.38	3.226817234
1873.46	3.199701422
1873.54	3.139439698
1873.63	3.087265018
1873.71	3.092818264
1873.79	3.139327024
1873.88	3.185120088
1873.96	3.210545075
1874.04	3.214171239
1874.13	3.223807136
1874.21	3.230674796
1874.29	3.232101541
1874.38	3.230089161
1874.46	3.202973365
1874.54	3.142712079
1874.63	3.090537748
1874.71	3.096090612
1874.79	3.142598458
1874.88	3.188390610
1874.96	3.213815262
1875.04	3.217441054
1875.13	3.227076179
1875.21	3.233943744
1875.29	3.235370143
1875.38	3.233357144
1875.46	3.206241713
1875.54	3.145981246
1875.63	3.093807314
1875.71	3.099359790
1875.79	3.145866989
1875.88	3.191658185
1875.96	3.217082479
1876.04	3.220708217
1876.13	3.230343847
1876.21	3.237211314
1876.29	3.238637690
1876.38	3.236625358
1876.46	3.209510610
1876.54	3.149251262
1876.63	3.097078639
1876.71	3.102631347
1876.79	3.149138563
1876.88	3.194929803
1876.96	3.220354413
1877.04	3.225084728
1877.13	3.234720700
1877.21	3.241588868
1877.29	3.243016334
1877.38	3.241004487
1877.46	3.213890825
1877.54	3.153632910
1877.63	3.101461604
1877.71	3.107015004
1877.79	3.153522186
1877.88	3.199313731
1877.96	3.224738867
1878.04	3.229469918
1878.13	3.239106582
1878.21	3.245975472
1878.29	3.247403389
1878.38	3.245392345
1878.46	3.218279697
1878.54	3.158023053
1878.63	3.105852616
1878.71	3.111406726
1878.79	3.157914311
1878.88	3.203706606
1878.96	3.229132020
1879.04	3.233863821
1879.13	3.243500955
1879.21	3.250370659
1879.29	3.251799427
1879.38	3.249789579
1879.46	3.222677618
1879.54	3.162422148
1879.63	3.110252811
1879.71	3.115807716
1879.79	3.162315916
1879.88	3.208108535
1879.96	3.233534694
1880.04	3.239370973
1880.13	3.249009073
1880.21	3.255879434
1880.29	3.257308555
1880.38	3.255299072
1880.46	3.228187873
1880.54	3.167932930
1880.63	3.115764084
1880.71	3.121319318
1880.79	3.167827428
1880.88	3.213620281
1880.96	3.239046410
1881.04	3.244883032
1881.13	3.254521144
1881.21	3.261391523
1881.29	3.262821325
1881.38	3.260811881
1881.46	3.233700775
1881.54	3.173445994
1881.63	3.121277602
1881.71	3.126832858
1881.79	3.173341225
1881.88	3.219134025
1881.96	3.244560464
1882.04	3.250397110
1882.13	3.260035564
1882.21	3.266906292
1882.29	3.268335802
1882.38	3.266326722
1882.46	3.239216014
1882.54	3.178961351
1882.63	3.126793377
1882.71	3.132348660
1882.79	3.178857318
1882.88	3.224650099
1882.96	3.250076867
1883.04	3.254809586
1883.13	3.264447921
1883.21	3.271318533
1883.29	3.272748584
1883.38	3.270739396
1883.46	3.243628607
1883.54	3.183374215
1883.63	3.131206185
1883.71	3.136761669
1883.79	3.183270180
1883.88	3.229063132
1883.96	3.254489446
1884.04	3.260326330
1884.13	3.269965018
1884.21	3.276835986
1884.29	3.278265745
1884.38	3.276256920
1884.46	3.249146508
1884.54	3.188892186
1884.63	3.136724532
1884.71	3.142280048
1884.79	3.188788572
1884.88	3.234581861
1884.96	3.260008526
1885.04	3.264741165
1885.13	3.274379668
1885.21	3.281250126
1885.29	3.282679702
1885.38	3.280670371
1885.46	3.253559475
1885.54	3.193305028
1885.63	3.141136623
1885.71	3.146691645
1885.79	3.193199612
1885.88	3.238991686
1885.96	3.264417798
1886.04	3.268046293
1886.13	3.277684523
1886.21	3.284554711
1886.29	3.285984356
1886.38	3.283974775
1886.46	3.256864011
1886.54	3.196609770
1886.63	3.144441864
1886.71	3.149997570
1886.79	3.196505837
1886.88	3.242298870
1886.96	3.267725667
1887.04	3.271354881
1887.13	3.280993427
1887.21	3.287864263
1887.29	3.289294562
1887.38	3.287285635
1887.46	3.260175529
1887.54	3.199921931
1887.63	3.147754646
1887.71	3.153310668
1887.79	3.199819909
1887.88	3.245613296
1887.96	3.271040765
1888.04	3.273566682
1888.13	3.283205748
1888.21	3.290077103
1888.29	3.291507586
1888.38	3.289499493
1888.46	3.262389519
1888.54	3.202135986
1888.63	3.149968775
1888.71	3.155525297
1888.79	3.202034496
1888.88	3.247828159
1888.96	3.273255864
1889.04	3.275781641
1889.13	3.285420583
1889.21	3.292292135
1889.29	3.293722477
1889.38	3.291713907
1889.46	3.264604060
1889.54	3.204350263
1889.63	3.152182810
1889.71	3.157739203
1889.79	3.204248349
1889.88	3.250041954
1889.96	3.275469560
1890.04	3.277995198
1890.13	3.287634411
1890.21	3.294505575
1890.29	3.295935846
1890.38	3.293927529
1890.46	3.266817238
1890.54	3.206563592
1890.63	3.154395981
1890.71	3.159952000
1890.79	3.206461467
1890.88	3.252255074
1890.96	3.277682649
1891.04	3.279104260
1891.13	3.288743125
1891.21	3.295613935
1891.29	3.297043843
1891.38	3.295035159
1891.46	3.267924477
1891.54	3.207670417
1891.63	3.155502411
1891.71	3.161058399
1891.79	3.207567228
1891.88	3.253360825
1891.96	3.278787726
1892.04	3.281312934
1892.13	3.290951255
1892.21	3.297821847
1892.29	3.299251537
1892.38	3.297242306
1892.46	3.270131413
1892.54	3.209876839
1892.63	3.157708647
1892.71	3.163264108
1892.79	3.209772692
1892.88	3.255566039
1892.96	3.280992701
1893.04	3.282414057
1893.13	3.292052079
1893.21	3.298922701
1893.29	3.300352097
1893.38	3.298342905
1893.46	3.271232076
1893.54	3.210977599
1893.63	3.158809494
1893.71	3.164364985
1893.79	3.210873559
1893.88	3.256666573
1893.96	3.282093245
1894.04	3.283514636
1894.13	3.293152685
1894.21	3.300023336
1894.29	3.301452768
1894.38	3.299443615
1894.46	3.272332523
1894.54	3.212078146
1894.63	3.159910132
1894.71	3.165465652
1894.79	3.211974213
1894.88	3.257767217
1894.96	3.283193899
1895.04	3.284614999
1895.13	3.294253073
1895.21	3.301123425
1895.29	3.302553221
1895.38	3.300543778
1895.46	3.273432753
1895.54	3.213178480
1895.63	3.161010560
1895.71	3.166565794
1895.79	3.213074335
1895.88	3.258867320
1895.96	3.284294009
1896.04	3.285715143
1896.13	3.295353316
1896.21	3.302223770
1896.29	3.303653344
1896.38	3.301644013
1896.46	3.274533454
1896.54	3.214279028
1896.63	3.162110953
1896.71	3.167666601
1896.79	3.214174883
1896.88	3.259967928
1896.96	3.285394699
1897.04	3.286815942
1897.13	3.296453814
1897.21	3.303324297
1897.29	3.304753907
1897.38	3.302744943
1897.46	3.275634119
1897.54	3.215380109
1897.63	3.163212431
1897.71	3.168768110
1897.79	3.215277031
1897.88	3.261070412
1897.96	3.286497536
1898.04	3.289023095
1898.13	3.298662205
1898.21	3.305533603
1898.29	3.306963798
1898.38	3.304955418
1898.46	3.277845480
1898.54	3.217591655
1898.63	3.165424163
1898.71	3.170980410
1898.79	3.217489325
1898.88	3.263282696
1898.96	3.288709454
1899.04	3.292338898
1899.13	3.301977290
1899.21	3.308847963
1899.29	3.310277757
1899.38	3.308268645
1899.46	3.281157970
1899.54	3.220903421
1899.63	3.168735230
1899.71	3.174290458
1899.79	3.220798634
1899.88	3.266591246
1899.96	3.292017578
1900.04	3.295645961
1900.13	3.305283753
1900.21	3.312153829
1900.29	3.313583034
1900.38	3.311573009
1900.46	3.284461814
1900.54	3.224206841
1900.63	3.172038225
1900.71	3.177592874
1900.79	3.224100341
1900.88	3.269891904
1900.96	3.295317237
1901.04	3.298945350
1901.13	3.308582520
1901.21	3.315451650
1901.29	3.316880261
1901.38	3.314869658
1901.46	3.287758004
1901.54	3.227502746
1901.63	3.175333509
1901.71	3.180887565
1901.79	3.227394208
1901.88	3.273184935
1901.96	3.298609537
1902.04	3.303340656
1902.13	3.312977324
1902.21	3.319845968
1902.29	3.321274127
1902.38	3.319263094
1902.46	3.292150856
1902.54	3.231895586
1902.63	3.179726610
1902.71	3.185279884
1902.79	3.231785432
1902.88	3.277575700
1902.96	3.302999666
1903.04	3.306626044
1903.13	3.316262046
1903.21	3.323130044
1903.29	3.324557269
1903.38	3.322545994
1903.46	3.295433079
1903.54	3.235177775
1903.63	3.183008712
1903.71	3.188561367
1903.79	3.235065897
1903.88	3.280854812
1903.96	3.306277937
1904.04	3.311007611
1904.13	3.320643070
1904.21	3.327510550
1904.29	3.328937315
1904.38	3.326925285
1904.46	3.299812553
1904.54	3.239557477
1904.63	3.187388566
1904.71	3.192941049
1904.79	3.239444621
1904.88	3.285232899
1904.96	3.310655619
1905.04	3.315385454
1905.13	3.325020358
1905.21	3.331887975
1905.29	3.333314609
1905.38	3.331302819
1905.46	3.304190283
1905.54	3.243936110
1905.63	3.191767684
1905.71	3.197319993
1905.79	3.243823241
1905.88	3.289611211
1905.96	3.315033528
1906.04	3.320867091
1906.13	3.330502099
1906.21	3.337369523
1906.29	3.338796024
1906.38	3.336784141
1906.46	3.309672129
1906.54	3.249418206
1906.63	3.197250588
1906.71	3.202802721
1906.79	3.249305321
1906.88	3.295092322
1906.96	3.320514557
1907.04	3.325244053
1907.13	3.334878761
1907.21	3.341745583
1907.29	3.343172210
1907.38	3.341160162
1907.46	3.314048284
1907.54	3.253794892
1907.63	3.201627716
1907.71	3.207179600
1907.79	3.253681456
1907.88	3.299468042
1907.96	3.324889452
1908.04	3.329618701
1908.13	3.339253102
1908.21	3.346119983
1908.29	3.347546403
1908.38	3.345534189
1908.46	3.318422129
1908.54	3.258169633
1908.63	3.206002609
1908.71	3.211554560
1908.79	3.258055643
1908.88	3.303841462
1908.96	3.329262359
1909.04	3.333991359
1909.13	3.343625705
1909.21	3.350492233
1909.29	3.351918371
1909.38	3.349906253
1909.46	3.322794612
1909.54	3.262542964
1909.63	3.210376678
1909.71	3.215928625
1909.79	3.262429177
1909.88	3.308214476
1909.96	3.333635116
1910.04	3.338364456
1910.13	3.347998416
1910.21	3.354865260
1910.29	3.356291449
1910.38	3.354279426
1910.46	3.327168527
1910.54	3.266917372
1910.63	3.214752127
1910.71	3.220303751
1910.79	3.266804114
1910.88	3.312588915
1910.96	3.338009310
1911.04	3.342738661
1911.13	3.352372905
1911.21	3.359239736
1911.29	3.360665976
1911.38	3.358654048
1911.46	3.331543547
1911.54	3.271293514
1911.63	3.219128961
1911.71	3.224680906
1911.79	3.271180786
1911.88	3.316965116
1911.96	3.342385945
1912.04	3.346011495
1912.13	3.355645551
1912.21	3.362512559
1912.29	3.363939041
1912.38	3.361927393
1912.46	3.334817122
1912.54	3.274568024
1912.63	3.222404307
1912.71	3.227956114
1912.79	3.274455723
1912.88	3.320239796
1912.96	3.345660267
1913.04	3.350389836
1913.13	3.360024116
1913.21	3.366891381
1913.29	3.368318178
1913.38	3.366306547
1913.46	3.339196895
1913.54	3.278948760
1913.63	3.226785587
1913.71	3.232337976
1913.79	3.278837100
1913.88	3.324621028
1913.96	3.350041568
1914.04	3.353667628
1914.13	3.363301660
1914.21	3.370168703
1914.29	3.371595669
1914.38	3.369584243
1914.46	3.342475044
1914.54	3.282227360
1914.63	3.230065206
1914.71	3.235617394
1914.79	3.282116238
1914.88	3.327899897
1914.96	3.353320039
1915.04	3.356946246
1915.13	3.366580367
1915.21	3.373447528
1915.29	3.374874328
1915.38	3.372863105
1915.46	3.345754350
1915.54	3.285507422
1915.63	3.233345620
1915.71	3.238897931
1915.79	3.285396512
1915.88	3.331179588
1915.96	3.356599671
1916.04	3.360225693
1916.13	3.369860316
1916.21	3.376727336
1916.29	3.378154718
1916.38	3.376143436
1916.46	3.349035187
1916.54	3.288788732
1916.63	3.236627654
1916.71	3.242180164
1916.79	3.288678252
1916.88	3.334461172
1916.96	3.359881286
1917.04	3.364611295
1917.13	3.374245831
1917.21	3.381113124
1917.29	3.382540490
1917.38	3.380529896
1917.46	3.353421872
1917.54	3.293176252
1917.63	3.241015930
1917.71	3.246568391
1917.79	3.293066747
1917.88	3.338849295
1917.96	3.364269536
1918.04	3.367896087
1918.13	3.377530993
1918.21	3.384398343
1918.29	3.385826146
1918.38	3.383815340
1918.46	3.356708301
1918.54	3.296463563
1918.63	3.244303725
1918.71	3.249856899
1918.79	3.296355365
1918.88	3.342138373
1918.96	3.367559225
1919.04	3.371186199
1919.13	3.380821642
1919.21	3.387689884
1919.29	3.389118615
1919.38	3.387108754
1919.46	3.360002452
1919.54	3.299758931
1919.63	3.247600241
1919.71	3.253154288
1919.79	3.299653139
1919.88	3.345436883
1919.96	3.370858235
1920.04	3.374486127
1920.13	3.384122397
1920.21	3.390991143
1920.29	3.392420393
1920.38	3.390411063
1920.46	3.363305352
1920.54	3.303062491
1920.63	3.250904425
1920.71	3.256458963
1920.79	3.302958231
1920.88	3.348742409
1920.96	3.374164239
1921.04	3.378896389
1921.13	3.388532983
1921.21	3.395402395
1921.29	3.396831982
1921.38	3.394823666
1921.46	3.367718308
1921.54	3.307476141
1921.63	3.255318420
1921.71	3.260873281
1921.79	3.307373198
1921.88	3.353157376
1921.96	3.378579542
1922.04	3.383312030
1922.13	3.392948963
1922.21	3.399818715
1922.29	3.401248641
1922.38	3.399240325
1922.46	3.372135289
1922.54	3.311893086
1922.63	3.259735658
1922.71	3.265290849
1922.79	3.311790803
1922.88	3.357575351
1922.96	3.382997878
1923.04	3.386626628
1923.13	3.396263496
1923.21	3.403133519
1923.29	3.404563371
1923.38	3.402554978
1923.46	3.375449841
1923.54	3.315207506
1923.63	3.263050280
1923.71	3.268605079
1923.79	3.315105003
1923.88	3.360889519
1923.96	3.386311656
1924.04	3.391044077
1924.13	3.400680882
1924.21	3.407550500
1924.29	3.408980283
1924.38	3.406972157
1924.46	3.379866932
1924.54	3.319624491
1924.63	3.267466515
1924.71	3.273021249
1924.79	3.319521122
1924.88	3.365305583
1924.96	3.390727658
1925.04	3.396563754
1925.13	3.406200681
1925.21	3.413070422
1925.29	3.414500325
1925.38	3.412491640
1925.46	3.385386528
1925.54	3.325144188
1925.63	3.272986637
1925.71	3.278541163
1925.79	3.325041169
1925.88	3.370825768
1925.96	3.396247636
1926.04	3.400980110
1926.13	3.410616746
1926.21	3.417486193
1926.29	3.418915802
1926.38	3.416907160
1926.46	3.389801751
1926.54	3.329559119
1926.63	3.277401286
1926.71	3.282955527
1926.79	3.329455237
1926.88	3.375239195
1926.96	3.400660757
1927.04	3.405392595
1927.13	3.415028928
1927.21	3.421898074
1927.29	3.423327385
1927.38	3.421318449
1927.46	3.394212438
1927.54	3.333969593
1927.63	3.281811219
1927.71	3.287365494
1927.79	3.333864513
1927.88	3.379648100
1927.96	3.405069321
1928.04	3.410904595
1928.13	3.420540348
1928.21	3.427409257
1928.29	3.428838344
1928.38	3.426828850
1928.46	3.399722684
1928.54	3.339479773
1928.63	3.287321320
1928.71	3.292875040
1928.79	3.339373713
1928.88	3.385156613
1928.96	3.410577537
1929.04	3.416412572
1929.13	3.426048073
1929.21	3.432916396
1929.29	3.434345255
1929.38	3.432335546
1929.46	3.405229254
1929.54	3.344986008
1929.63	3.292827536
1929.71	3.298380692
1929.79	3.344878964
1929.88	3.390661460
1929.96	3.416082059
1930.04	3.420813115
1930.13	3.430448770
1930.21	3.437317261
1930.29	3.438745967
1930.38	3.436736462
1930.46	3.409630474
1930.54	3.349387661
1930.63	3.297229583
1930.71	3.302783233
1930.79	3.349281521
1930.88	3.395064379
1930.96	3.420484741
1931.04	3.426251443
1931.13	3.435887326
1931.21	3.442756055
1931.29	3.444184677
1931.38	3.442175440
1931.46	3.415069803
1931.54	3.354827107
1931.63	3.302669450
1931.71	3.308223335
1931.79	3.354721400
1931.88	3.400504035
1931.96	3.425924918
1932.04	3.432211592
1932.13	3.441847095
1932.21	3.448715795
1932.29	3.450144403
1932.38	3.448134821
1932.46	3.421028921
1932.54	3.360786081
1932.63	3.308628265
1932.71	3.314181462
1932.79	3.360679011
1932.88	3.406461122
1932.96	3.431881556
1933.04	3.437064133
1933.13	3.446699855
1933.21	3.453568442
1933.29	3.454997303
1933.38	3.452988331
1933.46	3.425882792
1933.54	3.365641099
1933.63	3.313484043
1933.71	3.319038461
1933.79	3.365536796
1933.88	3.411320061
1933.96	3.436741036
1934.04	3.441924545
1934.13	3.451561272
1934.21	3.458430529
1934.29	3.459860069
1934.38	3.457851436
1934.46	3.430746600
1934.54	3.370505286
1934.63	3.318348260
1934.71	3.323902667
1934.79	3.370401295
1934.88	3.416184183
1934.96	3.441605132
1935.04	3.446788972
1935.13	3.456425341
1935.21	3.463294586
1935.29	3.464724117
1935.38	3.462715478
1935.46	3.435610655
1935.54	3.375369380
1935.63	3.323212717
1935.71	3.328767114
1935.79	3.375265704
1935.88	3.421048552
1935.96	3.446469820
1936.04	3.451653650
1936.13	3.461290351
1936.21	3.468159929
1936.29	3.469589798
1936.38	3.467581153
1936.46	3.440476673
1936.54	3.380235738
1936.63	3.328079405
1936.71	3.333633794
1936.79	3.380132713
1936.88	3.425916241
1936.96	3.451337508
1937.04	3.454314242
1937.13	3.463950710
1937.21	3.470820399
1937.29	3.472250377
1937.38	3.470241839
1937.46	3.443137455
1937.54	3.382896262
1937.63	3.330740013
1937.71	3.336294508
1937.79	3.382793553
1937.88	3.428576868
1937.96	3.453998253
1938.04	3.456975096
1938.13	3.466611528
1938.21	3.473480834
1938.29	3.474910426
1938.38	3.472901846
1938.46	3.445797417
1938.54	3.385556172
1938.63	3.333399541
1938.71	3.338953998
1938.79	3.385453008
1938.88	3.431236285
1938.96	3.456657631
1939.04	3.458530715
1939.13	3.468166917
1939.21	3.475036339
1939.29	3.476465700
1939.38	3.474457236
1939.46	3.447352236
1939.54	3.387111116
1939.63	3.334954273
1939.71	3.340508840
1939.79	3.387007615
1939.88	3.432790653
1939.96	3.458212105
1940.04	3.460084959
1940.13	3.469721273
1940.21	3.476590115
1940.29	3.478019591
1940.38	3.476010898
1940.46	3.448906026
1940.54	3.388664712
1940.63	3.336508010
1940.71	3.342062352
1940.79	3.388560874
1940.88	3.434343995
1940.96	3.459765202
1941.04	3.460534108
1941.13	3.470170031
1941.21	3.477038829
1941.29	3.478467919
1941.38	3.476459190
1941.46	3.449353965
1941.54	3.389112343
1941.63	3.336955336
1941.71	3.342509634
1941.79	3.389007719
1941.88	3.434790393
1941.96	3.460211101
1942.04	3.459875106
1942.13	3.469510204
1942.21	3.476378180
1942.29	3.477806459
1942.38	3.475796583
1942.46	3.448690640
1942.54	3.388448094
1942.63	3.336290504
1942.71	3.341843671
1942.79	3.388340775
1942.88	3.434122107
1942.96	3.459541967
1943.04	3.459205629
1943.13	3.468840678
1943.21	3.475708273
1943.29	3.477136200
1943.38	3.475126334
1943.46	3.448020192
1943.54	3.387777970
1943.63	3.335620328
1943.71	3.341173133
1943.79	3.387669639
1943.88	3.433450712
1943.96	3.458870084
1944.04	3.458533748
1944.13	3.468168051
1944.21	3.475035606
1944.29	3.476463524
1944.38	3.474452978
1944.46	3.447347004
1944.54	3.387105492
1944.63	3.334948166
1944.71	3.340500938
1944.79	3.386997500
1944.88	3.432778642
1944.96	3.458197711
1945.04	3.458964730
1945.13	3.468598515
1945.21	3.475465567
1945.29	3.476892668
1945.38	3.474882022
1945.46	3.447775424
1945.54	3.387532859
1945.63	3.335375136
1945.71	3.340926758
1945.79	3.387421498
1945.88	3.433200783
1945.96	3.458618638
1946.04	3.459384502
1946.13	3.469017124
1946.21	3.475882686
1946.29	3.477308697
1946.38	3.475296648
1946.46	3.448189272
1946.54	3.387946658
1946.63	3.335788486
1946.71	3.341339341
1946.79	3.387833160
1946.88	3.433611181
1946.96	3.459028003
1947.04	3.460897492
1947.13	3.470529686
1947.21	3.477394855
1947.29	3.478820884
1947.38	3.476808551
1947.46	3.449701208
1947.54	3.389459391
1947.63	3.337301580
1947.71	3.342852067
1947.79	3.389344991
1947.88	3.435122117
1947.96	3.460538301
1948.04	3.462407458
1948.13	3.472039217
1948.21	3.478904331
1948.29	3.480329686
1948.38	3.478317071
1948.46	3.451210130
1948.54	3.390968485
1948.63	3.338811090
1948.71	3.344361537
1948.79	3.390853182
1948.88	3.436629364
1948.96	3.462045229
1949.04	3.465017349
1949.13	3.474648891
1949.21	3.481513828
1949.29	3.482939082
1949.38	3.480926415
1949.46	3.453819782
1949.54	3.393578921
1949.63	3.341422197
1949.71	3.346972486
1949.79	3.393463385
1949.88	3.439239171
1949.96	3.464654248
1950.04	3.467626244
1950.13	3.477257913
1950.21	3.484122324
1950.29	3.485547477
1950.38	3.483535106
1950.46	3.456428441
1950.54	3.396188718
1950.63	3.344032672
1950.71	3.349582804
1950.79	3.396072948
1950.88	3.441847989
1950.96	3.467262959
1951.04	3.472442398
1951.13	3.482073730
1951.21	3.488938537
1951.29	3.490364445
1951.38	3.488352249
1951.46	3.461246814
1951.54	3.401008163
1951.63	3.348853376
1951.71	3.354402838
1951.79	3.400892112
1951.88	3.446666493
1951.96	3.472081782
1952.04	3.477261479
1952.13	3.486892843
1952.21	3.493757383
1952.29	3.495183484
1952.38	3.493171750
1952.46	3.466067057
1952.54	3.405829154
1952.63	3.353675507
1952.71	3.359225611
1952.79	3.405714768
1952.88	3.451488919
1952.96	3.476903051
1953.04	3.482082970
1953.13	3.491714576
1953.21	3.498579565
1953.29	3.500005621
1953.38	3.497993901
1953.46	3.470888854
1953.54	3.410651611
1953.63	3.358498032
1953.71	3.364048194
1953.79	3.410537137
1953.88	3.456310895
1953.96	3.481725537
1954.04	3.488009479
1954.13	3.497641301
1954.21	3.504506363
1954.29	3.505932381
1954.38	3.503921401
1954.46	3.476816974
1954.54	3.416581017
1954.63	3.364428456
1954.71	3.369978592
1954.79	3.416467215
1954.88	3.462239979
1954.96	3.487653848
1955.04	3.495041010
1955.13	3.504672463
1955.21	3.511537654
1955.29	3.512963299
1955.38	3.510951981
1955.46	3.483848076
1955.54	3.423612771
1955.63	3.371460594
1955.71	3.377010715
1955.79	3.423498192
1955.88	3.469270884
1955.96	3.494684514
1956.04	3.502071580
1956.13	3.511702746
1956.21	3.518567902
1956.29	3.519993842
1956.38	3.517982059
1956.46	3.490877985
1956.54	3.430642825
1956.63	3.378491616
1956.71	3.384041488
1956.79	3.430528855
1956.88	3.476300645
1956.96	3.501714076
1957.04	3.509100679
1957.13	3.518731531
1957.21	3.525595915
1957.29	3.527022230
1957.38	3.525010594
1957.46	3.497907310
1957.54	3.437673024
1957.63	3.385522036
1957.71	3.391071576
1957.79	3.437557740
1957.88	3.483328775
1957.96	3.508741461
1958.04	3.517231622
1958.13	3.526862550
1958.21	3.529722459
1958.29	3.535183357
1958.38	3.527995012
1958.46	3.504655231
1958.54	3.444826001
1958.63	3.404620275
1958.71	3.409661525
1958.79	3.448186266
1958.88	3.488922300
1958.96	3.514280098
1959.04	3.529013093
1959.13	3.538520450
1959.21	3.540820383
1959.29	3.538115046
1959.38	3.536662971
1959.46	3.514536445
1959.54	3.452279644
1959.63	3.403135841
1959.71	3.416671811
1959.79	3.457182238
1959.88	3.505090247
1959.96	3.524269013
1960.04	3.537897721
1960.13	3.544976710
1960.21	3.550366206
1960.29	3.552406006
1960.38	3.555810488
1960.46	3.530265094
1960.54	3.470327721
1960.63	3.415338209
1960.71	3.420157485
1960.79	3.463535343
1960.88	3.507249130
1960.96	3.530951090
1961.04	3.543365354
1961.13	3.552982166
1961.21	3.560909753
1961.29	3.557432264
1961.38	3.561829632
1961.46	3.532201431
1961.54	3.474581050
1961.63	3.424997903
1961.71	3.427168546
1961.79	3.480476902
1961.88	3.519335719
1961.96	3.539948136
1962.04	3.554458934
1962.13	3.562419670
1962.21	3.573436274
1962.29	3.570068722
1962.38	3.566520517
1962.46	3.540753240
1962.54	3.485670248
1962.63	3.431673508
1962.71	3.443111780
1962.79	3.480860681
1962.88	3.525785922
1962.96	3.547500628
1963.04	3.563223790
1963.13	3.568093909
1963.21	3.575356977
1963.29	3.578388522
1963.38	3.580026470
1963.46	3.550839149
1963.54	3.487370933
1963.63	3.435690698
1963.71	3.442602615
1963.79	3.487078757
1963.88	3.530456510
1963.96	3.554154459
1964.04	3.572303190
1964.13	3.574207589
1964.21	3.576118399
1964.29	3.578029040
1964.38	3.579940008
1964.46	3.555385458
1964.54	3.495006482
1964.63	3.445864520
1964.71	3.447921096
1964.79	3.495815927
1964.88	3.537757398
1964.96	3.558474375
1965.04	3.570773615
1965.13	3.582922705
1965.21	3.586542274
1965.29	3.586371135
1965.38	3.578957221
1965.46	3.555063423
1965.54	3.505387503
1965.63	3.446867778
1965.71	3.460065998
1965.79	3.501337768
1965.88	3.549565217
1965.96	3.566198756
1966.04	3.583682099
1966.13	3.595499026
1966.21	3.602978503
1966.29	3.605454525
1966.38	3.599254882
1966.46	3.575692470
1966.54	3.516308033
1966.63	3.464077603
1966.71	3.469110313
1966.79	3.510048152
1966.88	3.559596187
1966.96	3.584392241
1967.04	3.599448000
1967.13	3.605417636
1967.21	3.610027959
1967.29	3.611399264
1967.38	3.610052868
1967.46	3.579319568
1967.54	3.517950191
1967.63	3.470022791
1967.71	3.476378815
1967.79	3.523273368
1967.88	3.569731744
1967.96	3.593975629
1968.04	3.604948924
1968.13	3.612462123
1968.21	3.619278318
1968.29	3.617891549
1968.38	3.616214268
1968.46	3.593203846
1968.54	3.535367782
1968.63	3.482148033
1968.71	3.488393652
1968.79	3.533521695
1968.88	3.576116257
1968.96	3.603558248
1969.04	3.620598684
1969.13	3.626346456
1969.21	3.638458621
1969.29	3.635859027
1969.38	3.635616623
1969.46	3.608526803
1969.54	3.554444577
1969.63	3.495894115
1969.71	3.499924317
1969.79	3.538095408
1969.88	3.583037843
1969.96	3.612735169
1970.04	3.633190933
1970.13	3.639159834
1970.21	3.636836565
1970.29	3.635347745
1970.38	3.639185523
1970.46	3.615081207
1970.54	3.560193853
1970.63	3.517726583
1970.71	3.517566250
1970.79	3.558716294
1970.88	3.604541592
1970.96	3.631040675
1971.04	3.644299861
1971.13	3.651040114
1971.21	3.655208851
1971.29	3.647975948
1971.38	3.652806563
1971.46	3.628255083
1971.54	3.570314582
1971.63	3.519637706
1971.71	3.520588420
1971.79	3.569793599
1971.88	3.614260557
1971.96	3.638170690
1972.04	3.650797255
1972.13	3.661397471
1972.21	3.661373047
1972.29	3.669251043
1972.38	3.665367728
1972.46	3.633867987
1972.54	3.578024368
1972.63	3.529001904
1972.71	3.537784302
1972.79	3.586104840
1972.88	3.632886270
1972.96	3.655030128
1973.04	3.670303610
1973.13	3.682557750
1973.21	3.689372395
1973.29	3.688757293
1973.38	3.691821799
1973.46	3.666610108
1973.54	3.609004993
1973.63	3.561861751
1973.71	3.566123384
1973.79	3.609369844
1973.88	3.651076589
1973.96	3.666933054
1974.04	3.679005768
1974.13	3.695119327
1974.21	3.702265025
1974.29	3.701319591
1974.38	3.698428994
1974.46	3.668475243
1974.54	3.612305977
1974.63	3.562737515
1974.71	3.565122779
1974.79	3.611345142
1974.88	3.654263206
1974.96	3.677067114
1975.04	3.690463469
1975.13	3.702717137
1975.21	3.708318932
1975.29	3.708476688
1975.38	3.707903133
1975.46	3.683245511
1975.54	3.620240489
1975.63	3.569901006
1975.71	3.577470546
1975.79	3.621927647
1975.88	3.665507220
1975.96	3.690076227
1976.04	3.705238137
1976.13	3.715286189
1976.21	3.724307602
1976.29	3.722371013
1976.38	3.717826847
1976.46	3.691293464
1976.54	3.628643364
1976.63	3.583866731
1976.71	3.591205121
1976.79	3.632346650
1976.88	3.676618602
1976.96	3.703001603
1977.04	3.716835229
1977.13	3.722029083
1977.21	3.727645820
1977.29	3.734870241
1977.38	3.735510248
1977.46	3.710420491
1977.54	3.653892427
1977.63	3.599523952
1977.71	3.602339450
1977.79	3.646015747
1977.88	3.688079435
1977.96	3.720526071
1978.04	3.743623729
1978.13	3.751466992
1978.21	3.758188744
1978.29	3.758136240
1978.38	3.752381156
1978.46	3.727623145
1978.54	3.668559975
1978.63	3.616950089
1978.71	3.619104829
1978.79	3.664323429
1978.88	3.705283730
1978.96	3.730672763
1979.04	3.752777377
1979.13	3.764479617
1979.21	3.776273603
1979.29	3.771148516
1979.38	3.761973543
1979.46	3.742618910
1979.54	3.686204851
1979.63	3.632722186
1979.71	3.637081771
1979.79	3.687152195
1979.88	3.731971370
1979.96	3.756478035
1980.04	3.782443858
1980.13	3.798119197
1980.21	3.808592689
1980.29	3.812402757
1980.38	3.805768101
1980.46	3.771529555
1980.54	3.703647781
1980.63	3.651156958
1980.71	3.666543226
1980.79	3.711760269
1980.88	3.753049514
1980.96	3.781194610
1981.04	3.799661845
1981.13	3.812800206
1981.21	3.819303014
1981.29	3.817708019
1981.38	3.811181926
1981.46	3.776171119
1981.54	3.715128101
1981.63	3.667270935
1981.71	3.673394081
1981.79	3.720593708
1981.88	3.767504680
1981.96	3.790464353
1982.04	3.805950224
1982.13	3.818422160
1982.21	3.824699735
1982.29	3.821336138
1982.38	3.812932111
1982.46	3.783432368
1982.54	3.725806766
1982.63	3.669458306
1982.71	3.671719668
1982.79	3.721009567
1982.88	3.768688870
1982.96	3.794843151
1983.04	3.814735412
1983.13	3.821139757
1983.21	3.824549135
1983.29	3.835188591
1983.38	3.838032631
1983.46	3.809859659
1983.54	3.748159864
1983.63	3.693250492
1983.71	3.699262663
1983.79	3.746128434
1983.88	3.789177106
1983.96	3.817097260
1984.04	3.837875360
1984.13	3.845605742
1984.21	3.852215307
1984.29	3.856462013
1984.38	3.853463581
1984.46	3.824630204
1984.54	3.763371990
1984.63	3.712101073
1984.71	3.716681427
1984.79	3.766193070
1984.88	3.809903983
1984.96	3.831429632
1985.04	3.844376879
1985.13	3.855964091
1985.21	3.867092535
1985.29	3.867148569
1985.38	3.866465420
1985.46	3.847801642
1985.54	3.785742436
1985.63	3.729831973
1985.71	3.742147024
1985.79	3.780816459
1985.88	3.810742294
1985.96	3.841324005
1986.04	3.866715113
1986.13	3.875890658
1986.21	3.884113292
1986.29	3.887482745
1986.38	3.885758478
1986.46	3.860280260
1986.54	3.805831109
1986.63	3.757199833
1986.71	3.750881806
1986.79	3.797157272
1986.88	3.835793156
1986.96	3.849505217
1987.04	3.862986527
1987.13	3.878553339
1987.21	3.892395173
1987.29	3.897415376
1987.38	3.896130611
1987.46	3.876275001
1987.54	3.831860916
1987.63	3.774190773
1987.71	3.771512120
1987.79	3.819329736
1987.88	3.861823489
1987.96	3.881047934
1988.04	3.899932843
1988.13	3.914179975
1988.21	3.926813114
1988.29	3.934925089
1988.38	3.930999214
1988.46	3.903429580
1988.54	3.853726375
1988.63	3.805319618
1988.71	3.812454795
1988.79	3.862590140
1988.88	3.903212300
1988.96	3.918359272
1989.04	3.938348353
1989.13	3.956346265
1989.21	3.966667286
1989.29	3.960118309
1989.38	3.951341944
1989.46	3.930718909
1989.54	3.875724598
1989.63	3.819048441
1989.71	3.825741967
1989.79	3.867829725
1989.88	3.922013007
1989.96	3.960773443
1990.04	3.963173576
1990.13	3.960219730
1990.21	3.971687017
1990.29	3.973118004
1990.38	3.964818612
1990.46	3.927206767
1990.54	3.866187792
1990.63	3.825252655
1990.71	3.828187815
1990.79	3.874695010
1990.88	3.922815062
1990.96	3.943441871
1991.04	3.966466373
1991.13	3.977968376
1991.21	3.980402400
1991.29	3.982181256
1991.38	3.976521456
1991.46	3.954147586
1991.54	3.898144591
1991.63	3.841647009
1991.71	3.844336899
1991.79	3.889866800
1991.88	3.938450545
1991.96	3.975742726
1992.04	3.991204121
1992.13	3.992286910
1992.21	3.999862541
1992.29	3.994910120
1992.38	3.990825900
1992.46	3.964573554
1992.54	3.889079869
1992.63	3.833531186
1992.71	3.837964042
1992.79	3.883996812
1992.88	3.928412630
1992.96	3.961598565
1993.04	3.976087456
1993.13	3.981139709
1993.21	3.993270004
1993.29	3.999763959
1993.38	3.997410206
1993.46	3.962764654
1993.54	3.893377282
1993.63	3.847692601
1993.71	3.851730947
1993.79	3.897008239
1993.88	3.938592235
1993.96	3.965810164
1994.04	3.990815999
1994.13	4.007323138
1994.21	4.016555944
1994.29	4.013429349
1994.38	4.005774241
1994.46	3.980027900
1994.54	3.923515054
1994.63	3.869054037
1994.71	3.871402317
1994.79	3.918198687
1994.88	3.970620330
1994.96	3.995692347
1995.04	4.006975557
1995.13	4.020340352
1995.21	4.028903075
1995.29	4.023148871
1995.38	4.018922289
1995.46	3.994363599
1995.54	3.941526361
1995.63	3.892353449
1995.71	3.898315803
1995.79	3.939591465
1995.88	3.993111351
1995.96	4.020774597
1996.04	4.027582851
1996.13	4.034605846
1996.21	4.042286407
1996.29	4.045505163
1996.38	4.050556894
1996.46	4.034588306
1996.54	3.990884637
1996.63	3.929102440
1996.71	3.913893931
1996.79	3.960271099
1996.88	4.006458814
1996.96	4.027850116
1997.04	4.048890909
1997.13	4.055681017
1997.21	4.052920969
1997.29	4.053308503
1997.38	4.055829524
1997.46	4.024423597
1997.54	3.967110631
1997.63	3.917558208
1997.71	3.926661311
1997.79	3.974070022
1997.88	4.016069550
1997.96	4.043174559
1998.04	4.061274727
1998.13	4.072729583
1998.21	4.077310503
1998.29	4.079817854
1998.38	4.082197866
1998.46	4.060184480
1998.54	4.003809353
1998.63	3.955870171
1998.71	3.966267027
1998.79	4.015347606
1998.88	4.063572900
1998.96	4.088882984
1999.04	4.103562591
1999.13	4.111716283
1999.21	4.116943393
1999.29	4.119919635
1999.38	4.118702068
1999.46	4.088896920
1999.54	4.019323614
1999.63	3.966495963
1999.71	3.977187159
1999.79	4.024587956
1999.88	4.070099014
1999.96	4.098697063
2000.04	4.110173079
2000.13	4.119195466
2000.21	4.128859106
2000.29	4.132450547
2000.38	4.133114171
2000.46	4.099750042
2000.54	4.035448921
2000.63	3.993508390
2000.71	3.996606213
2000.79	4.046636139
2000.88	4.088846292
2000.96	4.109700141
2001.04	4.129198082
2001.13	4.140581603
2001.21	4.140649183
2001.29	4.148343649
2001.38	4.152038562
2001.46	4.116567734
2001.54	4.049109825
2001.63	4.001125148
2001.71	4.009977843
2001.79	4.059002805
2001.88	4.107240788
2001.96	4.130596079
2002.04	4.143439237
2002.13	4.157267300
2002.21	4.165785288
2002.29	4.168559336
2002.38	4.166051299
2002.46	4.139051719
2002.54	4.075696576
2002.63	4.025789387
2002.71	4.032534788
2002.79	4.081276933
2002.88	4.125393905
2002.96	4.143260554
2003.04	4.182934725
2003.13	4.198105192
2003.21	4.201120534
2003.29	4.202056358
2003.38	4.202538225
2003.46	4.175682582
2003.54	4.110882575
2003.63	4.058742627
2003.71	4.067740268
2003.79	4.119907823
2003.88	4.170666950
2003.96	4.191195072
2004.04	4.197615292
2004.13	4.205026256
2004.21	4.214900426
2004.29	4.218803703
2004.38	4.215626681
2004.46	4.191529588
2004.54	4.126152995
2004.63	4.068378232
2004.71	4.067566937
2004.79	4.121203499
2004.88	4.168555844
2004.96	4.204722482
2005.04	4.224946037
2005.13	4.227552722
2005.21	4.227161907
2005.29	4.241461452
2005.38	4.243004555
2005.46	4.215677373
2005.54	4.144845666
2005.63	4.092801106
2005.71	4.102153413
2005.79	4.144617490
2005.88	4.198713444
2005.96	4.231103301
2006.04	4.239290713
2006.13	4.247517682
2006.21	4.257354855
2006.29	4.266356194
2006.38	4.270632217
2006.46	4.249895153
2006.54	4.185728868
2006.63	4.125056690
2006.71	4.132511902
2006.79	4.181237614
2006.88	4.230875023
2006.96	4.260876307
2007.04	4.272655733
2007.13	4.279035973
2007.21	4.285921451
2007.29	4.286745947
2007.38	4.279178993
2007.46	4.251796011
2007.54	4.185482346
2007.63	4.127610944
2007.71	4.140003349
2007.79	4.198277539
2007.88	4.242239491
2007.96	4.271873283
2008.04	4.290662933
2008.13	4.303572226
2008.21	4.312470680
2008.29	4.316312478
2008.38	4.312916006
2008.46	4.280570472
2008.54	4.214465626
2008.63	4.159082567
2008.71	4.162058497
