1907.04	0.000	1.362
1907.13	0.000	1.362
1907.21	0.000	1.362
1907.29	0.000	1.362
1907.38	0.000	1.362
1907.46	0.000	1.362
1907.54	0.000	1.362
1907.63	0.000	1.362
1907.71	0.000	1.362
1907.79	0.000	1.362
1907.88	0.000	1.362
1907.96	0.000	1.362
1908.04	0.001	1.362
1908.13	0.002	1.362
1908.21	0.003	1.362
1908.29	0.003	1.362
1908.38	0.004	1.362
1908.46	0.005	1.362
1908.54	0.006	1.362
1908.63	0.006	1.362
1908.71	0.006	1.362
1908.79	0.006	1.362
1908.88	0.007	1.362
1908.96	0.007	1.362
1909.04	0.008	1.362
1909.13	0.011	1.362
1909.21	0.014	1.362
1909.29	0.014	1.362
1909.38	0.016	1.362
1909.46	0.019	1.362
1909.54	0.021	1.362
1909.63	0.022	1.362
1909.71	0.023	1.362
1909.79	0.024	1.362
1909.88	0.024	1.362
1909.96	0.025	1.362
1910.04	0.026	1.362
1910.13	0.026	1.362
1910.21	0.026	1.362
1910.29	0.026	1.362
1910.38	0.026	1.362
1910.46	0.029	1.362
1910.54	0.029	1.362
1910.63	0.029	1.362
1910.71	0.029	1.362
1910.79	0.030	1.362
1910.88	0.030	1.362
1910.96	0.031	1.362
1911.04	0.037	1.362
1911.13	0.043	1.362
1911.21	0.048	1.362
1911.29	0.048	1.362
1911.38	0.052	1.362
1911.46	0.060	1.362
1911.54	0.064	1.362
1911.63	0.066	1.362
1911.71	0.067	1.362
1911.79	0.069	1.362
1911.88	0.071	1.362
1911.96	0.074	1.362
1912.04	0.078	1.362
1912.13	0.081	1.362
1912.21	0.084	1.362
1912.29	0.085	1.362
1912.38	0.089	1.362
1912.46	0.096	1.362
1912.54	0.100	1.362
1912.63	0.102	1.362
1912.71	0.102	1.362
1912.79	0.105	1.362
1912.88	0.106	1.362
1912.96	0.109	1.362
1913.04	0.115	1.362
1913.13	0.121	1.362
1913.21	0.126	1.362
1913.29	0.127	1.362
1913.38	0.132	1.362
1913.46	0.143	1.362
1913.54	0.149	1.362
1913.63	0.152	1.362
1913.71	0.151	1.362
1913.79	0.154	1.362
1913.88	0.156	1.362
1913.96	0.161	1.362
1914.04	0.170	1.362
1914.13	0.176	1.362
1914.21	0.185	1.362
1914.29	0.185	1.362
1914.38	0.192	1.362
1914.46	0.207	1.362
1914.54	0.215	1.362
1914.63	0.218	1.362
1914.71	0.220	1.362
1914.79	0.224	1.362
1914.88	0.227	1.362
1914.96	0.232	1.362
1915.04	0.245	1.362
1915.13	0.266	1.362
1915.21	0.286	1.362
1915.29	0.288	1.362
1915.38	0.302	1.362
1915.46	0.331	1.362
1915.54	0.346	1.362
1915.63	0.353	1.362
1915.71	0.356	1.362
1915.79	0.364	1.362
1915.88	0.370	1.362
1915.96	0.380	1.362
1916.04	0.411	1.362
1916.13	0.449	1.362
1916.21	0.479	1.362
1916.29	0.485	1.362
1916.38	0.509	1.362
1916.46	0.561	1.362
1916.54	0.591	1.362
1916.63	0.608	1.362
1916.71	0.608	1.362
1916.79	0.621	1.362
1916.88	0.632	1.362
1916.96	0.651	1.362
1917.04	0.687	1.362
1917.13	0.702	1.362
1917.21	0.736	1.362
1917.29	0.736	1.362
1917.38	0.758	1.362
1917.46	0.818	1.362
1917.54	0.850	1.362
1917.63	0.859	1.362
1917.71	0.865	1.362
1917.79	0.879	1.362
1917.88	0.891	1.362
1917.96	0.911	1.362
1918.04	0.944	1.362
1918.13	0.957	1.362
1918.21	0.991	1.362
1918.29	0.990	1.362
1918.38	1.017	1.362
1918.46	1.078	1.362
1918.54	1.107	1.362
1918.63	1.120	1.362
1918.71	1.123	1.362
1918.79	1.137	1.362
1918.88	1.149	1.362
1918.96	1.170	1.362
1919.04	1.178	1.362
1919.13	1.143	1.362
1919.21	1.145	1.362
1919.29	1.137	1.362
1919.38	1.142	1.362
1919.46	1.168	1.362
1919.54	1.176	1.362
1919.63	1.176	1.362
1919.71	1.170	1.362
1919.79	1.174	1.362
1919.88	1.176	1.362
1919.96	1.183	1.362
1920.04	1.196	1.362
1920.13	1.196	1.362
1920.21	1.209	1.362
1920.29	1.204	1.362
1920.38	1.214	1.362
1920.46	1.243	1.362
1920.54	1.257	1.362
1920.63	1.258	1.362
1920.71	1.259	1.362
1920.79	1.265	1.362
1920.88	1.269	1.362
1920.96	1.279	1.362
1921.04	1.288	1.362
1921.13	1.270	1.362
1921.21	1.272	1.362
1921.29	1.265	1.362
1921.38	1.269	1.362
1921.46	1.284	1.362
1921.54	1.289	1.362
1921.63	1.289	1.362
1921.71	1.287	1.362
1921.79	1.289	1.362
1921.88	1.290	1.362
1921.96	1.293	1.362
1922.04	1.323	1.362
1922.13	1.366	1.362
1922.21	1.396	1.362
1922.29	1.400	1.362
1922.38	1.423	1.362
1922.46	1.474	1.362
1922.54	1.504	1.362
1922.63	1.520	1.362
1922.71	1.519	1.362
1922.79	1.532	1.362
1922.88	1.541	1.362
1922.96	1.558	1.362
1923.04	1.596	1.362
1923.13	1.611	1.362
1923.21	1.645	1.362
1923.29	1.643	1.362
1923.38	1.666	1.362
1923.46	1.726	1.362
1923.54	1.759	1.362
1923.63	1.768	1.362
1923.71	1.773	1.362
1923.79	1.787	1.362
1923.88	1.798	1.362
1923.96	1.818	1.362
1924.04	1.850	1.362
1924.13	1.859	1.362
1924.21	1.891	1.362
1924.29	1.887	1.362
1924.38	1.912	1.362
1924.46	1.974	1.362
1924.54	2.002	1.362
1924.63	2.014	1.362
1924.71	2.016	1.362
1924.79	2.029	1.362
1924.88	2.039	1.362
1924.96	2.059	1.362
1925.04	2.097	1.362
1925.13	2.121	1.362
1925.21	2.154	1.362
1925.29	2.154	1.362
1925.38	2.183	1.362
1925.46	2.256	1.362
1925.54	2.294	1.362
1925.63	2.312	1.362
1925.71	2.307	1.362
1925.79	2.324	1.362
1925.88	2.336	1.362
1925.96	2.360	1.362
1926.04	2.410	1.362
1926.13	2.430	1.362
1926.21	2.477	1.362
1926.29	2.472	1.362
1926.38	2.504	1.362
1926.46	2.592	1.362
1926.54	2.639	1.362
1926.63	2.651	1.362
1926.71	2.657	1.362
1926.79	2.677	1.362
1926.88	2.693	1.362
1926.96	2.722	1.362
1927.04	2.760	1.362
1927.13	2.749	1.362
1927.21	2.779	1.362
1927.29	2.769	1.362
1927.38	2.796	1.362
1927.46	2.867	1.362
1927.54	2.897	1.362
1927.63	2.907	1.362
1927.71	2.907	1.362
1927.79	2.920	1.362
1927.88	2.931	1.362
1927.96	2.952	1.362
1928.04	2.998	1.362
1928.13	3.027	1.362
1928.21	3.067	1.362
1928.29	3.065	1.362
1928.38	3.100	1.362
1928.46	3.189	1.362
1928.54	3.235	1.362
1928.63	3.256	1.362
1928.71	3.251	1.362
1928.79	3.269	1.362
1928.88	3.284	1.362
1928.96	3.313	1.362
1929.04	3.426	1.362
1929.13	3.500	1.362
1929.21	3.595	1.362
1929.29	3.597	1.362
1929.38	3.660	1.362
1929.46	3.817	1.362
1929.54	3.908	1.362
1929.63	3.937	1.362
1929.71	3.952	1.362
1929.79	3.992	1.362
1929.88	4.022	1.368
1929.96	4.076	1.386
1930.04	4.154	1.412
1930.13	4.162	1.415
1930.21	4.234	1.436
1930.29	4.224	1.427
1930.38	4.285	1.439
1930.46	4.428	1.506
1930.54	4.495	1.528
1930.63	4.520	1.537
1930.71	4.524	1.538
1930.79	4.556	1.549
1930.88	4.581	1.558
1930.96	4.626	1.573
1931.04	4.708	1.601
1931.13	4.746	1.614
1931.21	4.815	1.637
1931.29	4.811	1.629
1931.38	4.873	1.638
1931.46	5.032	1.711
1931.54	5.113	1.738
1931.63	5.150	1.747
1931.71	5.139	1.747
1931.79	5.172	1.759
1931.88	5.200	1.768
1931.96	5.252	1.786
1932.04	5.339	1.815
1932.13	5.361	1.823
1932.21	5.445	1.845
1932.29	5.430	1.845
1932.38	5.489	1.848
1932.46	5.657	1.924
1932.54	5.746	1.954
1932.63	5.765	1.960
1932.71	5.774	1.963
1932.79	5.813	1.976
1932.88	5.842	1.986
1932.96	5.896	2.005
1933.04	5.978	2.032
1933.13	5.984	2.034
1933.21	6.061	2.054
1933.29	6.045	2.055
1933.38	6.109	2.066
1933.46	6.269	2.132
1933.54	6.342	2.156
1933.63	6.368	2.165
1933.71	6.371	2.166
1933.79	6.403	2.177
1933.88	6.430	2.186
1933.96	6.478	2.202
1934.04	6.595	2.242
1934.13	6.688	2.274
1934.21	6.791	2.309
1934.29	6.792	2.300
1934.38	6.881	2.314
1934.46	7.101	2.414
1934.54	7.216	2.454
1934.63	7.273	2.470
1934.71	7.261	2.469
1934.79	7.308	2.485
1934.88	7.348	2.498
1934.96	7.418	2.522
1935.04	7.568	2.573
1935.13	7.627	2.593
1935.21	7.766	2.635
1935.29	7.750	2.624
1935.38	7.844	2.635
1935.46	8.103	2.755
1935.54	8.242	2.802
1935.63	8.276	2.814
1935.71	8.295	2.820
1935.79	8.355	2.841
1935.88	8.401	2.856
1935.96	8.485	2.885
1936.04	8.633	2.935
1936.13	8.728	2.968
1936.21	8.898	3.025
1936.29	8.890	3.000
1936.38	9.022	3.029
1936.46	9.327	3.171
1936.54	9.474	3.221
1936.63	9.538	3.243
1936.71	9.552	3.248
1936.79	9.619	3.270
1936.88	9.675	3.289
1936.96	9.771	3.322
1937.04	9.965	3.388
1937.13	10.089	3.430
1937.21	10.257	3.487
1937.29	10.257	3.459
1937.38	10.403	3.487
1937.46	10.769	3.661
1937.54	10.957	3.725
1937.63	11.048	3.751
1937.71	11.028	3.750
1937.79	11.108	3.777
1937.88	11.172	3.799
1937.96	11.291	3.839
1938.04	11.442	3.890
1938.13	11.443	3.891
1938.21	11.601	3.924
1938.29	11.559	3.930
1938.38	11.673	3.939
1938.46	12.004	4.081
1938.54	12.174	4.139
1938.63	12.202	4.149
1938.71	12.217	4.154
1938.79	12.291	4.179
1938.88	12.345	4.197
1938.96	12.450	4.233
1939.04	12.631	4.295
1939.13	12.718	4.324
1939.21	12.916	4.386
1939.29	12.896	4.384
1939.38	13.052	4.402
1939.46	13.428	4.566
1939.54	13.607	4.627
1939.63	13.679	4.651
1939.71	13.691	4.655
1939.79	13.771	4.682
1939.88	13.837	4.705
1939.96	13.951	4.744
1940.04	14.167	4.817
1940.13	14.275	4.853
1940.21	14.453	4.914
1940.29	14.441	4.910
1940.38	14.602	4.925
1940.46	15.023	5.108
1940.54	15.235	5.180
1940.63	15.333	5.203
1940.71	15.303	5.203
1940.79	15.390	5.233
1940.88	15.461	5.257
1940.96	15.593	5.302
1941.04	15.889	5.402
1941.13	16.007	5.443
1941.21	16.278	5.523
1941.29	16.244	5.515
1941.38	16.430	5.530
1941.46	16.938	5.759
1941.54	17.214	5.853
1941.63	17.281	5.876
1941.71	17.316	5.888
1941.79	17.436	5.928
1941.88	17.522	5.958
1941.96	17.688	6.014
1942.04	17.981	6.113
1942.13	18.177	6.180
1942.21	18.516	6.296
1942.29	18.499	6.255
1942.38	18.762	6.307
1942.46	19.370	6.586
1942.54	19.667	6.687
1942.63	19.794	6.730
1942.71	19.819	6.739
1942.79	19.954	6.784
1942.88	20.065	6.822
1942.96	20.255	6.887
1943.04	20.645	7.019
1943.13	20.902	7.107
1943.21	21.238	7.221
1943.29	21.239	7.173
1943.38	21.532	7.225
1943.46	22.268	7.571
1943.54	22.648	7.700
1943.63	22.831	7.751
1943.71	22.791	7.749
1943.79	22.950	7.803
1943.88	23.080	7.847
1943.96	23.319	7.929
1944.04	23.752	8.076
1944.13	23.884	8.120
1944.21	24.297	8.236
1944.29	24.235	8.213
1944.38	24.522	8.242
1944.46	25.319	8.609
1944.54	25.743	8.753
1944.63	25.839	8.785
1944.71	25.891	8.803
1944.79	26.075	8.866
1944.88	26.213	8.913
1944.96	26.473	9.001
1945.04	26.817	9.036
1945.13	26.668	9.067
1945.21	26.919	9.103
1945.29	26.818	9.118
1945.38	27.051	9.175
1945.46	27.672	9.409
1945.54	27.939	9.499
1945.63	28.016	9.525
1945.71	28.007	9.522
1945.79	28.127	9.563
1945.88	28.221	9.595
1945.96	28.400	9.656
1946.04	28.573	9.613
1946.13	28.393	9.654
1946.21	28.493	9.643
1946.29	28.398	9.655
1946.38	28.523	9.698
1946.46	28.972	9.850
1946.54	29.155	9.913
1946.63	29.215	9.901
1946.71	29.138	9.907
1946.79	29.207	9.930
1946.88	29.253	9.946
1946.96	29.369	9.986
1947.04	29.806	10.134
1947.13	30.027	10.209
1947.21	30.401	10.317
1947.29	30.343	10.317
1947.38	30.593	10.377
1947.46	31.292	10.639
1947.54	31.679	10.771
1947.63	31.777	10.804
1947.71	31.819	10.818
1947.79	31.976	10.872
1947.88	32.088	10.910
1947.96	32.303	10.983
1948.04	32.631	11.095
1948.13	32.647	11.100
1948.21	32.949	11.166
1948.29	32.861	11.173
1948.38	33.113	11.259
1948.46	33.770	11.482
1948.54	34.070	11.584
1948.63	34.174	11.619
1948.71	34.172	11.619
1948.79	34.299	11.662
1948.88	34.396	11.695
1948.96	34.581	11.758
1949.04	34.802	11.785
1949.13	34.697	11.797
1949.21	34.839	11.806
1949.29	34.746	11.814
1949.38	34.903	11.867
1949.46	35.433	12.047
1949.54	35.667	12.127
1949.63	35.753	12.126
1949.71	35.672	12.128
1949.79	35.756	12.157
1949.88	35.814	12.177
1949.96	35.951	12.223
1950.04	36.151	12.284
1950.13	36.105	12.276
1950.21	36.306	12.284
1950.29	36.180	12.301
1950.38	36.325	12.351
1950.46	36.831	12.522
1950.54	37.080	12.607
1950.63	37.104	12.615
1950.71	37.103	12.615
1950.79	37.196	12.647
1950.88	37.251	12.665
1950.96	37.382	12.710
1951.04	37.638	12.797
1951.13	37.753	12.836
1951.21	38.036	12.900
1951.29	37.950	12.903
1951.38	38.173	12.979
1951.46	38.767	13.181
1951.54	39.045	13.275
1951.63	39.146	13.310
1951.71	39.142	13.308
1951.79	39.250	13.345
1951.88	39.330	13.372
1951.96	39.485	13.415
1952.04	39.614	13.346
1952.13	39.391	13.393
1952.21	39.441	13.354
1952.29	39.318	13.368
1952.38	39.400	13.396
1952.46	39.786	13.527
1952.54	39.936	13.578
1952.63	39.977	13.560
1952.71	39.889	13.562
1952.79	39.929	13.576
1952.88	39.948	13.582
1952.96	40.024	13.608
1953.04	40.235	13.680
1953.13	40.244	13.683
1953.21	40.431	13.691
1953.29	40.308	13.705
1953.38	40.434	13.747
1953.46	40.893	13.904
1953.54	41.127	13.983
1953.63	41.155	13.993
1953.71	41.150	13.991
1953.79	41.229	14.015
1953.88	41.271	13.973
1953.96	41.378	13.910
1954.04	41.493	13.845
1954.13	41.163	13.926
1954.21	41.146	13.904
1954.29	40.978	13.932
1954.38	40.998	13.939
1954.46	41.226	14.017
1954.54	41.295	14.038
1954.63	41.268	14.019
1954.71	41.208	14.011
1954.79	41.209	14.011
1954.88	41.197	14.007
1954.96	41.213	14.013
1955.04	41.353	14.060
1955.13	41.439	14.089
1955.21	41.545	14.100
1955.29	41.466	14.098
1955.38	41.559	14.130
1955.46	41.921	14.253
1955.54	42.097	14.313
1955.63	42.168	14.323
1955.71	42.105	14.316
1955.79	42.148	14.330
1955.88	42.168	14.337
1955.96	42.235	14.309
1956.04	42.263	14.272
1956.13	42.107	14.295
1956.21	42.143	14.255
1956.29	41.991	14.277
1956.38	42.021	14.287
1956.46	42.268	14.371
1956.54	42.371	14.406
1956.63	42.347	14.398
1956.71	42.311	14.386
1956.79	42.330	14.392
1956.88	42.321	14.389
1956.96	42.343	14.397
1957.04	42.436	14.428
1957.13	42.446	14.432
1957.21	42.545	14.417
1957.29	42.430	14.426
1957.38	42.507	14.452
1957.46	42.810	14.555
1957.54	42.944	14.601
1957.63	42.976	14.612
1957.71	42.943	14.601
1957.79	42.970	14.610
1957.88	42.980	14.613
1957.96	43.023	14.628
1958.04	43.236	14.700
1958.13	43.414	14.761
1958.21	43.587	14.806
1958.29	43.523	14.798
1958.38	43.669	14.847
1958.46	44.140	15.007
1958.54	44.383	15.090
1958.63	44.491	15.116
1958.71	44.430	15.106
1958.79	44.500	15.130
1958.88	44.544	15.145
1958.96	44.650	15.181
1959.04	44.837	15.245
1959.13	44.798	15.231
1959.21	44.967	15.225
1959.29	44.827	15.241
1959.38	44.944	15.281
1959.46	45.396	15.435
1959.54	45.620	15.511
1959.63	45.642	15.518
1959.71	45.629	15.514
1959.79	45.702	15.539
1959.88	45.734	15.550
1959.96	45.832	15.583
1960.04	45.996	15.598
1960.13	45.890	15.602
1960.21	46.003	15.576
1960.29	45.861	15.593
1960.38	45.965	15.628
1960.46	46.356	15.761
1960.54	46.521	15.817
1960.63	46.553	15.828
1960.71	46.512	15.814
1960.79	46.555	15.829
1960.88	46.577	15.836
1960.96	46.647	15.860
1961.04	46.751	15.855
1961.13	46.645	15.859
1961.21	46.690	15.825
1961.29	46.569	15.834
1961.38	46.629	15.854
1961.46	46.968	15.969
1961.54	47.109	16.017
1961.63	47.150	16.006
1961.71	47.066	16.002
1961.79	47.093	16.011
1961.88	47.094	16.012
1961.96	47.142	16.028
1962.04	47.317	16.088
1962.13	47.303	16.083
1962.21	47.442	16.068
1962.29	47.302	16.083
1962.38	47.395	16.114
1962.46	47.794	16.250
1962.54	47.992	16.317
1962.63	48.010	16.324
1962.71	47.991	16.317
1962.79	48.048	16.336
1962.88	48.066	16.342
1962.96	48.141	16.368
1963.04	48.308	16.425
1963.13	48.339	16.435
1963.21	48.510	16.442
1963.29	48.385	16.451
1963.38	48.520	16.497
1963.46	48.967	16.649
1963.54	49.169	16.717
1963.63	49.229	16.738
1963.71	49.198	16.727
1963.79	49.256	16.747
1963.88	49.289	16.758
1963.96	49.375	16.788
1964.04	49.535	16.842
1964.13	49.495	16.828
1964.21	49.589	16.817
1964.29	49.475	16.822
1964.38	49.576	16.856
1964.46	50.005	17.002
1964.54	50.198	17.067
1964.63	50.267	17.067
1964.71	50.182	17.062
1964.79	50.228	17.078
1964.88	50.248	17.084
1964.96	50.326	17.111
1965.04	50.493	17.163
1965.13	50.436	17.148
1965.21	50.581	17.124
1965.29	50.422	17.143
1965.38	50.521	17.177
1965.46	50.955	17.325
1965.54	51.166	17.397
1965.63	51.178	17.400
1965.71	51.155	17.393
1965.79	51.218	17.414
1965.88	51.238	17.421
1965.96	51.320	17.449
1966.04	51.526	17.519
1966.13	51.647	17.560
1966.21	51.890	17.598
1966.29	51.772	17.602
1966.38	51.957	17.665
1966.46	52.509	17.853
1966.54	52.769	17.941
1966.63	52.858	17.972
1966.71	52.835	17.964
1966.79	52.917	17.992
1966.88	52.971	18.010
1966.96	53.090	18.051
1967.04	53.434	18.168
1967.13	53.662	18.245
1967.21	53.940	18.324
1967.29	53.863	18.313
1967.38	54.106	18.396
1967.46	54.834	18.644
1967.54	55.205	18.770
1967.63	55.372	18.810
1967.71	55.291	18.799
1967.79	55.413	18.840
1967.88	55.497	18.869
1967.96	55.682	18.932
1968.04	56.095	19.072
1968.13	56.169	19.097
1968.21	56.536	19.155
1968.29	56.379	19.169
1968.38	56.629	19.254
1968.46	57.439	19.529
1968.54	57.863	19.674
1968.63	57.936	19.698
1968.71	57.953	19.704
1968.79	58.111	19.758
1968.88	58.205	19.790
1968.96	58.419	19.862
1969.04	58.928	20.036
1969.13	59.526	20.239
1969.21	60.223	20.476
1969.29	60.163	20.456
1969.38	60.677	20.630
1969.46	61.905	21.048
1969.54	62.520	21.257
1969.63	62.792	21.349
1969.71	62.832	21.363
1969.79	63.085	21.449
1969.88	63.284	21.517
1969.96	63.635	21.636
1970.04	64.616	21.969
1970.13	65.517	22.276
1970.21	66.390	22.572
1970.29	66.408	22.579
1970.38	67.138	22.685
1970.46	68.947	23.442
1970.54	69.921	23.773
1970.63	70.404	23.925
1970.71	70.315	23.907
1970.79	70.703	24.039
1970.88	71.015	24.145
1970.96	71.584	24.339
1971.04	72.331	24.592
1971.13	72.339	24.595
1971.21	73.097	24.740
1971.29	72.855	24.771
1971.38	73.398	24.908
1971.46	75.041	25.514
1971.54	75.877	25.798
1971.63	76.016	25.845
1971.71	76.077	25.866
1971.79	76.429	25.986
1971.88	76.674	26.069
1971.96	77.169	26.237
1972.04	77.760	26.001
1972.13	77.031	26.190
1972.21	77.290	26.101
1972.29	76.948	26.162
1972.38	77.253	26.266
1972.46	78.288	26.618
1972.54	78.681	26.751
1972.63	78.723	26.759
1972.71	78.634	26.736
1972.79	78.785	26.787
1972.88	78.887	26.821
1972.96	79.134	26.906
1973.04	79.522	26.909
1973.13	79.411	26.893
1973.21	79.672	26.754
1973.29	79.473	26.766
1973.38	79.748	26.623
1973.46	80.742	26.242
1973.54	81.184	26.043
1973.63	81.346	25.937
1973.71	81.182	25.938
1973.79	81.325	25.838
1973.88	81.415	25.756
1973.96	81.652	25.625
1974.04	82.221	25.385
1974.13	82.307	25.304
1974.21	82.814	25.084
1974.29	82.575	25.111
1974.38	82.923	24.943
1974.46	84.077	24.511
1974.54	84.672	24.262
1974.63	84.768	24.178
1974.71	84.781	24.122
1974.79	85.003	23.996
1974.88	85.135	23.901
1974.96	85.435	23.750
1975.04	85.872	23.554
1975.13	85.572	23.601
1975.21	85.863	23.453
1975.29	85.579	23.495
1975.38	85.853	23.353
1975.46	86.774	22.997
1975.54	87.157	22.820
1975.63	87.237	22.742
1975.71	87.165	22.714
1975.79	87.289	22.621
1975.88	87.368	22.544
1975.96	87.565	22.428
1976.04	87.937	22.254
1976.13	87.916	22.209
1976.21	88.167	22.075
1976.29	87.969	22.089
1976.38	88.223	21.955
1976.46	89.164	21.593
1976.54	89.595	21.400
1976.63	89.759	21.295
1976.71	89.600	21.297
1976.79	89.724	21.205
1976.88	89.796	21.130
1976.96	90.000	21.012
1977.04	90.409	20.826
1977.13	90.351	20.795
1977.21	90.719	20.623
1977.29	90.434	20.667
1977.38	90.690	20.532
1977.46	91.658	19.959
1977.54	92.139	19.287
1977.63	92.185	18.603
1977.71	92.164	17.906
1977.79	92.327	17.195
1977.88	92.403	16.471
1977.96	92.622	15.734
1978.04	93.000	14.982
1978.13	92.872	14.216
1978.21	93.182	13.436
1978.29	92.907	12.641
1978.38	93.175	11.830
1978.46	94.079	11.004
1978.54	94.469	10.163
1978.63	94.564	9.305
1978.71	94.494	8.431
1978.79	94.612	7.540
1978.88	94.681	6.632
1978.96	94.862	5.706
1979.04	95.160	4.763
1979.13	95.022	3.801
1979.21	95.192	3.808
1979.29	94.960	3.798
1979.38	95.149	3.806
1979.46	95.981	3.839
1979.54	96.346	3.854
1979.63	96.471	3.859
1979.71	96.301	3.852
1979.79	96.387	3.856
1979.88	96.426	3.857
1979.96	96.578	3.863
1980.04	96.885	3.875
1980.13	96.759	3.870
1980.21	97.031	3.881
1980.29	96.719	3.869
1980.38	96.911	3.876
1980.46	97.740	3.910
1980.54	98.138	3.926
1980.63	98.156	3.926
1980.71	98.112	3.925
1980.79	98.230	3.929
1980.88	98.268	3.931
1980.96	98.425	3.937
1981.04	98.666	3.947
1981.13	98.294	3.932
1981.21	98.391	3.936
1981.29	98.060	3.922
1981.38	98.173	3.927
1981.46	98.793	3.952
1981.54	99.028	3.961
1981.63	99.037	3.962
1981.71	98.927	3.957
1981.79	98.961	3.959
1981.88	98.957	3.958
1981.96	99.028	3.961
1982.04	99.226	3.969
1982.13	99.128	3.965
1982.21	99.225	3.969
1982.29	98.988	3.960
1982.38	99.101	3.964
1982.46	99.751	3.990
1982.54	100.040	4.001
1982.63	100.120	4.005
1982.71	99.959	3.998
1982.79	100.000	4.000
1982.88	99.999	4.000
1982.96	100.080	4.003
1983.04	100.460	4.019
1983.13	100.470	4.019
1983.21	100.770	4.031
1983.29	100.480	4.019
1983.38	100.680	4.027
1983.46	101.500	4.060
1983.54	101.910	4.077
1983.63	101.960	4.078
1983.71	101.920	4.077
1983.79	102.030	4.081
1983.88	102.070	4.083
1983.96	102.220	4.089
1984.04	102.440	4.098
1984.13	102.040	4.082
1984.21	102.110	4.084
1984.29	101.770	4.071
1984.38	101.860	4.074
1984.46	102.440	4.097
1984.54	102.650	4.106
1984.63	102.650	4.106
1984.71	102.530	4.101
1984.79	102.550	4.102
1984.88	102.530	4.101
1984.96	102.580	4.103
1985.04	102.810	4.113
1985.13	102.810	4.112
1985.21	102.950	4.118
1985.29	102.720	4.109
1985.38	102.850	4.114
1985.46	103.550	4.142
1985.54	103.870	4.155
1985.63	103.980	4.159
1985.71	103.810	4.153
1985.79	103.870	4.155
1985.88	103.880	4.155
1985.96	103.970	4.159
1986.04	104.240	4.169
1986.13	104.110	4.165
1986.21	104.330	4.173
1986.29	104.010	4.160
1986.38	104.150	4.166
1986.46	104.870	4.195
1986.54	105.240	4.209
1986.63	105.240	4.209
1986.71	105.180	4.207
1986.79	105.270	4.211
1986.88	105.280	4.211
1986.96	105.380	4.215
1987.04	105.630	4.225
1987.13	105.520	4.221
1987.21	105.740	4.230
1987.29	105.440	4.218
1987.38	105.620	4.225
1987.46	106.340	4.254
1987.54	106.660	4.266
1987.63	106.720	4.269
1987.71	106.630	4.265
1987.79	106.690	4.268
1987.88	106.710	4.268
1987.96	106.800	4.272
1988.04	107.030	4.281
1988.13	106.900	4.276
1988.21	107.010	4.280
1988.29	106.760	4.270
1988.38	106.880	4.275
1988.46	107.590	4.304
1988.54	107.900	4.316
1988.63	108.010	4.320
1988.71	107.830	4.313
1988.79	107.870	4.315
1988.88	107.870	4.315
1988.96	107.960	4.319
1989.04	108.110	4.324
1989.13	107.860	4.315
1989.21	107.990	4.319
1989.29	107.620	4.305
1989.38	107.720	4.309
1989.46	108.350	4.334
1989.54	108.620	4.345
1989.63	108.580	4.343
1989.71	108.500	4.340
1989.79	108.550	4.342
1989.88	108.530	4.341
1989.96	108.590	4.344
1990.04	108.710	4.348
1990.13	108.240	4.330
1990.21	108.200	4.328
1990.29	107.830	4.313
1990.38	107.830	4.313
1990.46	108.230	4.329
1990.54	108.360	4.334
1990.63	108.310	4.333
1990.71	108.180	4.327
1990.79	108.140	4.326
1990.88	108.080	4.323
1990.96	108.060	4.322
1991.04	108.080	4.323
1991.13	107.820	4.313
1991.21	107.750	4.310
1991.29	107.470	4.299
1991.38	107.440	4.298
1991.46	107.800	4.312
1991.54	107.920	4.317
1991.63	107.930	4.317
1991.71	108.250	4.330
1991.79	108.170	4.327
1991.87	108.790	4.352
1991.96	109.050	4.362
1992.04	108.710	4.348
1992.12	107.530	4.301
1992.21	107.470	4.299
1992.29	107.400	4.296
1992.37	108.360	4.334
1992.46	108.430	4.337
1992.54	108.080	4.323
1992.62	107.870	4.315
1992.71	107.590	4.304
1992.79	107.500	4.300
1992.87	107.230	4.289
1992.96	107.400	4.296
1993.04	107.710	4.308
1993.12	107.200	4.288
1993.21	107.400	4.296
1993.29	107.690	4.308
1993.37	107.410	4.296
1993.46	107.130	4.285
1993.54	106.920	4.277
1993.62	106.570	4.263
1993.71	106.810	4.272
1993.79	106.870	4.275
1993.87	105.890	4.236
1993.96	105.990	4.240
1994.04	106.130	4.245
1994.12	106.230	1.594
1994.21	106.390	1.596
1994.29	106.480	1.597
1994.37	106.630	1.599
1994.46	106.310	1.595
1994.54	106.290	1.594
1994.62	106.090	1.591
1994.71	106.130	1.592
1994.79	106.300	1.594
1994.87	106.240	1.594
1994.96	106.150	1.592
1995.04	105.880	1.588
1995.12	105.730	1.586
1995.21	105.690	1.585
1995.29	105.760	1.586
1995.37	105.780	1.587
1995.46	105.730	1.586
1995.54	105.570	1.584
1995.62	105.430	1.582
1995.71	105.480	1.582
1995.79	105.130	1.577
1995.87	105.170	1.578
1995.96	105.080	1.576
1996.04	104.880	1.573
1996.12	104.840	1.573
1996.21	104.630	1.569
1996.29	104.680	1.570
1996.37	104.760	1.571
1996.46	104.340	1.565
1996.54	104.120	1.562
1996.62	103.930	1.559
1996.71	103.940	1.559
1996.79	104.030	1.560
1996.87	104.130	1.562
1996.96	104.100	1.562
1997.04	103.880	1.558
1997.12	103.660	1.555
1997.21	103.400	1.551
1997.29	103.340	1.550
1997.37	103.460	1.552
1997.46	103.440	1.552
1997.54	103.160	1.548
1997.62	103.020	1.545
1997.71	102.910	1.544
1997.79	103.010	1.545
1997.87	103.110	1.547
1997.96	103.000	1.545
1998.04	102.980	1.545
1998.12	102.730	1.541
1998.21	102.540	1.538
1998.29	102.540	1.538
1998.37	102.620	1.539
1998.46	102.400	1.536
1998.54	102.140	1.532
1998.62	101.760	1.526
1998.71	101.610	1.524
1998.79	101.730	1.526
1998.87	101.820	1.527
1998.96	101.600	1.524
1999.04	101.420	1.521
1999.12	101.320	1.520
1999.21	101.200	1.518
1999.29	101.120	1.517
1999.37	101.040	1.516
1999.46	100.900	1.513
1999.54	100.560	1.508
1999.62	100.480	1.507
1999.71	100.270	1.504
1999.79	100.530	1.508
1999.87	100.670	1.510
1999.96	100.570	1.509
2000.04	100.360	1.506
2000.12	100.230	1.503
2000.21	100.140	1.502
2000.29	100.200	1.503
2000.37	100.330	1.505
2000.46	100.250	1.504
2000.54	100.170	1.503
2000.62	99.948	1.499
2000.71	99.849	1.498
2000.79	99.931	1.499
2000.87	99.999	1.500
2000.96	99.924	1.499
2001.04	99.807	1.497
2001.12	99.504	1.493
2001.21	99.351	1.490
2001.29	99.305	1.490
2001.37	99.197	1.488
2001.46	99.148	1.487
2001.54	98.948	1.484
2001.62	98.806	1.482
2001.71	98.717	1.481
2001.79	98.805	1.482
2001.87	98.960	1.484
2001.96	98.945	1.484
2002.04	98.735	1.481
2002.12	98.559	1.478
2002.21	98.456	1.477
2002.29	98.354	1.475
2002.37	98.057	1.471
2002.46	97.792	1.467
2002.54	97.554	1.463
2002.62	97.328	1.460
2002.71	97.493	1.462
2002.79	97.492	1.462
2002.87	97.616	1.464
2002.96	97.740	1.466
2003.04	97.514	1.463
2003.12	97.546	1.463
2003.21	97.486	1.462
2003.29	97.535	1.463
2003.37	97.373	1.461
2003.46	97.200	1.458
2003.54	97.080	1.456
2003.62	96.807	1.452
2003.71	96.773	1.452
2003.79	97.016	1.455
2003.87	97.069	1.456
2003.96	96.899	1.454
2004.04	96.687	1.450
2004.12	96.574	1.449
2004.21	96.521	1.448
2004.29	96.375	1.446
2004.37	96.382	1.446
2004.46	96.302	1.445
2004.54	96.144	1.442
2004.62	96.076	1.441
2004.71	95.761	1.436
2004.79	95.820	1.437
2004.87	95.850	1.438
2004.96	95.795	1.437
2005.04	95.633	1.435
2005.12	95.527	1.433
2005.21	95.419	1.431
2005.29	95.540	1.433
2005.37	95.618	1.434
2005.46	95.445	1.432
2005.54	95.231	1.429
2005.62	95.188	1.428
2005.71	95.035	1.426
2005.79	95.079	1.426
2005.87	95.126	1.427
2005.96	95.001	1.425
2006.04	94.845	1.423
2006.12	94.660	1.420
2006.21	94.514	1.418
2006.29	94.430	1.417
2006.37	94.316	1.415
2006.46	94.219	1.413
2006.54	94.249	1.414
2006.62	93.842	1.408
2006.71	93.797	1.407
2006.79	93.877	1.408
2006.87	93.960	1.409
2006.96	93.931	1.409
2007.04	93.620	1.404
2007.12	93.454	1.402
2007.21	93.361	1.400
2007.29	93.357	1.400
2007.37	93.405	1.401
2007.46	93.325	1.400
2007.54	92.997	1.395
2007.62	92.747	1.391
2007.71	92.544	1.388
2007.79	92.571	1.389
2007.87	92.605	1.389
2007.96	92.578	1.389
2008.04	92.372	1.386
2008.12	92.111	1.382
2008.21	92.108	1.382
2008.29	92.038	1.381
2008.37	91.997	1.380
2008.46	91.876	1.378
2008.54	91.670	1.375
2008.62	91.495	1.372
2008.71	91.313	1.370
2008.79	91.494	1.372
2008.87	91.520	1.373
2008.96	91.394	1.371
2009.04	91.088	1.366
2009.12	90.913	1.364
2009.21	90.782	1.362