1800.04	788.924	9.066
1800.13	790.568	7.592
1800.21	789.669	8.491
1800.29	787.217	11.053
1800.38	783.044	15.336
1800.46	776.418	21.962
1800.54	774.016	24.474
1800.63	776.825	21.665
1800.71	781.818	16.782
1800.79	785.552	13.048
1800.88	789.028	9.672
1800.96	790.196	8.504
1801.04	789.883	8.927
1801.13	791.528	7.282
1801.21	790.628	8.182
1801.29	788.174	10.746
1801.38	783.995	14.925
1801.46	777.361	21.559
1801.54	774.956	24.074
1801.63	777.769	21.261
1801.71	782.767	16.333
1801.79	786.506	12.704
1801.88	789.987	9.223
1801.96	791.156	8.054
1802.04	790.841	8.469
1802.13	792.488	6.822
1802.21	791.588	7.722
1802.29	789.130	10.290
1802.38	784.946	14.474
1802.46	778.305	21.115
1802.54	775.897	23.633
1802.63	778.713	20.817
1802.71	783.717	15.813
1802.79	787.460	12.180
1802.88	790.946	8.694
1802.96	792.116	7.524
1803.04	791.800	8.020
1803.13	793.449	6.371
1803.21	792.547	7.273
1803.29	790.087	9.833
1803.38	785.898	14.022
1803.46	779.248	20.672
1803.54	776.837	23.193
1803.63	779.656	20.374
1803.71	784.667	15.363
1803.79	788.415	11.725
1803.88	791.904	8.236
1803.96	793.076	7.064
1804.04	792.758	7.492
1804.13	794.409	5.841
1804.21	793.506	6.744
1804.29	791.043	9.387
1804.38	786.849	13.581
1804.46	780.191	20.239
1804.54	777.777	22.753
1804.63	780.600	19.930
1804.71	785.617	14.913
1804.79	789.369	11.271
1804.88	792.863	7.777
1804.96	794.036	6.604
1805.04	793.717	7.033
1805.13	795.370	5.380
1805.21	794.466	6.284
1805.29	791.999	8.861
1805.38	787.800	13.060
1805.46	781.135	19.725
1805.54	778.718	22.322
1805.63	781.544	19.496
1805.71	786.567	14.473
1805.79	790.324	10.826
1805.88	793.822	7.328
1805.96	794.997	6.253
1806.04	794.675	6.575
1806.13	796.330	4.920
1806.21	795.425	5.935
1806.29	792.956	8.404
1806.38	788.752	12.608
1806.46	782.078	19.392
1806.54	779.658	21.812
1806.63	782.488	18.982
1806.71	787.517	14.063
1806.79	791.278	10.302
1806.88	794.780	6.870
1806.96	795.957	5.803
1807.04	795.634	6.126
1807.13	797.291	4.469
1807.21	796.385	5.475
1807.29	793.912	7.948
1807.38	789.703	12.157
1807.46	783.021	18.949
1807.54	780.599	21.371
1807.63	783.432	18.538
1807.71	788.467	13.613
1807.79	792.232	9.848
1807.88	795.739	6.341
1807.96	796.917	5.273
1808.04	796.592	5.598
1808.13	798.251	4.009
1808.21	797.344	5.026
1808.29	794.869	7.501
1808.38	790.654	11.716
1808.46	783.964	18.516
1808.54	781.539	20.941
1808.63	784.375	18.105
1808.71	789.416	13.164
1808.79	793.187	9.393
1808.88	796.697	5.883
1808.96	797.877	4.813
1809.04	797.551	5.139
1809.13	799.212	3.478
1809.21	798.303	4.497
1809.29	795.825	6.975
1809.38	791.606	11.194
1809.46	784.908	18.072
1809.54	782.479	20.501
1809.63	785.319	17.661
1809.71	790.366	12.724
1809.79	794.141	8.949
1809.88	797.656	5.434
1809.96	798.837	4.353
1810.04	798.509	4.681
1810.13	800.173	3.017
1810.21	799.263	4.037
1810.29	796.782	6.518
1810.38	792.557	10.743
1810.46	785.851	17.559
1810.54	783.420	19.990
1810.63	786.263	17.147
1810.71	791.316	12.274
1810.79	795.096	8.494
1810.88	798.615	4.975
1810.96	799.797	3.903
1811.04	799.468	4.232
1811.13	801.133	2.567
1811.21	800.222	3.588
1811.29	797.738	6.072
1811.38	793.508	10.302
1811.46	786.794	17.116
1811.54	784.360	19.550
1811.63	787.207	16.703
1811.71	792.266	11.754
1811.79	796.050	7.970
1811.88	799.573	4.447
1811.96	800.757	3.373
1812.04	800.426	3.774
1812.13	802.093	2.107
1812.21	801.182	3.128
1812.29	798.694	5.616
1812.38	794.460	9.850
1812.46	787.738	16.682
1812.54	785.301	19.119
1812.63	788.151	16.269
1812.71	793.216	11.304
1812.79	797.004	7.516
1812.88	800.532	3.988
1812.96	801.717	2.913
1813.04	801.385	3.245
1813.13	803.054	1.576
1813.21	802.141	2.599
1813.29	799.651	5.159
1813.38	795.411	9.399
1813.46	788.681	16.239
1813.54	786.241	18.679
1813.63	789.094	15.826
1813.71	794.166	10.864
1813.79	797.959	7.071
1813.88	801.491	3.539
1813.96	802.677	2.463
1814.04	802.343	2.797
1814.13	804.014	1.126
1814.21	803.101	2.139
1814.29	800.607	4.633
1814.38	796.363	8.877
1814.46	789.624	15.726
1814.54	787.181	18.239
1814.63	790.038	15.382
1814.71	795.116	10.414
1814.79	798.913	6.617
1814.88	802.449	3.081
1814.96	803.637	2.003
1815.04	803.302	2.338
1815.13	804.975	0.775
1815.21	804.060	1.800
1815.29	801.564	4.466
1815.38	797.314	8.826
1815.46	790.568	15.682
1815.54	788.122	18.238
1815.63	790.982	15.488
1815.71	796.065	10.575
1815.79	799.868	6.882
1815.88	803.408	3.452
1815.96	804.597	2.373
1816.04	804.260	2.890
1816.13	805.935	1.325
1816.21	805.019	2.341
1816.29	802.520	4.950
1816.38	798.265	9.385
1816.46	791.511	16.249
1816.54	789.062	18.808
1816.63	791.926	16.054
1816.71	797.015	11.065
1816.79	800.822	7.438
1816.88	804.366	4.004
1816.96	805.557	2.923
1817.04	805.219	3.371
1817.13	806.896	1.874
1817.21	805.979	2.891
1817.29	803.477	5.503
1817.38	799.217	9.873
1817.46	792.454	16.746
1817.54	790.002	19.378
1817.63	792.870	16.620
1817.71	797.965	11.625
1817.79	801.777	7.923
1817.88	805.325	4.555
1817.96	806.517	3.473
1818.04	806.177	3.923
1818.13	807.856	2.354
1818.21	806.938	3.442
1818.29	804.433	6.057
1818.38	800.168	10.432
1818.46	793.398	17.312
1818.54	790.943	19.877
1818.63	793.813	17.187
1818.71	798.915	12.185
1818.79	802.731	8.479
1818.88	806.284	5.036
1818.96	807.477	4.023
1819.04	807.136	4.474
1819.13	808.817	2.903
1819.21	807.898	3.932
1819.29	805.389	6.541
1819.38	801.119	10.991
1819.46	794.341	17.879
1819.54	791.883	20.447
1819.63	794.757	17.683
1819.71	799.865	12.755
1819.79	803.685	9.035
1819.88	807.242	5.588
1819.96	808.437	4.503
1820.04	808.094	4.956
1820.13	809.777	3.453
1820.21	808.857	4.483
1820.29	806.346	7.104
1820.38	802.071	11.479
1820.46	795.284	18.446
1820.54	792.824	21.016
1820.63	795.701	18.249
1820.71	800.815	13.245
1820.79	804.640	9.600
1820.88	808.201	6.139
1820.96	809.397	5.053
1821.04	809.053	5.507
1821.13	810.738	3.932
1821.21	809.816	5.034
1821.29	807.302	7.658
1821.38	803.022	12.048
1821.46	796.227	18.943
1821.54	793.764	21.516
1821.63	796.645	18.925
1821.71	801.765	13.915
1821.79	805.594	10.196
1821.88	809.159	6.741
1821.96	810.357	5.643
1822.04	810.011	6.169
1822.13	811.698	4.592
1822.21	810.776	5.624
1822.29	808.259	8.251
1822.38	803.973	12.647
1822.46	797.171	19.629
1822.54	794.704	22.196
1822.63	797.589	19.421
1822.71	802.715	14.405
1822.79	806.549	10.681
1822.88	810.118	7.292
1822.96	811.317	6.203
1823.04	810.970	6.660
1823.13	812.659	5.081
1823.21	811.735	6.105
1823.29	809.215	8.915
1823.38	804.925	13.315
1823.46	798.114	20.236
1823.54	795.645	22.815
1823.63	798.532	20.038
1823.71	803.664	15.076
1823.79	807.503	11.347
1823.88	811.077	7.883
1823.96	812.277	6.793
1824.04	811.928	7.252
1824.13	813.619	5.741
1824.21	812.695	6.775
1824.29	810.172	9.398
1824.38	805.876	13.804
1824.46	799.057	20.803
1824.54	796.585	23.385
1824.63	799.476	20.604
1824.71	804.614	15.576
1824.79	808.457	11.843
1824.88	812.035	8.445
1824.96	813.237	7.453
1825.04	812.887	7.913
1825.13	814.580	6.330
1825.21	813.654	7.366
1825.29	811.128	10.072
1825.38	806.827	14.483
1825.46	800.001	21.419
1825.54	797.526	23.994
1825.63	800.420	21.210
1825.71	805.564	16.246
1825.79	809.412	12.508
1825.88	812.994	9.036
1825.96	814.197	7.943
1826.04	813.845	8.405
1826.13	815.540	6.890
1826.21	814.613	7.917
1826.29	812.084	10.556
1826.38	807.779	14.971
1826.46	800.944	21.916
1826.54	798.466	24.574
1826.63	801.364	21.896
1826.71	806.514	16.856
1826.79	810.366	13.104
1826.88	813.953	9.627
1826.96	815.157	8.603
1827.04	814.804	9.066
1827.13	816.501	7.369
1827.21	815.573	8.407
1827.29	813.041	11.049
1827.38	808.730	15.470
1827.46	801.887	22.313
1827.54	799.406	24.904
1827.63	802.308	22.102
1827.71	807.464	16.946
1827.79	811.321	13.199
1827.88	814.911	9.719
1827.96	816.118	8.512
1828.04	814.877	9.933
1828.13	816.574	8.346
1828.21	815.646	9.274
1828.29	813.113	11.917
1828.38	808.802	16.338
1828.46	801.959	23.291
1828.54	799.478	25.772
1828.63	802.379	22.981
1828.71	807.536	17.924
1828.79	811.393	14.067
1828.88	814.984	10.586
1828.96	816.190	9.490
1829.04	814.949	10.731
1829.13	816.647	9.143
1829.21	815.718	10.182
1829.29	813.186	12.714
1829.38	808.875	17.205
1829.46	802.030	24.160
1829.54	799.549	26.641
1829.63	802.451	23.849
1829.71	807.608	18.792
1829.79	811.465	15.045
1829.88	815.057	11.453
1829.96	816.263	10.357
1830.04	815.022	11.708
1830.13	816.720	10.010
1830.21	815.791	11.049
1830.29	813.259	13.691
1830.38	808.947	18.003
1830.46	802.102	24.958
1830.54	799.620	27.550
1830.63	802.523	24.647
1830.71	807.680	19.670
1830.79	811.538	15.912
1830.88	815.130	12.430
1830.96	816.336	11.224
1831.04	815.095	12.575
1831.13	816.792	10.988
1831.21	815.864	11.916
1831.29	813.331	14.559
1831.38	809.019	18.981
1831.46	802.174	25.826
1831.54	799.692	28.418
1831.63	802.594	25.626
1831.71	807.752	20.468
1831.79	811.610	16.710
1831.88	815.202	13.228
1831.96	816.409	12.021
1832.04	815.167	13.443
1832.13	816.865	11.855
1832.21	815.937	12.893
1832.29	813.404	15.426
1832.38	809.091	19.849
1832.46	802.245	26.805
1832.54	799.763	29.287
1832.63	802.666	26.494
1832.71	807.824	21.446
1832.79	811.683	17.587
1832.88	815.275	14.095
1832.96	816.482	12.998
1833.04	815.240	14.240
1833.13	816.938	12.652
1833.21	816.010	13.690
1833.29	813.476	16.334
1833.38	809.163	20.717
1833.46	802.317	27.673
1833.54	799.835	30.265
1833.63	802.737	27.363
1833.71	807.896	22.314
1833.79	811.755	18.555
1833.88	815.348	14.962
1833.96	816.555	13.865
1834.04	815.313	15.217
1834.13	817.011	13.519
1834.21	816.082	14.558
1834.29	813.549	17.201
1834.38	809.235	21.515
1834.46	802.388	28.472
1834.54	799.906	31.064
1834.63	802.809	28.271
1834.71	807.968	23.182
1834.79	811.827	19.433
1834.88	815.420	15.940
1834.96	816.627	14.733
1835.04	816.662	14.808
1835.13	818.363	13.587
1835.21	817.433	14.947
1835.29	814.895	17.955
1835.38	810.574	22.826
1835.46	803.716	30.114
1835.54	801.229	33.081
1835.63	804.137	30.603
1835.71	809.305	25.905
1835.79	813.171	22.589
1835.88	816.770	19.350
1835.96	817.979	18.681
1836.04	818.011	19.199
1836.13	819.715	17.535
1836.21	818.783	18.677
1836.29	816.241	21.259
1836.38	811.914	25.806
1836.46	805.044	32.786
1836.54	802.553	35.307
1836.63	805.466	32.614
1836.71	810.642	27.478
1836.79	814.514	23.826
1836.88	818.119	20.321
1836.96	819.330	19.260
1837.04	819.360	19.340
1837.13	821.067	17.773
1837.21	820.133	18.817
1837.29	817.587	21.473
1837.38	813.253	25.957
1837.46	806.371	32.949
1837.54	803.877	35.583
1837.63	806.794	32.776
1837.71	811.979	27.811
1837.79	815.857	23.963
1837.88	819.468	20.572
1837.96	820.681	19.399
1838.04	820.709	19.591
1838.13	822.419	17.981
1838.21	821.484	18.956
1838.29	818.934	21.726
1838.38	814.592	26.178
1838.46	807.699	33.211
1838.54	805.200	35.820
1838.63	808.123	33.047
1838.71	813.316	27.954
1838.79	817.201	24.289
1838.88	820.818	20.712
1838.96	822.033	19.717
1839.04	822.058	19.722
1839.13	823.771	18.119
1839.21	822.834	19.276
1839.29	820.280	21.860
1839.38	815.931	26.429
1839.46	809.027	33.373
1839.54	806.524	36.096
1839.63	809.451	33.199
1839.71	814.653	28.217
1839.79	818.544	24.436
1839.88	822.167	20.953
1839.96	823.384	19.846
1840.04	823.408	19.972
1840.13	825.123	18.357
1840.21	824.185	19.445
1840.29	821.626	22.114
1840.38	817.270	26.690
1840.46	810.355	33.635
1840.54	807.847	36.253
1840.63	810.779	33.471
1840.71	815.990	28.360
1840.79	819.887	24.613
1840.88	823.516	21.094
1840.96	824.735	20.015
1841.04	824.757	20.103
1841.13	826.474	18.606
1841.21	825.535	19.575
1841.29	822.972	22.358
1841.38	818.609	26.761
1841.46	811.682	33.898
1841.54	809.171	36.449
1841.63	812.108	33.732
1841.71	817.327	28.613
1841.79	821.231	24.859
1841.88	824.865	21.335
1841.96	826.086	20.254
1842.04	826.106	20.344
1842.13	827.826	18.734
1842.21	826.885	19.815
1842.29	824.318	22.492
1842.38	819.948	27.082
1842.46	813.010	34.130
1842.54	810.495	36.785
1842.63	813.436	33.954
1842.71	818.664	28.836
1842.79	822.574	25.146
1842.88	826.215	21.535
1842.96	827.438	20.532
1843.04	825.454	22.626
1843.13	827.173	20.937
1843.21	826.233	22.097
1843.29	823.668	24.772
1843.38	819.301	29.349
1843.46	812.369	36.321
1843.54	809.855	39.055
1843.63	812.795	36.225
1843.71	818.018	31.102
1843.79	821.925	27.345
1843.88	825.563	23.817
1843.96	826.785	22.805
1844.04	824.802	24.898
1844.13	826.520	23.220
1844.21	825.581	24.369
1844.29	823.018	27.042
1844.38	818.654	31.556
1844.46	811.727	38.583
1844.54	809.216	41.314
1844.63	812.153	38.487
1844.71	817.372	33.308
1844.79	821.276	29.614
1844.88	824.911	26.089
1844.96	826.132	25.088
1845.04	824.151	27.099
1845.13	825.867	25.603
1845.21	824.929	26.761
1845.29	822.368	29.422
1845.38	818.007	34.003
1845.46	811.086	41.144
1845.54	808.577	43.863
1845.63	811.511	41.149
1845.71	816.727	36.043
1845.79	820.628	32.362
1845.88	824.259	28.941
1845.96	825.480	27.940
1846.04	823.499	29.951
1846.13	825.214	28.456
1846.21	824.276	29.614
1846.29	821.717	32.393
1846.38	817.361	36.849
1846.46	810.445	43.985
1846.54	807.937	46.713
1846.63	810.870	43.990
1846.71	816.081	38.999
1846.79	819.979	35.211
1846.88	823.608	31.802
1846.96	824.827	30.793
1847.04	822.848	32.992
1847.13	824.561	31.389
1847.21	823.624	32.326
1847.29	821.067	34.993
1847.38	816.714	39.446
1847.46	809.803	46.467
1847.54	807.298	49.082
1847.63	810.228	46.262
1847.71	815.435	41.165
1847.79	819.330	37.380
1847.88	822.956	33.824
1847.96	824.174	32.716
1848.04	827.287	29.713
1848.13	829.010	28.090
1848.21	828.068	29.142
1848.29	825.497	31.823
1848.38	821.120	36.310
1848.46	814.172	43.368
1848.54	811.653	45.887
1848.63	814.599	43.051
1848.71	819.834	37.996
1848.79	823.750	34.190
1848.88	827.396	30.644
1848.96	828.621	29.529
1849.04	831.726	26.534
1849.13	833.458	24.912
1849.21	832.511	25.859
1849.29	829.926	28.554
1849.38	825.526	33.064
1849.46	818.541	40.159
1849.54	816.009	42.871
1849.63	818.970	40.020
1849.71	824.234	34.856
1849.79	828.170	31.030
1849.88	831.836	27.364
1849.96	833.067	26.243
1850.04	836.165	23.255
1850.13	837.907	21.623
1850.21	836.955	22.685
1850.29	834.356	25.284
1850.38	829.933	29.887
1850.46	822.910	37.020
1850.54	820.364	39.566
1850.63	823.342	36.688
1850.71	828.633	31.507
1850.79	832.591	27.659
1850.88	836.276	23.974
1850.96	837.514	22.846
1851.04	840.605	19.865
1851.13	842.356	18.114
1851.21	841.398	19.252
1851.29	838.786	21.974
1851.38	834.339	26.531
1851.46	827.279	33.591
1851.54	824.720	36.260
1851.63	827.713	33.367
1851.71	833.032	28.048
1851.79	837.011	24.179
1851.88	840.716	20.584
1851.96	841.960	19.520
1852.04	845.044	16.436
1852.13	846.804	14.786
1852.21	845.841	15.859
1852.29	843.216	18.484
1852.38	838.745	23.065
1852.46	831.648	30.272
1852.54	829.075	32.955
1852.63	832.084	29.946
1852.71	837.432	24.698
1852.79	841.431	20.889
1852.88	845.155	17.165
1852.96	846.406	16.014
1853.04	842.600	19.930
1853.13	844.355	18.285
1853.21	843.396	19.354
1853.29	840.777	22.193
1853.38	836.319	26.761
1853.46	829.243	33.937
1853.54	826.678	36.612
1853.63	829.678	33.832
1853.71	835.010	28.610
1853.79	838.998	24.732
1853.88	842.711	21.119
1853.96	843.959	19.981
1854.04	840.157	24.003
1854.13	841.907	22.363
1854.21	840.950	23.430
1854.29	838.339	26.141
1854.38	833.894	30.806
1854.46	826.838	38.042
1854.54	824.280	40.710
1854.63	827.272	37.828
1854.71	832.588	32.622
1854.79	836.565	28.865
1854.88	840.268	25.262
1854.96	841.511	24.129
1855.04	837.713	28.037
1855.13	839.458	26.402
1855.21	838.504	27.466
1855.29	835.900	30.070
1855.38	831.469	34.611
1855.46	824.433	41.757
1855.54	821.883	44.407
1855.63	824.866	41.424
1855.71	830.167	36.233
1855.79	834.132	32.378
1855.88	837.824	28.686
1855.96	839.064	27.476
1856.04	835.269	31.381
1856.13	837.009	29.641
1856.21	836.058	30.702
1856.29	833.462	33.408
1856.38	829.043	37.827
1856.46	822.028	44.952
1856.54	819.485	47.605
1856.63	822.459	44.741
1856.71	827.745	39.455
1856.79	831.699	35.601
1856.88	835.380	32.030
1856.96	836.616	30.794
1857.04	837.306	30.214
1857.13	839.050	28.580
1857.21	838.096	29.534
1857.29	835.494	32.246
1857.38	831.064	36.786
1857.46	824.032	43.918
1857.54	821.483	46.467
1857.63	824.465	43.595
1857.71	829.763	38.407
1857.79	833.726	34.444
1857.88	837.416	30.864
1857.96	838.656	29.734
1858.04	839.342	29.048
1858.13	841.090	27.410
1858.21	840.134	28.466
1858.29	837.526	31.074
1858.38	833.086	35.624
1858.46	826.037	42.783
1858.54	823.481	45.449
1858.63	826.470	42.460
1858.71	831.781	37.179
1858.79	835.754	33.316
1858.88	839.453	29.617
1858.96	840.695	28.485
1859.04	841.379	27.911
1859.13	843.131	26.159
1859.21	842.173	27.227
1859.29	839.558	29.952
1859.38	835.107	34.403
1859.46	828.041	41.569
1859.54	825.479	44.241
1859.63	828.475	41.355
1859.71	833.799	36.031
1859.79	837.782	32.158
1859.88	841.489	28.561
1859.96	842.735	27.315
1860.04	843.415	26.745
1860.13	845.172	25.098
1860.21	844.211	26.159
1860.29	841.590	28.890
1860.38	837.128	33.462
1860.46	830.045	40.655
1860.54	827.477	43.223
1860.63	830.480	40.330
1860.71	835.817	35.103
1860.79	839.809	31.211
1860.88	843.526	27.604
1860.96	844.775	26.465
1861.04	845.451	25.899
1861.13	847.212	24.248
1861.21	846.249	25.321
1861.29	843.622	28.048
1861.38	839.149	32.521
1861.46	832.049	39.731
1861.54	829.475	42.415
1861.63	832.485	39.515
1861.71	837.835	34.275
1861.79	841.837	30.383
1861.88	845.563	26.687
1861.96	846.814	25.546
1862.04	847.488	24.982
1862.13	849.253	23.327
1862.21	848.287	24.393
1862.29	845.654	27.026
1862.38	841.170	31.620
1862.46	834.053	38.847
1862.54	831.473	41.537
1862.63	834.490	38.630
1862.71	839.853	33.377
1862.79	843.865	29.465
1862.88	847.599	25.841
1862.96	848.854	24.696
1863.04	849.524	24.136
1863.13	851.293	22.367
1863.21	850.326	23.444
1863.29	847.686	26.194
1863.38	843.192	30.788
1863.46	836.057	38.033
1863.54	833.470	40.730
1863.63	836.495	37.815
1863.71	841.871	32.549
1863.79	845.892	28.638
1863.88	849.636	25.004
1863.96	850.894	23.846
1864.04	852.324	22.416
1864.13	854.099	20.751
1864.21	853.128	21.832
1864.29	850.480	24.590
1864.38	845.971	29.209
1864.46	838.813	36.477
1864.54	836.218	39.172
1864.63	839.252	36.248
1864.71	844.646	30.964
1864.79	848.680	27.040
1864.88	852.436	23.284
1864.96	853.698	22.132
1865.04	855.124	20.816
1865.13	856.905	19.245
1865.21	855.931	20.439
1865.29	853.274	23.316
1865.38	848.750	27.940
1865.46	841.568	35.342
1865.54	838.965	38.165
1865.63	842.010	35.230
1865.71	847.421	30.029
1865.79	851.468	26.202
1865.88	855.237	22.653
1865.96	856.503	21.497
1866.04	857.924	20.286
1866.13	859.711	18.719
1866.21	858.734	19.916
1866.29	856.068	22.682
1866.38	851.529	27.441
1866.46	844.324	34.866
1866.54	841.712	37.698
1866.63	844.767	34.743
1866.71	850.196	29.614
1866.79	854.256	25.764
1866.88	858.037	22.203
1866.96	859.307	21.043
1867.04	860.724	19.836
1867.13	862.517	18.263
1867.21	861.536	19.464
1867.29	858.862	22.248
1867.38	854.308	27.012
1867.46	847.080	34.460
1867.54	844.459	37.301
1867.63	847.524	34.346
1867.71	852.970	29.110
1867.79	857.045	25.255
1867.88	860.838	21.682
1867.96	862.112	20.508
1868.04	863.524	19.316
1868.13	865.323	17.847
1868.21	864.339	19.231
1868.29	861.656	22.124
1868.38	857.087	27.023
1868.46	849.835	34.605
1868.54	847.206	37.554
1868.63	850.281	34.879
1868.71	855.745	29.745
1868.79	859.833	25.867
1868.88	863.638	22.392
1868.96	864.916	21.434
1869.04	866.324	20.356
1869.13	868.129	18.951
1869.21	867.142	20.158
1869.29	864.450	23.170
1869.38	859.866	28.084
1869.46	852.591	35.679
1869.54	849.953	38.727
1869.63	853.038	35.962
1869.71	858.520	30.700
1869.79	862.621	26.919
1869.88	866.438	23.432
1869.96	867.721	22.549
1870.04	869.124	21.476
1870.13	870.934	19.766
1870.21	869.944	20.976
1870.29	867.244	23.786
1870.38	862.646	28.604
1870.46	855.346	36.004
1870.54	852.700	38.870
1870.63	855.795	35.885
1870.71	861.295	30.605
1870.79	865.409	26.671
1870.88	869.239	23.061
1870.96	870.525	21.885
1871.04	871.924	20.696
1871.13	873.740	18.990
1871.21	872.747	20.203
1871.29	870.038	23.132
1871.38	865.425	27.845
1871.46	858.102	35.388
1871.54	855.447	38.153
1871.63	858.552	35.338
1871.71	864.070	29.930
1871.79	868.197	26.023
1871.88	872.039	22.291
1871.96	873.330	21.210
1872.04	873.248	21.402
1872.13	875.067	19.803
1872.21	874.072	20.908
1872.29	871.358	23.842
1872.38	866.738	28.562
1872.46	859.405	36.195
1872.54	856.746	38.964
1872.63	859.855	36.065
1872.71	865.381	30.649
1872.79	869.515	26.735
1872.88	873.363	22.997
1872.96	874.656	21.914
1873.04	874.571	22.109
1873.13	876.393	20.507
1873.21	875.397	21.613
1873.29	872.679	24.621
1873.38	868.052	29.468
1873.46	860.707	36.923
1873.54	858.045	39.795
1873.63	861.159	36.791
1873.71	866.693	31.477
1873.79	870.833	27.447
1873.88	874.687	23.813
1873.96	875.982	22.618
1874.04	875.895	22.925
1874.13	877.719	21.941
1874.21	876.722	23.588
1874.29	874.000	27.070
1874.38	869.366	32.464
1874.46	862.010	40.580
1874.54	859.343	44.007
1874.63	862.462	41.648
1874.71	868.005	36.865
1874.79	872.151	33.369
1874.88	876.011	30.269
1874.96	877.307	29.733
1875.04	877.219	30.581
1875.13	879.046	28.854
1875.21	878.047	29.783
1875.29	875.321	32.619
1875.38	870.680	37.360
1875.46	863.313	44.837
1875.54	860.642	47.508
1875.63	863.765	44.495
1875.71	869.317	39.053
1875.79	873.469	34.901
1875.88	877.334	31.146
1875.96	878.633	29.957
1876.04	878.542	30.148
1876.13	880.372	28.318
1876.21	879.371	29.429
1876.29	876.641	32.269
1876.38	871.994	36.916
1876.46	864.615	44.405
1876.54	861.940	47.190
1876.63	865.069	44.061
1876.71	870.628	38.532
1876.79	874.787	34.483
1876.88	878.658	30.722
1876.96	879.959	29.421
1877.04	879.866	29.614
1877.13	881.699	27.891
1877.21	880.696	28.894
1877.29	877.962	31.738
1877.38	873.307	36.503
1877.46	865.918	44.002
1877.54	863.239	46.681
1877.63	866.372	43.658
1877.71	871.940	38.200
1877.79	876.105	34.035
1877.88	879.982	30.258
1877.96	881.285	29.065
1878.04	881.190	29.270
1878.13	883.025	27.435
1878.21	882.021	28.469
1878.29	879.283	31.317
1878.38	874.621	35.979
1878.46	867.221	43.489
1878.54	864.538	46.282
1878.63	867.675	43.145
1878.71	873.252	37.678
1878.79	877.423	33.607
1878.88	881.306	29.834
1878.96	882.610	28.530
1879.04	882.513	28.737
1879.13	884.351	27.009
1879.21	883.346	28.014
1879.29	880.604	30.866
1879.38	875.935	35.645
1879.46	868.523	43.157
1879.54	865.836	45.844
1879.63	868.979	42.811
1879.71	874.563	37.257
1879.79	878.741	33.079
1879.88	882.630	29.300
1879.96	883.936	28.104
1880.04	883.776	28.374
1880.13	885.617	26.533
1880.21	884.610	27.650
1880.29	881.864	30.506
1880.38	877.188	35.182
1880.46	869.766	42.704
1880.54	867.075	45.505
1880.63	870.222	42.468
1880.71	875.815	36.875
1880.79	879.998	32.802
1880.88	883.892	29.018
1880.96	885.201	27.709
1881.04	885.038	27.982
1881.13	886.882	26.248
1881.21	885.874	27.176
1881.29	883.123	30.037
1881.38	878.441	34.819
1881.46	871.008	42.362
1881.54	868.314	45.056
1881.63	871.465	42.015
1881.71	877.066	36.524
1881.79	881.255	32.335
1881.88	885.155	28.545
1881.96	886.465	27.345
1882.04	886.301	27.609
1882.13	888.147	25.763
1882.21	887.137	26.883
1882.29	884.383	29.747
1882.38	879.694	34.436
1882.46	872.251	41.989
1882.54	869.552	44.798
1882.63	872.708	41.752
1882.71	878.317	36.063
1882.79	882.512	31.978
1882.88	886.418	28.182
1882.96	887.730	26.870
1883.04	887.564	27.136
1883.13	889.412	25.398
1883.21	888.401	26.409
1883.29	885.643	29.277
1883.38	880.948	34.082
1883.46	873.494	41.646
1883.54	870.791	44.349
1883.63	873.952	41.298
1883.71	879.568	35.792
1883.79	883.769	31.591
1883.88	887.681	27.779
1883.96	888.995	26.575
1884.04	888.826	26.854
1884.13	890.677	25.003
1884.21	889.665	26.045
1884.29	886.903	28.917
1884.38	882.201	33.619
1884.46	874.736	41.194
1884.54	872.030	44.010
1884.63	875.195	40.945
1884.71	880.819	35.321
1884.79	885.026	31.224
1884.88	888.943	27.417
1884.96	890.259	26.101
1885.04	890.124	26.346
1885.13	891.978	24.812
1885.21	890.964	26.076
1885.29	888.198	29.172
1885.38	883.489	34.201
1885.46	876.014	41.926
1885.54	873.303	44.957
1885.63	876.473	42.037
1885.71	882.106	36.734
1885.79	886.319	32.841
1885.88	890.242	29.168
1885.96	891.559	28.171
1886.04	898.354	21.706
1886.13	900.225	20.075
1886.21	899.202	21.428
1886.29	896.410	24.540
1886.38	891.657	29.543
1886.46	884.113	37.417
1886.54	881.378	40.472
1886.63	884.576	37.524
1886.71	890.261	32.159
1886.79	894.514	28.236
1886.88	898.472	24.518
1886.96	899.802	23.518
1887.04	899.760	23.880
1887.13	901.634	22.036
1887.21	900.610	23.280
1887.29	897.814	26.186
1887.38	893.053	31.157
1887.46	885.497	38.823
1887.54	882.758	41.672
1887.63	885.961	38.689
1887.71	891.655	33.105
1887.79	895.914	29.056
1887.88	899.879	25.201
1887.96	901.211	24.009
1888.04	901.167	24.163
1888.13	903.044	22.396
1888.21	902.017	23.633
1888.29	899.217	26.543
1888.38	894.449	31.531
1888.46	886.881	39.209
1888.54	884.137	42.053
1888.63	887.346	39.064
1888.71	893.049	33.471
1888.79	897.314	29.426
1888.88	901.286	25.474
1888.96	902.620	24.360
1889.04	901.192	25.898
1889.13	903.069	24.131
1889.21	902.043	25.377
1889.29	899.242	28.278
1889.38	894.475	33.265
1889.46	886.906	40.944
1889.54	884.162	43.798
1889.63	887.371	40.799
1889.71	893.074	35.206
1889.79	897.340	31.080
1889.88	901.311	27.219
1889.96	902.645	26.095
1890.04	901.898	26.952
1890.13	903.777	25.183
1890.21	902.750	26.210
1890.29	899.947	29.203
1890.38	895.175	33.975
1890.46	887.601	41.659
1890.54	884.855	44.515
1890.63	888.067	41.303
1890.71	893.774	35.696
1890.79	898.043	31.537
1890.88	902.017	27.643
1890.96	903.353	26.417
1891.04	902.604	27.166
1891.13	904.484	25.396
1891.21	903.456	26.534
1891.29	900.651	29.339
1891.38	895.876	34.224
1891.46	888.296	41.874
1891.54	885.548	44.732
1891.63	888.762	41.628
1891.71	894.473	35.917
1891.79	898.746	31.754
1891.88	902.723	27.887
1891.96	904.060	26.550
1892.04	903.310	27.490
1892.13	905.192	25.608
1892.21	904.163	26.737
1892.29	901.356	29.654
1892.38	896.577	34.433
1892.46	888.991	42.129
1892.54	886.240	44.880
1892.63	889.457	41.853
1892.71	895.173	36.247
1892.79	899.449	31.971
1892.88	903.429	28.101
1892.96	904.767	26.863
1893.04	904.016	27.614
1893.13	905.899	25.841
1893.21	904.870	26.950
1893.29	902.060	29.870
1893.38	897.278	34.762
1893.46	889.686	42.354
1893.54	886.933	45.217
1893.63	890.152	41.998
1893.71	895.873	36.387
1893.79	900.152	32.218
1893.88	904.136	28.314
1893.96	905.474	27.076
1894.04	937.041	21.557
1894.13	938.993	21.602
1894.21	937.925	21.577
1894.29	935.013	21.510
1894.38	930.056	21.396
1894.46	922.187	21.215
1894.54	919.334	21.149
1894.63	922.670	21.226
1894.71	928.600	21.362
1894.79	933.035	21.464
1894.88	937.164	21.559
1894.96	938.552	21.591
1895.04	924.090	9.490
1895.13	926.015	7.785
1895.21	924.962	9.128
1895.29	922.090	12.300
1895.38	917.202	17.408
1895.46	909.441	25.469
1895.54	906.627	28.573
1895.63	909.918	25.502
1895.71	915.765	19.955
1895.79	920.139	15.871
1895.88	924.212	12.018
1895.96	925.580	10.950
1896.04	925.947	10.873
1896.13	927.876	9.164
1896.21	926.821	10.519
1896.29	923.943	13.697
1896.38	919.045	18.805
1896.46	911.268	26.882
1896.54	908.449	30.001
1896.63	911.746	26.924
1896.71	917.606	21.354
1896.79	921.989	17.271
1896.88	926.069	13.411
1896.96	927.440	12.330
1897.04	927.804	12.266
1897.13	929.736	10.664
1897.21	928.679	11.931
1897.29	925.796	15.224
1897.38	920.888	20.352
1897.46	913.096	28.444
1897.54	910.271	31.589
1897.63	913.575	28.505
1897.71	919.446	22.934
1897.79	923.837	18.863
1897.88	927.926	14.994
1897.96	929.300	13.920
1898.04	929.661	13.879
1898.13	931.597	12.243
1898.21	930.538	13.522
1898.29	927.649	16.731
1898.38	922.731	21.949
1898.46	914.923	30.087
1898.54	912.093	33.137
1898.63	915.403	30.117
1898.71	921.286	24.564
1898.79	925.686	20.464
1898.88	929.783	16.587
1898.96	931.159	15.531
1899.04	931.518	15.472
1899.13	933.458	13.752
1899.21	932.397	15.213
1899.29	929.502	18.328
1899.38	924.574	23.476
1899.46	916.751	31.709
1899.54	913.915	34.755
1899.63	917.232	31.768
1899.71	923.126	26.174
1899.79	927.535	21.975
1899.88	931.641	18.279
1899.96	933.020	17.120
1900.04	933.375	16.985
1900.13	935.319	15.471
1900.21	934.255	16.865
1900.29	931.355	20.275
1900.38	926.417	25.543
1900.46	918.578	33.812
1900.54	915.736	36.984
1900.63	919.060	34.100
1900.71	924.966	28.514
1900.79	929.384	24.536
1900.88	933.498	20.852
1900.96	934.879	19.801
1901.04	944.620	11.009
1901.13	946.587	11.032
1901.21	945.511	11.019
1901.29	942.576	13.704
1901.38	937.578	19.142
1901.46	929.645	27.395
1901.54	926.769	30.711
1901.63	930.133	27.667
1901.71	936.110	22.130
1901.79	940.581	17.979
1901.88	944.744	14.256
1901.96	946.143	13.177
1902.04	945.306	14.454
1902.13	947.275	12.895
1902.21	946.198	14.402
1902.29	943.260	17.670
1902.38	938.259	23.101
1902.46	930.320	31.370
1902.54	927.442	34.678
1902.63	930.808	31.642
1902.71	936.790	26.100
1902.79	941.265	22.055
1902.88	945.430	18.220
1902.96	946.830	17.250
1903.04	948.915	15.495
1903.13	950.892	14.168
1903.21	949.811	16.009
1903.29	946.862	19.608
1903.38	941.842	25.308
1903.46	933.873	33.927
1903.54	930.984	37.476
1903.63	934.362	34.858
1903.71	940.367	29.423
1903.79	944.859	25.691
1903.88	949.041	22.159
1903.96	950.445	21.405
1904.04	952.525	20.005
1904.13	954.509	18.671
1904.21	953.424	20.406
1904.29	950.464	24.126
1904.38	945.425	29.735
1904.46	937.425	38.495
1904.54	934.525	42.055
1904.63	937.917	39.313
1904.71	943.945	33.955
1904.79	948.453	30.107
1904.88	952.651	26.669
1904.96	954.061	25.829
1905.04	956.135	24.405
1905.13	958.126	22.734
1905.21	957.037	24.153
1905.29	954.066	27.344
1905.38	949.008	32.722
1905.46	940.978	40.972
1905.54	938.067	44.213
1905.63	941.471	41.129
1905.71	947.522	35.218
1905.79	952.047	31.013
1905.88	956.261	27.129
1905.96	957.676	25.924
1906.04	959.744	24.186
1906.13	961.743	22.517
1906.21	960.650	23.820
1906.29	957.668	27.132
1906.38	952.590	32.430
1906.46	944.530	40.810
1906.54	941.608	43.972
1906.63	945.025	40.775
1906.71	951.099	35.031
1906.79	955.642	30.808
1906.88	959.871	26.799
1906.96	961.292	25.708
1907.04	963.354	23.856
1907.13	965.361	22.179
1907.21	964.263	23.607
1907.29	961.270	26.810
1907.38	956.173	32.147
1907.46	948.083	40.567
1907.54	945.149	43.721
1907.63	948.580	40.610
1907.71	954.676	34.844
1907.79	959.236	30.504
1907.88	963.481	26.579
1907.96	964.907	25.373
1908.04	970.276	20.334
1908.13	972.297	18.633
1908.21	971.192	19.868
1908.29	968.177	23.213
1908.38	963.044	28.676
1908.46	954.895	37.035
1908.54	951.941	40.319
1908.63	955.396	37.084
1908.71	961.536	31.264
1908.79	966.128	27.002
1908.88	970.404	22.946
1908.96	971.841	21.829
1909.04	975.566	18.344
1909.13	977.598	16.532
1909.21	976.487	17.963
1909.29	973.455	21.325
1909.38	968.294	26.706
1909.46	960.101	35.219
1909.54	957.130	38.410
1909.63	960.604	35.266
1909.71	966.778	29.412
1909.79	971.395	25.015
1909.88	975.695	20.955
1909.96	977.139	19.841
1910.04	980.856	16.334
1910.13	982.898	14.732
1910.21	981.781	16.389
1910.29	978.733	19.957
1910.38	973.544	25.586
1910.46	965.307	34.363
1910.54	962.320	37.780
1910.63	965.813	34.687
1910.71	972.020	28.980
1910.79	976.662	24.838
1910.88	980.985	20.915
1910.96	982.437	19.963
1911.04	986.145	16.755
1911.13	988.199	15.201
1911.21	987.076	16.824
1911.29	984.012	20.288
1911.38	978.795	26.105
1911.46	970.513	34.787
1911.54	967.510	38.190
1911.63	971.022	35.278
1911.71	977.262	29.438
1911.79	981.930	25.170
1911.88	986.276	21.324
1911.96	987.735	20.365
1912.04	991.435	17.165
1912.13	993.500	15.600
1912.21	992.371	17.229
1912.29	989.290	20.810
1912.38	984.045	26.455
1912.46	975.718	35.182
1912.54	972.700	38.800
1912.63	976.230	35.670
1912.71	982.504	29.796
1912.79	987.197	25.703
1912.88	991.566	21.734
1912.96	993.034	20.766
1913.04	996.725	17.575
1913.13	998.801	16.199
1913.21	997.666	18.134
1913.29	994.568	21.932
1913.38	989.295	28.105
1913.46	980.925	37.075
1913.54	977.890	41.010
1913.63	981.439	38.061
1913.71	987.746	32.654
1913.79	992.464	28.536
1913.88	996.856	25.044
1913.96	998.332	24.168
1914.04	1002.015	21.385
1914.13	1004.102	19.898
1914.21	1002.960	21.940
1914.29	999.846	25.854
1914.38	994.545	31.855
1914.46	986.130	41.070
1914.54	983.079	44.821
1914.63	986.647	42.053
1914.71	992.988	36.412
1914.79	997.731	32.469
1914.88	1002.147	28.753
1914.96	1003.630	28.070
1915.04	1002.893	29.507
1915.13	1004.981	27.819
1915.21	1003.839	29.261
1915.29	1000.723	32.677
1915.38	995.417	38.383
1915.46	986.994	47.206
1915.54	983.941	50.559
1915.63	987.512	47.288
1915.71	993.858	41.342
1915.79	998.605	36.895
1915.88	1003.025	32.775
1915.96	1004.510	31.590
1916.04	1005.944	30.556
1916.13	1008.040	28.860
1916.21	1006.894	30.306
1916.29	1003.768	33.732
1916.38	998.446	39.454
1916.46	989.998	48.202
1916.54	986.935	51.565
1916.63	990.517	48.283
1916.71	996.883	42.317
1916.79	1001.644	37.856
1916.88	1006.077	33.823
1916.96	1007.566	32.734
1917.04	1008.996	31.604
1917.13	1011.098	29.702
1917.21	1009.949	31.251
1917.29	1006.813	34.787
1917.38	1001.475	40.425
1917.46	993.001	49.199
1917.54	989.929	52.671
1917.63	993.522	49.478
1917.71	999.907	43.393
1917.79	1004.683	38.817
1917.88	1009.130	34.670
1917.96	1010.623	33.677
1918.04	1020.567	24.033
1918.13	1022.692	22.208
1918.21	1021.530	23.770
1918.29	1018.358	27.342
1918.38	1012.959	33.041
1918.46	1004.388	41.812
1918.54	1001.281	45.319
1918.63	1004.915	41.985
1918.71	1011.373	35.927
1918.79	1016.204	31.396
1918.88	1020.701	27.299
1918.96	1022.212	26.088
1919.04	1027.939	20.761
1919.13	1030.080	18.920
1919.21	1028.909	20.391
1919.29	1025.715	23.885
1919.38	1020.277	29.623
1919.46	1011.644	38.756
1919.54	1008.514	42.186
1919.63	1012.174	38.826
1919.71	1018.679	32.621
1919.79	1023.545	28.155
1919.88	1028.075	23.925
1919.96	1029.597	22.703
1920.04	1035.312	17.288
1920.13	1037.468	15.732
1920.21	1036.289	17.311
1920.29	1033.072	20.928
1920.38	1027.594	26.906
1920.46	1018.900	36.100
1920.54	1015.747	39.653
1920.63	1019.434	36.466
1920.71	1025.985	30.315
1920.79	1030.886	25.814
1920.88	1035.448	21.852
1920.96	1036.981	20.719
1921.04	1042.684	15.416
1921.13	1044.856	13.744
1921.21	1043.668	15.432
1921.29	1040.428	19.072
1921.38	1034.912	25.088
1921.46	1026.155	34.245
1921.54	1022.980	37.820
1921.63	1026.693	34.707
1921.71	1033.291	28.509
1921.79	1038.227	23.973
1921.88	1042.822	19.878
1921.96	1044.365	18.735
1922.04	1050.057	13.543
1922.13	1052.244	11.856
1922.21	1051.048	13.452
1922.29	1047.785	17.115
1922.38	1042.230	23.270
1922.46	1033.411	32.489
1922.54	1030.214	36.086
1922.63	1033.953	32.847
1922.71	1040.598	26.602
1922.79	1045.568	22.132
1922.88	1050.195	18.005
1922.96	1051.750	16.850
1923.04	1057.429	11.571
1923.13	1059.632	9.868
1923.21	1058.427	11.573
1923.29	1055.141	15.259
1923.38	1049.547	21.353
1923.46	1040.667	30.633
1923.54	1037.447	34.353
1923.63	1041.212	31.088
1923.71	1047.904	24.796
1923.79	1052.909	20.191
1923.88	1057.569	16.031
1923.96	1059.134	14.966
1924.04	1064.802	9.698
1924.13	1067.020	9.380
1924.21	1065.807	12.493
1924.29	1062.498	17.602
1924.38	1056.865	25.135
1924.46	1047.922	35.778
1924.54	1044.680	40.920
1924.63	1048.472	38.928
1924.71	1055.210	33.990
1924.79	1060.250	30.750
1924.88	1064.942	27.858
1924.96	1066.519	28.081
1925.04	1072.175	24.325
1925.13	1074.408	22.392
1925.21	1073.186	23.914
1925.29	1069.855	27.745
1925.38	1064.182	33.718
1925.46	1055.178	42.922
1925.54	1051.914	46.586
1925.63	1055.731	43.069
1925.71	1062.516	36.684
1925.79	1067.591	31.909
1925.88	1072.316	27.584
1925.96	1073.903	26.197
1926.04	1079.547	20.853
1926.13	1081.795	19.105
1926.21	1080.566	20.634
1926.29	1077.211	24.289
1926.38	1071.500	30.300
1926.46	1062.434	39.666
1926.54	1059.147	43.353
1926.63	1062.991	39.809
1926.71	1069.822	33.378
1926.79	1074.932	28.568
1926.88	1079.689	24.011
1926.96	1081.287	22.913
1927.04	1079.942	24.558
1927.13	1082.191	22.609
1927.21	1080.961	24.139
1927.29	1077.605	27.895
1927.38	1071.892	33.908
1927.46	1062.822	43.278
1927.54	1059.534	46.966
1927.63	1063.379	43.421
1927.71	1070.213	36.887
1927.79	1075.325	32.175
1927.88	1080.084	27.716
1927.96	1081.683	26.417
1928.04	1083.775	24.625
1928.13	1086.032	22.768
1928.21	1084.798	24.402
1928.29	1081.430	27.970
1928.38	1075.697	34.103
1928.46	1066.595	43.505
1928.54	1063.295	47.105
1928.63	1067.154	43.746
1928.71	1074.012	37.188
1928.79	1079.142	32.258
1928.88	1083.918	27.782
1928.96	1085.523	26.577
1929.04	1086.865	25.635
1929.13	1089.129	23.671
1929.21	1087.891	25.209
1929.29	1084.514	28.886
1929.38	1078.764	34.936
1929.46	1069.636	44.464
1929.54	1066.327	48.173
1929.63	1070.197	44.603
1929.71	1077.075	37.925
1929.79	1082.219	33.181
1929.88	1087.009	28.791
1929.96	1088.618	27.482
1930.04	1090.322	26.078
1930.13	1092.593	24.107
1930.21	1091.351	25.749
1930.29	1087.963	29.437
1930.38	1082.195	35.705
1930.46	1073.038	45.062
1930.54	1069.718	48.682
1930.63	1073.600	45.300
1930.71	1080.500	38.700
1930.79	1085.661	33.839
1930.88	1090.466	29.434
1930.96	1092.080	28.120
1931.04	1093.778	26.822
1931.13	1096.056	24.944
1931.21	1094.811	26.389
1931.29	1091.412	30.188
1931.38	1085.625	36.275
1931.46	1076.439	45.861
1931.54	1073.109	49.491
1931.63	1077.004	45.896
1931.71	1083.925	39.475
1931.79	1089.102	34.598
1931.88	1093.923	29.977
1931.96	1095.542	28.858
1932.04	1102.600	22.100
1932.13	1104.896	20.104
1932.21	1103.640	21.760
1932.29	1100.214	25.486
1932.38	1094.381	31.719
1932.46	1085.121	41.279
1932.54	1081.764	44.936
1932.63	1085.690	41.410
1932.71	1092.667	34.733
1932.79	1097.886	29.914
1932.88	1102.745	25.355
1932.96	1104.377	24.023
1933.04	1108.777	20.123
1933.13	1111.086	18.114
1933.21	1109.823	19.677
1933.29	1106.378	23.522
1933.38	1100.512	29.688
1933.46	1091.200	39.300
1933.54	1087.824	43.076
1933.63	1091.772	39.428
1933.71	1098.789	32.811
1933.79	1104.037	27.863
1933.88	1108.923	23.377
1933.96	1110.565	22.035
1934.04	1114.954	17.946
1934.13	1117.277	16.223
1934.21	1116.007	17.993
1934.29	1112.542	22.058
1934.38	1106.643	28.457
1934.46	1097.280	38.420
1934.54	1093.885	42.315
1934.63	1097.855	38.845
1934.71	1104.911	32.389
1934.79	1110.188	27.612
1934.88	1115.101	23.299
1934.96	1116.752	22.148
1935.04	1132.876	12.598
1935.13	1135.236	12.624
1935.21	1133.945	12.610
1935.29	1130.425	12.571
1935.38	1124.432	17.268
1935.46	1114.917	27.283
1935.54	1111.468	31.332
1935.63	1115.502	27.798
1935.71	1122.671	21.229
1935.79	1128.033	16.367
1935.88	1133.026	12.600
1935.96	1134.703	12.618
1936.04	1145.011	12.348
1936.13	1147.395	12.374
1936.21	1146.091	12.360
1936.29	1142.533	12.321
1936.38	1136.476	12.256
1936.46	1126.859	21.341
1936.54	1123.373	25.127
1936.63	1127.450	21.550
1936.71	1134.696	14.704
1936.79	1140.116	12.295
1936.88	1145.162	12.350
1936.96	1146.857	12.368
1937.04	1141.703	9.297
1937.13	1144.081	7.519
1937.21	1142.781	9.219
1937.29	1139.233	13.067
1937.38	1133.193	19.607
1937.46	1123.605	29.595
1937.54	1120.128	33.472
1937.63	1124.194	29.806
1937.71	1131.419	22.981
1937.79	1136.823	18.077
1937.88	1141.854	13.546
1937.96	1143.544	12.256
1938.04	1146.006	10.094
1938.13	1148.392	8.408
1938.21	1147.087	10.313
1938.29	1143.526	14.574
1938.38	1137.463	21.137
1938.46	1127.839	31.561
1938.54	1124.349	35.551
1938.63	1128.430	32.270
1938.71	1135.682	25.518
1938.79	1141.106	20.794
1938.88	1146.157	16.443
1938.96	1147.853	15.347
1939.04	1149.329	14.571
1939.13	1151.723	12.477
1939.21	1150.414	14.286
1939.29	1146.842	18.358
1939.38	1140.762	24.938
1939.46	1131.109	34.891
1939.54	1127.610	38.890
1939.63	1131.702	35.298
1939.71	1138.976	28.424
1939.79	1144.416	23.384
1939.88	1149.481	18.819
1939.96	1151.182	17.618
1940.04	1153.135	16.165
1940.13	1155.537	13.863
1940.21	1154.223	15.477
1940.29	1150.640	19.360
1940.38	1144.539	25.661
1940.46	1134.855	35.545
1940.54	1131.344	39.356
1940.63	1135.450	35.450
1940.71	1142.747	28.453
1940.79	1148.205	23.195
1940.88	1153.287	18.513
1940.96	1154.994	16.906
1941.04	1147.371	24.829
1941.13	1149.761	22.639
1941.21	1148.454	23.946
1941.29	1144.889	27.611
1941.38	1138.819	33.781
1941.46	1129.183	43.417
1941.54	1125.689	47.111
1941.63	1129.775	43.025
1941.71	1137.035	35.865
1941.79	1142.466	30.534
1941.88	1147.523	25.677
1941.96	1149.221	23.979
1942.04	1170.464	10.894
1942.13	1172.902	10.916
1942.21	1171.569	10.904
1942.29	1167.932	10.870
1942.38	1161.739	11.761
1942.46	1151.910	21.490
1942.54	1148.346	25.054
1942.63	1152.514	20.986
1942.71	1159.920	13.680
1942.79	1165.461	10.847
1942.88	1170.619	10.895
1942.96	1172.351	10.911
1943.04	1174.158	7.044
1943.13	1176.603	7.059
1943.21	1175.266	7.051
1943.29	1171.617	7.029
1943.38	1165.405	8.595
1943.46	1155.544	18.556
1943.54	1151.969	22.131
1943.63	1156.150	18.050
1943.71	1163.581	10.719
1943.79	1169.138	7.014
1943.88	1174.313	7.045
1943.96	1176.051	7.055
1944.04	1181.549	6.949
1944.13	1184.010	8.310
1944.21	1182.664	6.898
1944.29	1178.992	6.877
1944.38	1172.741	6.840
1944.46	1162.818	15.682
1944.54	1159.221	19.879
1944.63	1163.428	16.172
1944.71	1170.905	9.095
1944.79	1176.497	6.862
1944.88	1181.704	6.892
1944.96	1183.454	6.903
1945.04	1173.607	8.393
1945.13	1176.051	6.449
1945.21	1174.714	8.386
1945.29	1171.067	12.533
1945.38	1164.858	19.242
1945.46	1155.002	29.798
1945.54	1151.429	33.871
1945.63	1155.608	30.092
1945.71	1163.035	23.365
1945.79	1168.590	18.310
1945.88	1173.761	13.639
1945.96	1175.499	12.501
1946.04	1173.221	15.279
1946.13	1175.664	13.536
1946.21	1174.328	15.372
1946.29	1170.682	19.718
1946.38	1164.475	26.525
1946.46	1154.622	36.978
1946.54	1151.050	41.050
1946.63	1155.228	37.472
1946.71	1162.652	30.648
1946.79	1168.205	25.795
1946.88	1173.375	21.125
1946.96	1175.112	19.988
1947.04	1185.286	10.514
1947.13	1187.754	8.646
1947.21	1186.404	10.596
1947.29	1182.721	14.879
1947.38	1176.450	21.850
1947.46	1166.496	32.304
1947.54	1162.887	36.613
1947.63	1167.108	32.892
1947.71	1174.608	26.192
1947.79	1180.219	21.081
1947.88	1185.442	16.558
1947.96	1187.197	15.403
1948.04	1191.215	11.985
1948.13	1193.696	10.104
1948.21	1192.339	12.061
1948.29	1188.637	16.463
1948.38	1182.335	23.365
1948.46	1172.331	33.969
1948.54	1168.704	38.196
1948.63	1172.946	34.554
1948.71	1180.484	27.616
1948.79	1186.122	22.678
1948.88	1191.372	18.028
1948.96	1193.136	16.964
1949.04	1197.144	13.456
1949.13	1199.638	11.762
1949.21	1198.274	13.726
1949.29	1194.554	18.146
1949.38	1188.221	25.079
1949.46	1178.167	35.833
1949.54	1174.522	40.278
1949.63	1178.784	36.616
1949.71	1186.360	29.740
1949.79	1192.026	24.674
1949.88	1197.302	20.198
1949.96	1199.074	19.126
1950.04	1203.074	15.726
1950.13	1205.579	14.121
1950.21	1204.209	16.391
1950.29	1200.470	20.830
1950.38	1194.106	28.094
1950.46	1184.002	38.998
1950.54	1180.339	43.461
1950.63	1184.623	39.977
1950.71	1192.236	33.264
1950.79	1197.930	28.370
1950.88	1203.232	23.968
1950.96	1205.013	22.987
1951.04	1214.552	14.248
1951.13	1217.082	12.218
1951.21	1215.699	14.101
1951.29	1211.924	18.476
1951.38	1205.499	25.401
1951.46	1195.299	36.001
1951.54	1191.601	40.299
1951.63	1195.926	36.474
1951.71	1203.611	29.389
1951.79	1209.360	24.040
1951.88	1214.713	19.087
1951.96	1216.511	17.989
1952.04	1223.296	11.604
1952.13	1225.844	9.656
1952.21	1224.451	11.449
1952.29	1220.649	15.951
1952.38	1214.178	22.822
1952.46	1203.904	33.596
1952.54	1200.180	37.820
1952.63	1204.535	34.065
1952.71	1212.277	26.823
1952.79	1218.067	21.533
1952.88	1223.458	16.542
1952.96	1225.269	15.431
1953.04	1232.041	9.059
1953.13	1234.607	7.693
1953.21	1233.203	10.197
1953.29	1229.375	15.325
1953.38	1222.857	23.043
1953.46	1212.510	34.490
1953.54	1208.759	39.541
1953.63	1213.145	36.255
1953.71	1220.942	29.658
1953.79	1226.774	24.926
1953.88	1232.203	20.797
1953.96	1234.027	20.173
1954.04	1240.785	14.515
1954.13	1243.369	13.131
1954.21	1241.956	15.844
1954.29	1238.100	20.900
1954.38	1231.536	28.464
1954.46	1221.115	40.085
1954.54	1217.337	45.263
1954.63	1221.756	41.944
1954.71	1229.607	35.293
1954.79	1235.480	30.520
1954.88	1240.948	26.352
1954.96	1242.785	25.715
1955.04	1249.529	20.171
1955.13	1252.131	18.769
1955.21	1250.708	21.292
1955.29	1246.825	26.375
1955.38	1240.214	34.186
1955.46	1229.721	45.879
1955.54	1225.916	50.784
1955.63	1230.365	47.535
1955.71	1238.273	40.727
1955.79	1244.187	36.013
1955.88	1249.693	31.707
1955.96	1251.543	31.057
1956.04	1307.077	30.192
1956.13	1309.799	30.255
1956.21	1308.310	30.220
1956.29	1304.249	30.126
1956.38	1297.334	29.967
1956.46	1286.357	29.713
1956.54	1282.377	29.621
1956.63	1287.031	29.729
1956.71	1295.302	29.920
1956.79	1301.489	30.063
1956.88	1307.249	30.196
1956.96	1309.184	30.240
1957.04	1295.519	7.769
1957.13	1298.217	7.786
1957.21	1296.742	7.777
1957.29	1292.716	7.753
1957.38	1285.862	7.711
1957.46	1274.982	18.418
1957.54	1271.037	22.863
1957.63	1275.650	18.950
1957.71	1283.849	11.151
1957.79	1289.981	7.736
1957.88	1295.690	7.770
1957.96	1297.608	7.782
1958.04	1304.506	7.206
1958.13	1307.223	6.764
1958.21	1305.737	6.756
1958.29	1301.683	6.917
1958.38	1294.782	16.818
1958.46	1283.826	29.574
1958.54	1279.854	35.446
1958.63	1284.499	32.701
1958.71	1292.754	26.046
1958.79	1298.929	21.771
1958.88	1304.678	17.822
1958.96	1306.609	17.791
1959.04	1314.310	11.990
1959.13	1317.047	9.853
1959.21	1315.550	12.150
1959.29	1311.466	16.834
1959.38	1304.513	24.587
1959.46	1293.475	36.225
1959.54	1289.473	41.027
1959.63	1294.153	36.947
1959.71	1302.470	29.330
1959.79	1308.691	23.709
1959.88	1314.483	18.817
1959.96	1316.429	17.471
1960.04	1324.114	10.486
1960.13	1326.872	8.828
1960.21	1325.363	11.337
1960.29	1321.249	16.651
1960.38	1314.244	24.756
1960.46	1303.123	36.977
1960.54	1299.092	41.908
1960.63	1303.807	38.393
1960.71	1312.186	31.114
1960.79	1318.453	25.947
1960.88	1324.288	21.112
1960.96	1326.249	20.351
1961.04	1333.918	13.782
1961.13	1336.696	12.004
1961.21	1335.177	14.623
1961.29	1331.032	19.968
1961.38	1323.975	28.125
1961.46	1312.772	40.328
1961.54	1308.711	45.489
1961.63	1313.460	41.940
1961.71	1321.902	34.598
1961.79	1328.215	29.285
1961.88	1334.094	24.506
1961.96	1336.069	23.731
1962.04	1354.696	11.235
1962.13	1357.517	11.258
1962.21	1355.974	11.246
1962.29	1351.765	12.435
1962.38	1344.598	20.602
1962.46	1333.221	33.079
1962.54	1329.096	38.304
1962.63	1333.920	34.680
1962.71	1342.492	27.108
1962.79	1348.904	21.796
1962.88	1354.874	16.926
1962.96	1356.880	16.020
1963.04	1370.066	10.918
1963.13	1372.920	10.941
1963.21	1371.359	10.929
1963.29	1367.102	10.895
1963.38	1359.853	18.547
1963.46	1348.347	31.153
1963.54	1344.176	36.424
1963.63	1349.054	32.646
1963.71	1357.724	25.076
1963.79	1364.209	19.691
1963.88	1370.247	14.753
1963.96	1372.275	13.825
1964.04	1385.436	10.601
1964.13	1388.322	10.623
1964.21	1386.744	10.611
1964.29	1382.439	10.578
1964.38	1375.109	16.491
1964.46	1363.474	29.226
1964.54	1359.255	34.445
1964.63	1364.189	30.711
1964.71	1372.956	23.144
1964.79	1379.513	17.687
1964.88	1385.619	12.481
1964.96	1387.670	11.730
1965.04	1372.678	27.822
1965.13	1375.537	26.263
1965.21	1373.974	29.026
1965.29	1369.708	34.592
1965.38	1362.446	43.154
1965.46	1350.918	55.882
1965.54	1346.738	61.362
1965.63	1351.626	57.774
1965.71	1360.313	50.287
1965.79	1366.810	45.090
1965.88	1372.859	40.341
1965.96	1374.891	39.609
1966.04	1396.328	19.472
1966.13	1399.236	17.864
1966.21	1397.645	20.555
1966.29	1393.306	26.194
1966.38	1385.919	34.881
1966.46	1374.192	47.908
1966.54	1369.941	53.459
1966.63	1374.913	49.787
1966.71	1383.749	42.151
1966.79	1390.358	36.842
1966.88	1396.512	31.988
1966.96	1398.579	31.121
1967.04	1408.866	22.134
1967.13	1411.801	20.499
1967.21	1410.196	23.404
1967.29	1405.818	28.982
1967.38	1398.364	37.736
1967.46	1386.532	50.868
1967.54	1382.243	56.457
1967.63	1387.259	52.741
1967.71	1396.175	45.025
1967.79	1402.843	39.457
1967.88	1409.052	34.548
1967.96	1411.138	33.762
1968.04	1445.740	18.790
1968.13	1448.751	18.829
1968.21	1447.104	18.808
1968.29	1442.611	18.749
1968.38	1434.963	18.650
1968.46	1422.821	30.379
1968.54	1418.419	36.181
1968.63	1423.567	32.633
1968.71	1432.716	24.784
1968.79	1439.559	19.441
1968.88	1445.930	18.792
1968.96	1448.070	18.820
1969.04	1470.621	18.277
1969.13	1473.684	18.315
1969.21	1472.009	18.294
1969.29	1467.439	18.237
1969.38	1459.659	18.141
1969.46	1447.308	22.892
1969.54	1442.830	28.870
1969.63	1448.067	25.133
1969.71	1457.373	18.112
1969.79	1464.334	18.199
1969.88	1470.815	18.279
1969.96	1472.992	18.306
1970.04	1495.503	17.764
1970.13	1498.617	17.801
1970.21	1496.914	17.781
1970.29	1492.267	17.726
1970.38	1484.355	17.632
1970.46	1471.795	17.483
1970.54	1467.242	21.458
1970.63	1472.567	17.633
1970.71	1482.031	17.604
1970.79	1489.109	17.688
1970.88	1495.700	17.767
1970.96	1497.914	17.793
1971.04	1483.291	14.009
1971.13	1486.380	12.320
1971.21	1484.690	15.410
1971.29	1480.081	21.419
1971.38	1472.234	30.766
1971.46	1459.777	44.723
1971.54	1455.261	50.639
1971.63	1460.542	46.858
1971.71	1469.929	38.771
1971.79	1476.949	33.151
1971.88	1483.486	28.114
1971.96	1485.682	27.318
1972.04	1527.200	17.488
1972.13	1530.381	17.524
1972.21	1528.642	17.504
1972.29	1523.896	17.450
1972.38	1515.816	17.357
1972.46	1502.991	19.909
1972.54	1498.341	26.259
1972.63	1503.779	22.621
1972.71	1513.443	17.330
1972.79	1520.672	17.413
1972.88	1527.402	17.490
1972.96	1529.663	17.516
1973.04	1515.054	20.046
1973.13	1518.210	18.690
1973.21	1516.484	22.216
1973.29	1511.776	28.624
1973.38	1503.761	38.339
1973.46	1491.037	52.863
1973.54	1486.424	59.076
1973.63	1491.819	55.481
1973.71	1501.406	47.494
1973.79	1508.577	42.123
1973.88	1515.254	37.146
1973.96	1517.497	36.603
1974.04	1586.588	30.788
1974.13	1589.893	32.793
1974.21	1588.085	30.293
1974.29	1583.155	30.199
1974.38	1574.761	30.039
1974.46	1561.437	29.785
1974.54	1556.606	29.693
1974.63	1562.256	29.801
1974.71	1572.296	29.992
1974.79	1579.805	30.135
1974.88	1586.797	30.269
1974.96	1589.146	30.314
1975.04	1545.934	25.566
1975.13	1549.154	23.646
1975.21	1547.393	26.607
1975.29	1542.589	32.711
1975.38	1534.411	42.189
1975.46	1521.428	56.472
1975.54	1516.721	62.579
1975.63	1522.225	58.375
1975.71	1532.008	49.892
1975.79	1539.326	43.874
1975.88	1546.138	38.262
1975.96	1548.427	37.273
1976.04	1588.110	11.802
1976.13	1591.417	11.827
1976.21	1589.608	11.813
1976.29	1584.673	11.777
1976.38	1576.272	15.928
1976.46	1562.934	30.566
1976.54	1558.099	36.701
1976.63	1563.754	32.346
1976.71	1573.804	23.596
1976.79	1581.320	17.380
1976.88	1588.319	11.804
1976.96	1590.670	11.821
1977.04	1608.904	11.374
1977.13	1612.255	11.397
1977.21	1610.422	11.384
1977.29	1605.422	11.349
1977.38	1596.910	11.289
1977.46	1583.399	25.601
1977.54	1578.500	31.800
1977.63	1584.229	27.471
1977.71	1594.410	18.590
1977.79	1602.025	12.275
1977.88	1609.116	11.375
1977.96	1611.498	11.392
1978.04	1599.803	18.397
1978.13	1603.135	16.265
1978.21	1601.313	19.387
1978.29	1596.341	25.659
1978.38	1587.878	33.922
1978.46	1574.442	46.158
1978.54	1569.571	55.529
1978.63	1575.268	51.432
1978.71	1585.392	40.108
1978.79	1592.964	37.036
1978.88	1600.014	31.686
1978.96	1602.382	26.518
1979.04	1613.001	21.899
1979.13	1616.360	20.140
1979.21	1614.523	19.277
1979.29	1609.510	30.190
1979.38	1600.977	38.623
1979.46	1587.431	52.569
1979.54	1582.519	60.281
1979.63	1588.263	56.137
1979.71	1598.470	46.230
1979.79	1606.105	41.395
1979.88	1613.213	35.887
1979.96	1615.601	32.299
1980.04	1626.198	26.002
1980.13	1629.585	24.115
1980.21	1627.733	24.767
1980.29	1622.679	34.121
1980.38	1614.076	44.224
1980.46	1600.419	56.681
1980.54	1595.467	65.933
1980.63	1601.258	61.642
1980.71	1611.549	48.651
1980.79	1619.246	46.654
1980.88	1626.412	40.988
1980.96	1628.820	35.880
1981.04	1652.543	17.857
1981.13	1655.985	14.215
1981.21	1654.103	16.497
1981.29	1648.967	24.233
1981.38	1640.225	34.375
1981.46	1626.346	48.654
1981.54	1621.315	56.185
1981.63	1627.199	51.801
1981.71	1637.656	40.144
1981.79	1645.478	36.322
1981.88	1652.761	30.539
1981.96	1655.207	26.893
1982.04	1680.019	13.080
1982.13	1683.518	13.107
1982.21	1681.605	13.092
1982.29	1676.384	14.016
1982.38	1667.496	22.504
1982.46	1653.387	37.213
1982.54	1648.272	46.328
1982.63	1654.254	39.946
1982.71	1664.885	29.815
1982.79	1672.837	24.063
1982.88	1680.241	19.859
1982.96	1682.728	14.572
1983.04	1704.012	12.586
1983.13	1707.561	12.612
1983.21	1705.620	12.597
1983.29	1700.325	12.558
1983.38	1691.310	12.492
1983.46	1676.999	12.386
1983.54	1671.811	12.348
1983.63	1677.879	12.393
1983.71	1688.662	22.438
1983.79	1696.727	28.873
1983.88	1704.237	13.763
1983.96	1706.759	12.606
1984.04	1729.060	13.146
1984.13	1732.661	24.939
1984.21	1730.692	13.158
1984.29	1725.319	13.118
1984.38	1716.171	13.048
1984.46	1701.650	12.938
1984.54	1696.386	12.898
1984.63	1702.542	12.944
1984.71	1713.484	18.916
1984.79	1721.668	15.232
1984.88	1729.288	13.148
1984.96	1731.848	13.167
1985.04	1765.497	18.097
1985.13	1769.174	29.674
1985.21	1767.163	20.563
1985.29	1761.677	17.852
1985.38	1752.337	17.757
1985.46	1720.811	7.011
1985.54	1714.396	11.796
1985.63	1714.121	6.921
1985.71	1733.371	0.229
1985.79	1751.308	8.292
1985.88	1753.763	2.838
1985.96	1758.301	12.501
1986.04	1760.749	5.049
1986.13	1765.551	11.849
1986.21	1773.353	7.147
1986.29	1767.751	7.851
1986.38	1756.318	16.918
1986.46	1737.951	1.651
1986.54	1731.456	4.944
1986.63	1736.981	0.519
1986.71	1747.041	22.959
1986.79	1764.858	22.642
1986.88	1766.123	2.878
1986.96	1749.271	15.129
1987.04	1751.969	15.631
1987.13	1761.171	13.229
1987.21	1764.953	14.747
1987.29	1765.341	0.541
1987.38	1761.638	12.038
1987.46	1748.731	11.131
1987.54	1746.026	9.226
1987.63	1755.001	4.501
1987.71	1767.781	1.281
1987.79	1777.418	7.118
1987.88	1781.463	9.163
1987.96	1776.481	2.419
1988.04	1779.179	13.021
1988.13	1782.221	23.179
1988.21	1780.803	16.997
1988.29	1783.931	1.731
1988.38	1776.958	14.858
1988.46	1761.341	14.741
1988.54	1749.826	3.726
1988.63	1753.701	1.899
1988.71	1775.831	7.531
1988.79	1792.558	15.258
1988.88	1799.403	10.703
1988.96	1792.011	10.289
1989.04	1795.719	11.381
1989.13	1805.031	2.331
1989.21	1801.933	1.933
1989.29	1792.311	6.811
1989.38	1779.318	7.818
1989.46	1770.631	9.031
1989.54	1770.766	12.434
1989.63	1775.101	35.999
1989.71	1780.401	22.799
1989.79	1783.738	14.862
1989.88	1801.943	2.358
1989.96	1815.271	9.471
1990.04	1807.879	5.821
1990.13	1805.561	17.539
1990.21	1807.763	10.337
1990.29	1802.391	1.891
1990.38	1791.968	0.968
1990.46	1778.721	0.879
1990.54	1774.586	5.786
1990.63	1774.941	1.341
1990.71	1781.471	5.029
1990.79	1799.608	0.992
1990.88	1810.263	4.338
1990.96	1810.541	15.159
1991.04	1818.909	18.191
1991.13	1818.681	14.019
1991.21	1813.333	4.967
1991.29	1809.881	6.181
1991.38	1794.588	6.388
1991.46	1779.091	0.809
1991.54	1778.246	5.154
1991.63	1792.551	3.351
1991.71	1805.811	8.811
1991.79	1809.888	3.212
1991.88	1817.193	6.608
1991.96	1831.471	2.471
1992.04	1838.709	4.609
1992.13	1836.961	4.661
1992.21	1832.643	11.543
1992.29	1822.481	8.281
1992.38	1814.338	8.238
1992.46	1800.711	6.311
1992.54	1790.866	2.666
1992.63	1792.821	3.021
1992.71	1797.721	2.121
1992.79	1803.358	4.442
1992.88	1817.453	5.548
1992.96	1828.101	0.701
1993.04	1821.579	6.721
1993.13	1817.391	19.609
1993.21	1823.143	5.757
1993.29	1823.761	5.261
1993.38	1811.128	10.028
1993.46	1789.321	3.621
1993.54	1784.886	2.614
1993.63	1797.151	2.451
1993.71	1806.941	3.241
1993.79	1810.898	2.602
1993.88	1820.633	0.433
1993.96	1825.711	0.289
1994.04	1830.589	3.989
1994.13	1843.741	1.659
1994.21	1846.713	1.987
1994.29	1829.441	5.941
1994.38	1814.078	7.378
1994.46	1804.011	6.911
1994.54	1797.386	13.814
1994.63	1799.411	28.189
1994.71	1813.971	8.829
1994.79	1821.208	5.292
1994.88	1830.363	3.538
1994.96	1834.331	7.169
1995.04	1830.779	13.921
1995.13	1838.251	17.749
1995.21	1837.483	11.317
1995.29	1824.441	4.859
1995.38	1814.788	3.788
1995.46	1801.741	1.359
1995.54	1802.616	4.616
1995.63	1813.531	5.131
1995.71	1820.021	7.679
1995.79	1822.768	5.932
1995.88	1832.723	2.078
1995.96	1841.621	0.679
1996.04	1839.299	0.001
1996.13	1839.361	7.839
1996.21	1837.203	10.797
1996.29	1828.481	2.719
1996.38	1822.058	2.243
1996.46	1813.161	2.239
1996.54	1805.906	3.906
1996.63	1808.041	2.041
1996.71	1820.701	4.099
1996.79	1828.198	4.802
1996.88	1834.373	6.473
1996.96	1834.391	3.791
1997.04	1846.499	6.101
1997.13	1854.111	1.611
1997.21	1834.783	1.883
1997.29	1825.671	2.829
1997.38	1822.668	0.468
1997.46	1806.881	3.481
1997.54	1804.940	0.660
1997.63	1805.280	23.920
1997.71	1816.970	14.230
1997.79	1825.420	1.480
1997.88	1828.270	0.370
1997.96	1834.890	2.110
1998.04	1838.340	7.760
1998.13	1842.570	7.030
1998.21	1843.610	1.190
1998.29	1834.030	2.330
1998.38	1823.440	5.260
1998.46	1814.000	8.800
1998.54	1812.980	4.720
1998.63	1823.501	12.299
1998.71	1832.611	20.689
1998.79	1847.058	4.842
1998.88	1857.073	6.073
1998.96	1859.621	5.579
1999.04	1863.579	7.121
1999.13	1863.781	1.419
1999.21	1857.003	2.297
1999.29	1853.871	3.771
1999.38	1844.908	5.508
1999.46	1829.151	1.951
1999.54	1825.656	5.456
1999.63	1823.361	3.339
1999.71	1828.321	3.779
1999.79	1838.288	0.488
1999.88	1846.923	0.578
1999.96	1851.231	0.031
2000.04	1848.989	15.111
2000.13	1852.161	13.339
2000.21	1853.243	4.243
2000.29	1850.421	6.621
2000.38	1843.678	4.878
2000.46	1828.261	6.039
2000.54	1822.086	5.914
2000.63	1822.680	9.920
2000.71	1837.770	2.930
2000.79	1843.670	7.770
2000.88	1845.690	10.090
2000.96	1844.590	4.490
2001.04	1853.590	2.290
2001.13	1858.320	4.220
2001.21	1850.220	0.520
2001.29	1848.610	0.390
2001.38	1844.860	5.060
2001.46	1830.300	6.700
2001.54	1823.860	2.260
2001.63	1828.920	4.380
2001.71	1835.330	1.370
2001.79	1841.770	3.570
2001.88	1850.760	4.360
2001.96	1851.210	5.390
2002.04	1850.220	13.780
2002.13	1860.420	3.920
2002.21	1858.080	8.680
2002.29	1845.320	0.320
2002.38	1836.240	2.240
2002.46	1825.660	7.260
2002.54	1820.650	8.050
2002.63	1827.881	8.219
2002.71	1841.511	12.389
2002.79	1847.118	0.182
2002.88	1851.213	1.613
2002.96	1845.481	10.219
2003.04	1855.679	7.321
2003.13	1877.021	3.279
2003.21	1872.203	5.297
2003.29	1859.881	1.019
2003.38	1849.978	6.778
2003.46	1836.141	2.559
2003.54	1832.596	6.704
2003.63	1841.170	7.070
2003.71	1853.820	10.920
2003.79	1863.600	11.900
2003.88	1868.240	6.540
2003.96	1863.150	9.050
2004.04	1858.090	10.010
2004.13	1861.960	4.840
2004.21	1868.920	14.620
2004.29	1863.600	17.900
2004.38	1847.120	6.920
2004.46	1830.600	4.200
2004.54	1825.470	13.430
2004.63	1831.160	21.040
2004.71	1841.330	2.330
2004.79	1847.230	3.630
2004.88	1847.950	0.650
2004.96	1858.570	11.770
2005.04	1867.790	3.990
2005.13	1856.430	10.370
2005.21	1849.790	6.410
2005.29	1857.760	6.660
2005.38	1849.840	12.240
2005.46	1829.880	10.080
2005.54	1825.330	3.130
2005.63	1835.730	4.870
2005.71	1845.860	2.740
2005.79	1848.000	1.900
2005.88	1852.680	1.920
2005.96	1862.560	7.060
2006.04	1864.290	6.990
2006.13	1855.870	5.030
2006.21	1851.540	9.260
2006.29	1854.020	5.220
2006.38	1849.260	11.560
2006.46	1837.820	2.720
2006.54	1825.510	5.590
2006.63	1829.150	1.350
2006.71	1837.810	10.190
2006.79	1840.770	10.030
2006.88	1855.400	12.500
2006.96	1860.650	5.250
2007.04	1856.600	13.800
2007.13	1855.750	6.450
2007.21	1859.570	3.730
2007.29	1862.020	5.520
2007.38	1852.960	9.960
2007.46	1836.350	2.450
2007.54	1832.340	5.240
2007.63	1846.430	2.830
2007.71	1857.330	5.970
2007.79	1860.890	3.190
2007.88	1863.910	7.710
2007.96	1862.670	6.930
2008.04	1869.710	15.390
2008.13	1876.600	19.000
2008.21	1866.780	15.320
2008.29	1860.000	7.400
2008.38	1859.600	2.300
2008.46	1847.910	5.410
2008.54	1837.160	4.460
2008.63	1843.740	5.540
2008.71	1855.530	5.830
2008.79	1865.820	5.420
2008.88	1873.770	2.730
2008.96	1876.980	6.120