1800.04	348.772	8.122
1800.13	349.838	8.101
1800.21	350.597	8.109
1800.29	350.755	8.098
1800.38	350.533	8.094
1800.46	347.534	8.050
1800.54	340.869	8.005
1800.63	335.098	7.911
1800.71	335.713	7.896
1800.79	340.857	7.971
1800.88	345.921	8.038
1800.96	348.733	8.101
1801.04	348.890	8.123
1801.13	349.836	8.102
1801.21	350.395	8.108
1801.29	350.348	8.095
1801.38	349.921	8.089
1801.46	346.759	8.043
1801.54	339.952	7.997
1801.63	334.055	7.901
1801.71	334.558	7.885
1801.79	339.589	7.959
1801.88	344.564	8.026
1801.96	347.333	8.088
1802.04	347.488	8.111
1802.13	348.584	8.091
1802.21	349.399	8.099
1802.29	349.640	8.089
1802.38	349.525	8.086
1802.46	346.643	8.043
1802.54	340.116	7.999
1802.63	334.484	7.906
1802.71	335.202	7.892
1802.79	340.438	7.968
1802.88	345.587	8.036
1802.96	348.460	8.099
1803.04	348.661	8.122
1803.13	349.745	8.102
1803.21	350.499	8.110
1803.29	350.635	8.099
1803.38	350.374	8.094
1803.46	347.335	8.050
1803.54	340.629	8.004
1803.63	334.813	7.909
1803.71	335.378	7.894
1803.79	340.465	7.969
1803.88	345.480	8.035
1803.96	348.265	8.098
1804.04	348.417	8.120
1804.13	349.496	8.100
1804.21	350.283	8.109
1804.29	350.486	8.098
1804.38	350.324	8.094
1804.46	347.394	8.051
1804.54	340.812	8.006
1804.63	335.129	7.913
1804.71	335.814	7.899
1804.79	341.029	7.975
1804.88	346.167	8.042
1804.96	349.042	8.106
1805.04	349.260	8.129
1805.13	350.380	8.109
1805.21	351.180	8.117
1805.29	351.370	8.106
1805.38	351.171	8.102
1805.46	348.182	8.058
1805.54	341.518	8.014
1805.63	335.737	7.919
1805.71	336.332	7.904
1805.79	341.445	7.979
1805.88	346.464	8.046
1805.96	349.224	8.108
1806.04	349.290	8.130
1806.13	350.275	8.108
1806.21	350.955	8.116
1806.29	351.026	8.104
1806.38	350.711	8.098
1806.46	347.638	8.054
1806.54	340.909	8.008
1806.63	335.082	7.913
1806.71	335.645	7.898
1806.79	340.739	7.973
1806.88	345.772	8.040
1806.96	348.581	8.102
1807.04	348.742	8.125
1807.13	349.862	8.105
1807.21	350.689	8.114
1807.29	350.932	8.103
1807.38	350.809	8.100
1807.46	347.905	8.057
1807.54	341.338	8.013
1807.63	335.656	7.919
1807.71	336.330	7.905
1807.79	341.517	7.980
1807.88	346.599	8.048
1807.96	349.397	8.110
1808.04	349.480	8.132
1808.13	350.454	8.111
1808.21	351.103	8.118
1808.29	351.122	8.105
1808.38	350.738	8.100
1808.46	347.595	8.054
1808.54	340.790	8.008
1808.63	334.882	7.912
1808.71	335.369	7.896
1808.79	340.381	7.970
1808.88	345.336	8.036
1808.96	348.091	8.099
1809.04	348.218	8.121
1809.13	349.321	8.101
1809.21	350.153	8.110
1809.29	350.424	8.100
1809.38	350.352	8.097
1809.46	347.517	8.054
1809.54	341.047	8.011
1809.63	335.483	7.918
1809.71	336.274	7.905
1809.79	341.601	7.982
1809.88	346.859	8.051
1809.96	349.837	8.115
1810.04	350.128	8.139
1810.13	351.341	8.120
1810.21	352.215	8.129
1810.29	352.475	8.119
1810.38	352.341	8.115
1810.46	349.399	8.072
1810.54	342.771	8.028
1810.63	337.025	7.933
1810.71	337.663	7.919
1810.79	342.833	7.994
1810.88	347.911	8.061
1810.96	350.722	8.124
1811.04	350.788	8.145
1811.13	351.828	8.124
1811.21	352.559	8.132
1811.29	352.680	8.121
1811.38	352.416	8.116
1811.46	349.373	8.072
1811.54	342.656	8.027
1811.63	336.838	7.932
1811.71	337.424	7.917
1811.79	342.550	7.992
1811.88	347.604	8.058
1811.96	350.412	8.121
1812.04	350.498	8.143
1812.13	351.579	8.122
1812.21	352.361	8.130
1812.29	352.549	8.120
1812.38	352.364	8.115
1812.46	349.396	8.072
1812.54	342.758	8.028
1812.63	337.016	7.934
1812.71	337.666	7.919
1812.79	342.855	7.995
1812.88	347.960	8.062
1812.96	350.797	8.125
1813.04	350.892	8.147
1813.13	351.960	8.126
1813.21	352.713	8.134
1813.29	352.854	8.123
1813.38	352.604	8.118
1813.46	349.570	8.074
1813.54	342.855	8.029
1813.63	337.032	7.934
1813.71	337.609	7.919
1813.79	342.720	7.994
1813.88	347.747	8.060
1813.96	350.522	8.122
1814.04	350.563	8.144
1814.13	351.586	8.123
1814.21	352.310	8.130
1814.29	352.431	8.119
1814.38	352.171	8.114
1814.46	349.139	8.070
1814.54	342.439	8.025
1814.63	336.636	7.930
1814.71	337.229	7.915
1814.79	342.355	7.990
1814.88	347.403	8.057
1814.96	350.202	8.120
1815.04	350.273	8.141
1815.13	351.330	8.120
1815.21	352.086	8.129
1815.29	352.246	8.117
1815.38	352.032	8.113
1815.46	349.046	8.069
1815.54	342.401	8.025
1815.63	336.661	7.931
1815.71	337.315	7.916
1815.79	342.517	7.992
1815.88	347.656	8.060
1815.96	350.547	8.123
1816.04	350.724	8.146
1816.13	351.904	8.126
1816.21	352.777	8.135
1816.29	353.060	8.125
1816.38	352.975	8.122
1816.46	350.092	8.079
1816.54	343.534	8.036
1816.63	337.873	7.943
1816.71	338.603	7.929
1816.79	343.883	8.005
1816.88	349.081	8.073
1816.96	351.994	8.136
1817.04	352.154	8.159
1817.13	353.289	8.139
1817.21	354.097	8.147
1817.29	354.291	8.136
1817.38	354.095	8.132
1817.46	351.096	8.088
1817.54	344.405	8.044
1817.63	338.613	7.950
1817.71	339.244	7.935
1817.79	344.436	8.010
1817.88	349.556	8.077
1817.96	352.414	8.141
1818.04	352.538	8.163
1818.13	353.662	8.142
1818.21	354.477	8.151
1818.29	354.690	8.140
1818.38	354.517	8.136
1818.46	351.534	8.093
1818.54	344.847	8.049
1818.63	339.042	7.954
1818.71	339.648	7.939
1818.79	344.789	8.014
1818.88	349.813	8.080
1818.96	352.541	8.142
1819.04	352.477	8.162
1819.13	353.352	8.140
1819.21	353.911	8.146
1819.29	353.831	8.132
1819.38	353.341	8.126
1819.46	350.090	8.080
1819.54	343.159	8.033
1819.63	337.131	7.936
1819.71	337.545	7.919
1819.79	342.504	7.992
1819.88	347.407	8.058
1819.96	350.114	8.120
1820.04	350.136	8.141
1820.13	351.194	8.120
1820.21	351.992	8.129
1820.29	352.229	8.118
1820.38	352.126	8.115
1820.46	349.257	8.072
1820.54	342.743	8.029
1820.63	337.140	7.936
1820.71	337.915	7.923
1820.79	343.237	8.000
1820.88	348.486	8.068
1820.96	351.447	8.132
1821.04	351.634	8.155
1821.13	352.812	8.135
1821.21	353.650	8.144
1821.29	353.865	8.133
1821.38	353.677	8.129
1821.46	350.677	8.085
1821.54	343.977	8.041
1821.63	338.155	7.946
1821.71	338.733	7.931
1821.79	343.841	8.005
1821.88	348.847	8.071
1821.96	351.586	8.133
1822.04	351.543	8.154
1822.13	352.493	8.132
1822.21	353.142	8.139
1822.29	353.177	8.127
1822.38	352.824	8.121
1822.46	349.709	8.077
1822.54	342.927	8.031
1822.63	337.051	7.935
1822.71	337.591	7.920
1822.79	342.678	7.994
1822.88	347.705	8.061
1822.96	350.507	8.124
1823.04	350.584	8.145
1823.13	351.700	8.125
1823.21	352.529	8.134
1823.29	352.779	8.123
1823.38	352.668	8.120
1823.46	349.773	8.077
1823.54	343.213	8.033
1823.63	337.550	7.940
1823.71	338.265	7.926
1823.79	343.519	8.002
1823.88	348.683	8.070
1823.96	351.558	8.133
1824.04	351.649	8.155
1824.13	352.722	8.134
1824.21	353.464	8.142
1824.29	353.581	8.131
1824.38	353.295	8.126
1824.46	350.220	8.081
1824.54	343.457	8.036
1824.63	337.584	7.941
1824.71	338.120	7.925
1824.79	343.191	7.999
1824.88	348.182	8.066
1824.96	350.934	8.128
1825.04	350.937	8.149
1825.13	351.960	8.128
1825.21	352.694	8.135
1825.29	352.835	8.124
1825.38	352.605	8.120
1825.46	349.605	8.076
1825.54	342.942	8.031
1825.63	337.181	7.937
1825.71	337.813	7.922
1825.79	342.983	7.997
1825.88	348.078	8.065
1825.96	350.914	8.128
1826.04	350.993	8.149
1826.13	352.078	8.129
1826.21	352.855	8.137
1826.29	353.029	8.126
1826.38	352.825	8.122
1826.46	349.839	8.078
1826.54	343.186	8.033
1826.63	337.433	7.939
1826.71	338.079	7.925
1826.79	343.271	8.000
1826.88	348.395	8.068
1826.96	351.267	8.131
1827.04	351.392	8.153
1827.13	352.540	8.133
1827.21	353.379	8.142
1827.29	353.622	8.131
1827.38	353.488	8.128
1827.46	350.556	8.085
1827.54	343.941	8.041
1827.63	338.216	7.947
1827.71	338.883	7.933
1827.79	344.089	8.008
1827.88	349.199	8.075
1827.96	352.025	8.138
1828.04	352.065	8.159
1828.13	353.090	8.138
1828.21	353.795	8.146
1828.29	353.879	8.134
1828.38	353.568	8.128
1828.46	350.477	8.084
1828.54	343.706	8.039
1828.63	337.837	7.943
1828.71	338.390	7.928
1828.79	343.493	8.003
1828.88	348.534	8.069
1828.96	351.342	8.132
1829.04	351.418	8.153
1829.13	352.535	8.133
1829.21	353.362	8.142
1829.29	353.609	8.131
1829.38	353.494	8.128
1829.46	350.590	8.085
1829.54	344.015	8.042
1829.63	338.340	7.948
1829.71	339.057	7.935
1829.79	344.323	8.011
1829.88	349.502	8.078
1829.96	352.391	8.142
1830.04	352.493	8.164
1830.13	353.583	8.143
1830.21	354.341	8.151
1830.29	354.474	8.139
1830.38	354.203	8.134
1830.46	351.132	8.090
1830.54	344.363	8.045
1830.63	338.479	7.950
1830.71	339.013	7.934
1830.79	344.084	8.008
1830.88	349.065	8.074
1830.96	351.792	8.136
1831.04	351.666	8.156
1831.13	352.634	8.134
1831.21	353.309	8.141
1831.29	353.381	8.129
1831.38	353.074	8.124
1831.46	350.000	8.080
1831.54	343.260	8.034
1831.63	337.424	7.939
1831.71	338.000	7.924
1831.79	343.119	7.999
1831.88	348.170	8.066
1831.96	350.979	8.128
1832.04	350.959	8.149
1832.13	352.047	8.128
1832.21	352.837	8.137
1832.29	353.033	8.126
1832.38	352.856	8.122
1832.46	349.895	8.078
1832.54	343.262	8.034
1832.63	337.523	7.940
1832.71	338.172	7.926
1832.79	343.355	8.001
1832.88	348.449	8.068
1832.96	351.270	8.131
1833.04	351.048	8.148
1833.13	352.085	8.127
1833.21	352.806	8.135
1833.29	352.910	8.123
1833.38	352.620	8.118
1833.46	349.550	8.074
1833.54	342.803	8.029
1833.63	336.950	7.933
1833.71	337.499	7.918
1833.79	342.580	7.993
1833.88	347.583	8.059
1833.96	350.347	8.121
1834.04	350.218	8.140
1834.13	351.252	8.119
1834.21	351.994	8.127
1834.29	352.142	8.116
1834.38	351.917	8.111
1834.46	348.922	8.068
1834.54	342.265	8.023
1834.63	336.506	7.929
1834.71	337.133	7.914
1834.79	342.293	7.989
1834.88	347.373	8.056
1834.96	350.197	8.119
1835.04	349.995	8.137
1835.13	351.065	8.116
1835.21	351.826	8.124
1835.29	351.982	8.113
1835.38	351.755	8.109
1835.46	348.751	8.065
1835.54	342.079	8.020
1835.63	336.304	7.926
1835.71	336.916	7.911
1835.79	342.063	7.986
1835.88	347.133	8.053
1835.96	349.954	8.116
1836.04	349.880	8.135
1836.13	350.965	8.115
1836.21	351.744	8.123
1836.29	351.923	8.112
1836.38	351.722	8.108
1836.46	348.737	8.064
1836.54	342.079	8.020
1836.63	336.309	7.925
1836.71	336.920	7.910
1836.79	342.053	7.985
1836.88	347.092	8.052
1836.96	349.866	8.114
1837.04	349.598	8.132
1837.13	350.586	8.110
1837.21	351.264	8.118
1837.29	351.326	8.106
1837.38	350.996	8.100
1837.46	347.900	8.055
1837.54	341.140	8.010
1837.63	335.274	7.914
1837.71	335.800	7.899
1837.79	340.849	7.973
1837.88	345.826	8.039
1837.96	348.577	8.101
1838.04	348.450	8.120
1838.13	349.491	8.100
1838.21	350.245	8.108
1838.29	350.414	8.097
1838.38	350.217	8.093
1838.46	347.259	8.049
1838.54	340.652	8.004
1838.63	334.946	7.911
1838.71	335.606	7.896
1838.79	340.793	7.972
1838.88	345.904	8.040
1838.96	348.760	8.103
1839.04	348.842	8.124
1839.13	349.951	8.104
1839.21	350.744	8.112
1839.29	350.936	8.102
1839.38	350.745	8.097
1839.46	347.776	8.054
1839.54	341.143	8.009
1839.63	335.403	7.915
1839.71	336.039	7.901
1839.79	341.202	7.976
1839.88	346.290	8.043
1839.96	349.126	8.106
1840.04	349.190	8.127
1840.13	350.288	8.107
1840.21	351.077	8.115
1840.29	351.265	8.105
1840.38	351.069	8.100
1840.46	348.089	8.057
1840.54	341.437	8.012
1840.63	335.669	7.918
1840.71	336.275	7.903
1840.79	341.396	7.978
1840.88	346.419	8.044
1840.96	349.177	8.107
1841.04	349.138	8.127
1841.13	350.105	8.106
1841.21	350.764	8.113
1841.29	350.808	8.101
1841.38	350.460	8.095
1841.46	347.356	8.050
1841.54	340.596	8.004
1841.63	334.735	7.909
1841.71	335.266	7.893
1841.79	340.324	7.968
1841.88	345.321	8.034
1841.96	348.104	8.097
1842.04	348.270	8.120
1842.13	349.376	8.100
1842.21	350.197	8.108
1842.29	350.443	8.098
1842.38	350.331	8.094
1842.46	347.447	8.052
1842.54	340.914	8.008
1842.63	335.275	7.914
1842.71	335.991	7.901
1842.79	341.228	7.977
1842.88	346.377	8.045
1842.96	349.247	8.108
1843.04	349.443	8.131
1843.13	350.520	8.111
1843.21	351.270	8.119
1843.29	351.399	8.107
1843.38	351.132	8.102
1843.46	348.087	8.058
1843.54	341.374	8.013
1843.63	335.554	7.918
1843.71	336.122	7.903
1843.79	341.219	7.977
1843.88	346.247	8.044
1843.96	349.047	8.107
1844.04	349.216	8.130
1844.13	350.317	8.109
1844.21	351.127	8.118
1844.29	351.353	8.107
1844.38	351.212	8.104
1844.46	348.294	8.061
1844.54	341.716	8.017
1844.63	336.029	7.923
1844.71	336.710	7.909
1844.79	341.914	7.985
1844.88	347.027	8.052
1844.96	349.864	8.115
1845.04	350.144	8.139
1845.13	351.185	8.118
1845.21	351.903	8.126
1845.29	352.001	8.115
1845.38	351.702	8.109
1845.46	348.628	8.065
1845.54	341.885	8.019
1845.63	336.035	7.924
1845.71	336.579	7.909
1845.79	341.651	7.983
1845.88	346.654	8.050
1845.96	349.429	8.112
1846.04	349.694	8.136
1846.13	350.768	8.116
1846.21	351.554	8.124
1846.29	351.757	8.114
1846.38	351.597	8.110
1846.46	348.667	8.067
1846.54	342.084	8.022
1846.63	336.401	7.929
1846.71	337.090	7.915
1846.79	342.311	7.991
1846.88	347.455	8.058
1846.96	350.331	8.122
1847.04	350.545	8.145
1847.13	351.659	8.125
1847.21	352.451	8.133
1847.29	352.632	8.122
1847.38	352.423	8.118
1847.46	349.425	8.074
1847.54	342.750	8.029
1847.63	336.962	7.935
1847.71	337.560	7.920
1847.79	342.684	7.995
1847.88	347.721	8.061
1847.96	350.503	8.124
1848.04	350.745	8.148
1848.13	351.769	8.127
1848.21	352.490	8.135
1848.29	352.606	8.123
1848.38	352.341	8.118
1848.46	349.306	8.074
1848.54	342.607	8.029
1848.63	336.807	7.934
1848.71	337.397	7.919
1848.79	342.520	7.994
1848.88	347.570	8.061
1848.96	350.378	8.124
1849.04	350.663	8.148
1849.13	351.745	8.128
1849.21	352.527	8.136
1849.29	352.716	8.125
1849.38	352.530	8.121
1849.46	349.567	8.078
1849.54	342.941	8.033
1849.63	337.210	7.939
1849.71	337.858	7.925
1849.79	343.035	8.000
1849.88	348.131	8.067
1849.96	350.964	8.130
1850.04	351.133	8.153
1850.13	352.203	8.133
1850.21	352.959	8.141
1850.29	353.104	8.129
1850.38	352.860	8.125
1850.46	349.835	8.081
1850.54	343.136	8.035
1850.63	337.326	7.940
1850.71	337.901	7.925
1850.79	342.998	8.000
1850.88	348.008	8.067
1850.96	350.768	8.129
1851.04	350.991	8.153
1851.13	351.995	8.132
1851.21	352.699	8.140
1851.29	352.801	8.128
1851.38	352.524	8.123
1851.46	349.486	8.079
1851.54	342.792	8.033
1851.63	337.000	7.938
1851.71	337.595	7.923
1851.79	342.723	7.999
1851.88	347.786	8.066
1851.96	350.615	8.129
1852.04	350.810	8.152
1852.13	351.932	8.132
1852.21	352.754	8.141
1852.29	352.988	8.130
1852.38	352.852	8.126
1852.46	349.933	8.083
1852.54	343.350	8.039
1852.63	337.656	7.945
1852.71	338.328	7.931
1852.79	343.523	8.007
1852.88	348.624	8.074
1852.96	351.450	8.137
1853.04	351.596	8.160
1853.13	352.625	8.139
1853.21	353.331	8.146
1853.29	353.415	8.135
1853.38	353.098	8.129
1853.46	350.006	8.085
1853.54	343.240	8.038
1853.63	337.361	7.943
1853.71	337.872	7.927
1853.79	342.899	8.001
1853.88	347.844	8.068
1853.96	350.560	8.129
1854.04	350.753	8.153
1854.13	351.741	8.132
1854.21	352.443	8.140
1854.29	352.552	8.128
1854.38	352.290	8.123
1854.46	349.273	8.079
1854.54	342.609	8.033
1854.63	336.842	7.939
1854.71	337.444	7.924
1854.79	342.563	7.999
1854.88	347.604	8.066
1854.96	350.403	8.129
1855.04	350.556	8.152
1855.13	351.614	8.131
1855.21	352.368	8.139
1855.29	352.522	8.128
1855.38	352.297	8.124
1855.46	349.306	8.080
1855.54	342.664	8.034
1855.63	336.915	7.940
1855.71	337.528	7.925
1855.79	342.656	8.001
1855.88	347.707	8.068
1855.96	350.515	8.131
1856.04	350.803	8.155
1856.13	351.877	8.135
1856.21	352.645	8.143
1856.29	352.815	8.132
1856.38	352.605	8.128
1856.46	349.625	8.084
1856.54	342.990	8.038
1856.63	337.241	7.944
1856.71	337.850	7.929
1856.79	342.967	8.005
1856.88	347.996	8.072
1856.96	350.775	8.134
1857.04	350.897	8.156
1857.13	351.914	8.136
1857.21	352.624	8.144
1857.29	352.730	8.132
1857.38	352.453	8.127
1857.46	349.420	8.083
1857.54	342.740	8.037
1857.63	336.958	7.942
1857.71	337.545	7.927
1857.79	342.651	8.002
1857.88	347.694	8.070
1857.96	350.512	8.132
1858.04	350.829	8.157
1858.13	351.954	8.137
1858.21	352.784	8.146
1858.29	353.032	8.136
1858.38	352.917	8.132
1858.46	350.030	8.089
1858.54	343.494	8.045
1858.63	337.851	7.951
1858.71	338.557	7.938
1858.79	343.782	8.014
1858.88	348.924	8.082
1858.96	351.795	8.145
1859.04	352.124	8.170
1859.13	353.220	8.150
1859.21	353.991	8.158
1859.29	354.145	8.147
1859.38	353.905	8.143
1859.46	350.882	8.098
1859.54	344.189	8.052
1859.63	338.379	7.957
1859.71	338.942	7.942
1859.79	344.016	8.017
1859.88	349.003	8.084
1859.96	351.748	8.146
1860.04	351.840	8.168
1860.13	352.837	8.147
1860.21	353.538	8.155
1860.29	353.640	8.143
1860.38	353.366	8.138
1860.46	350.337	8.094
1860.54	343.661	8.048
1860.63	337.884	7.953
1860.71	338.480	7.938
1860.79	343.599	8.014
1860.88	348.651	8.081
1860.96	351.470	8.144
1861.04	351.781	8.169
1861.13	352.890	8.149
1861.21	353.699	8.157
1861.29	353.915	8.147
1861.38	353.757	8.143
1861.46	350.822	8.100
1861.54	344.227	8.054
1861.63	338.514	7.960
1861.71	339.152	7.946
1861.79	344.293	8.021
1861.88	349.334	8.089
1861.96	352.105	8.151
1862.04	352.197	8.173
1862.13	353.163	8.152
1862.21	353.812	8.159
1862.29	353.837	8.147
1862.38	353.464	8.141
1862.46	350.337	8.096
1862.54	343.557	8.049
1862.63	337.668	7.952
1862.71	338.157	7.937
1862.79	343.156	8.011
1862.88	348.089	8.078
1862.96	350.817	8.140
1863.04	350.934	8.162
1863.13	351.986	8.142
1863.21	352.761	8.150
1863.29	352.962	8.140
1863.38	352.808	8.136
1863.46	349.901	8.093
1863.54	343.361	8.047
1863.63	337.717	7.953
1863.71	338.411	7.940
1863.79	343.612	8.016
1863.88	348.731	8.084
1863.96	351.589	8.148
1864.04	351.913	8.172
1864.13	353.002	8.152
1864.21	353.768	8.161
1864.29	353.924	8.150
1864.38	353.691	8.145
1864.46	350.690	8.101
1864.54	344.037	8.055
1864.63	338.275	7.960
1864.71	338.873	7.945
1864.79	343.986	8.021
1864.88	349.031	8.088
1864.96	351.848	8.151
1865.04	352.039	8.174
1865.13	353.154	8.154
1865.21	353.973	8.163
1865.29	354.205	8.153
1865.38	354.069	8.149
1865.46	351.159	8.106
1865.54	344.598	8.061
1865.63	338.924	7.967
1865.71	339.596	7.953
1865.79	344.778	8.029
1865.88	349.867	8.097
1865.96	352.687	8.159
1866.04	352.836	8.182
1866.13	353.867	8.161
1866.21	354.577	8.169
1866.29	354.669	8.158
1866.38	354.367	8.152
1866.46	351.300	8.108
1866.54	344.577	8.061
1866.63	338.745	7.965
1866.71	339.288	7.950
1866.79	344.348	8.025
1866.88	349.339	8.092
1866.96	352.112	8.155
1867.04	352.262	8.177
1867.13	353.342	8.157
1867.21	354.135	8.166
1867.29	354.347	8.155
1867.38	354.198	8.152
1867.46	351.283	8.108
1867.54	344.724	8.063
1867.63	339.059	7.969
1867.71	339.744	7.955
1867.79	344.943	8.031
1867.88	350.059	8.100
1867.96	352.909	8.163
1868.04	353.098	8.185
1868.13	354.175	8.165
1868.21	354.929	8.174
1868.29	355.070	8.162
1868.38	354.818	8.158
1868.46	351.792	8.113
1868.54	345.103	8.067
1868.63	339.301	7.972
1868.71	339.869	7.957
1868.79	344.948	8.032
1868.88	349.948	8.099
1868.96	352.713	8.161
1869.04	352.959	8.185
1869.13	353.996	8.165
1869.21	354.737	8.173
1869.29	354.885	8.162
1869.38	354.660	8.158
1869.46	351.675	8.114
1869.54	345.041	8.067
1869.63	339.301	7.973
1869.71	339.923	7.959
1869.79	345.059	8.034
1869.88	350.117	8.102
1869.96	352.929	8.165
1870.04	353.094	8.187
1870.13	354.164	8.167
1870.21	354.925	8.175
1870.29	355.086	8.164
1870.38	354.866	8.160
1870.46	351.878	8.116
1870.54	345.236	8.070
1870.63	339.484	7.975
1870.71	340.093	7.961
1870.79	345.214	8.036
1870.88	350.256	8.104
1870.96	353.053	8.166
1871.04	353.326	8.190
1871.13	354.383	8.170
1871.21	355.135	8.178
1871.29	355.288	8.167
1871.38	355.063	8.163
1871.46	352.072	8.119
1871.54	345.431	8.073
1871.63	339.682	7.978
1871.71	340.295	7.964
1871.79	345.423	8.039
1871.88	350.474	8.107
1871.96	353.283	8.169
1872.04	353.571	8.194
1872.13	354.645	8.174
1872.21	355.414	8.182
1872.29	355.583	8.171
1872.38	355.374	8.167
1872.46	352.394	8.123
1872.54	345.758	8.077
1872.63	340.009	7.982
1872.71	340.618	7.968
1872.79	345.734	8.043
1872.88	350.762	8.110
1872.96	353.539	8.173
1873.04	353.781	8.197
1873.13	354.795	8.176
1873.21	355.502	8.184
1873.29	355.600	8.173
1873.38	355.311	8.168
1873.46	352.262	8.123
1873.54	345.560	8.076
1873.63	339.748	7.980
1873.71	340.298	7.966
1873.79	345.352	8.041
1873.88	350.327	8.108
1873.96	353.073	8.170
1874.04	353.425	8.195
1874.13	354.444	8.175
1874.21	355.170	8.183
1874.29	355.304	8.172
1874.38	355.068	8.167
1874.46	352.080	8.123
1874.54	345.457	8.076
1874.63	339.729	7.982
1874.71	340.354	7.968
1874.79	345.488	8.044
1874.88	350.553	8.111
1874.96	353.383	8.174
1875.04	353.824	8.201
1875.13	354.935	8.181
1875.21	355.739	8.190
1875.29	355.948	8.179
1875.38	355.781	8.175
1875.46	352.842	8.132
1875.54	346.252	8.085
1875.63	340.545	7.991
1875.71	341.178	7.977
1875.79	346.309	8.053
1875.88	351.347	8.120
1875.96	354.127	8.183
1876.04	354.488	8.208
1876.13	355.489	8.188
1876.21	356.179	8.196
1876.29	356.256	8.184
1876.38	355.945	8.179
1876.46	352.881	8.134
1876.54	346.174	8.086
1876.63	340.361	7.991
1876.71	340.911	7.976
1876.79	345.971	8.051
1876.88	350.969	8.119
1876.96	353.754	8.181
1877.04	354.291	8.209
1877.13	355.398	8.190
1877.21	356.217	8.198
1877.29	356.460	8.188
1877.38	356.345	8.185
1877.46	353.467	8.142
1877.54	346.952	8.096
1877.63	341.330	8.002
1877.71	342.042	7.989
1877.79	347.264	8.065
1877.88	352.401	8.134
1877.96	355.272	8.197
1878.04	355.847	8.225
1878.13	356.942	8.206
1878.21	357.709	8.214
1878.29	357.861	8.203
1878.38	357.617	8.198
1878.46	354.597	8.154
1878.54	347.915	8.107
1878.63	342.115	8.012
1878.71	342.674	7.997
1878.79	347.737	8.072
1878.88	352.715	8.139
1878.96	355.458	8.201
1879.04	355.922	8.228
1879.13	356.930	8.208
1879.21	357.644	8.216
1879.29	357.766	8.205
1879.38	357.516	8.200
1879.46	354.518	8.156
1879.54	347.883	8.109
1879.63	342.150	8.014
1879.71	342.779	8.000
1879.79	347.928	8.076
1879.88	353.017	8.144
1879.96	355.875	8.208
1880.04	356.599	8.238
1880.13	357.762	8.219
1880.21	358.621	8.228
1880.29	358.894	8.218
1880.38	358.799	8.215
1880.46	355.922	8.172
1880.54	349.389	8.126
1880.63	343.741	8.032
1880.71	344.437	8.018
1880.79	349.642	8.095
1880.88	354.752	8.163
1880.96	357.585	8.226
1881.04	358.229	8.255
1881.13	359.263	8.235
1881.21	359.972	8.243
1881.29	360.061	8.232
1881.38	359.752	8.226
1881.46	356.677	8.181
1881.54	349.942	8.134
1881.63	344.100	8.038
1881.71	344.641	8.023
1881.79	349.704	8.098
1881.88	354.703	8.166
1881.96	357.486	8.228
1882.04	358.137	8.258
1882.13	359.240	8.238
1882.21	360.058	8.247
1882.29	360.301	8.237
1882.38	360.186	8.233
1882.46	357.301	8.190
1882.54	350.770	8.144
1882.63	345.135	8.050
1882.71	345.854	8.037
1882.79	351.095	8.114
1882.88	356.252	8.183
1882.96	359.135	8.246
1883.04	359.714	8.274
1883.13	360.814	8.255
1883.21	361.585	8.263
1883.29	361.737	8.252
1883.38	361.492	8.247
1883.46	358.463	8.203
1883.54	351.760	8.156
1883.63	345.941	8.060
1883.71	346.502	8.045
1883.79	351.579	8.121
1883.88	356.572	8.188
1883.96	359.324	8.250
1884.04	359.914	8.279
1884.13	360.926	8.259
1884.21	361.644	8.267
1884.29	361.762	8.256
1884.38	361.504	8.251
1884.46	358.485	8.207
1884.54	351.810	8.159
1884.63	346.030	8.064
1884.71	346.623	8.050
1884.79	351.734	8.125
1884.88	356.766	8.193
1884.96	359.553	8.256
1885.04	360.057	8.283
1885.13	361.101	8.263
1885.21	361.841	8.271
1885.29	361.979	8.260
1885.38	361.734	8.256
1885.46	358.722	8.211
1885.54	352.052	8.164
1885.63	346.269	8.068
1885.71	346.850	8.054
1885.79	351.939	8.130
1885.88	356.939	8.197
1885.96	359.695	8.260
1886.04	360.039	8.285
1886.13	361.037	8.265
1886.21	361.732	8.272
1886.29	361.821	8.261
1886.38	361.526	8.256
1886.46	358.476	8.211
1886.54	351.777	8.163
1886.63	345.970	8.067
1886.71	346.525	8.053
1886.79	351.586	8.128
1886.88	356.571	8.196
1886.96	359.328	8.258
1887.04	359.695	8.284
1887.13	360.730	8.264
1887.21	361.472	8.272
1887.29	361.621	8.262
1887.38	361.399	8.257
1887.46	358.421	8.213
1887.54	351.804	8.165
1887.63	346.078	8.070
1887.71	346.699	8.056
1887.79	351.823	8.132
1887.88	356.868	8.201
1887.96	359.671	8.263
1888.04	359.954	8.287
1888.13	361.015	8.268
1888.21	361.770	8.276
1888.29	361.924	8.266
1888.38	361.698	8.261
1888.46	358.713	8.217
1888.54	352.084	8.169
1888.63	346.344	8.074
1888.71	346.954	8.060
1888.79	352.069	8.136
1888.88	357.109	8.204
1888.96	359.914	8.267
1889.04	360.205	8.291
1889.13	361.285	8.272
1889.21	362.062	8.280
1889.29	362.246	8.270
1889.38	362.057	8.266
1889.46	359.105	8.221
1889.54	352.510	8.174
1889.63	346.807	8.079
1889.71	347.451	8.065
1889.79	352.603	8.142
1889.88	357.679	8.210
1889.96	360.509	8.273
1890.04	360.819	8.298
1890.13	361.912	8.278
1890.21	362.695	8.287
1890.29	362.880	8.277
1890.38	362.687	8.272
1890.46	359.727	8.228
1890.54	353.119	8.181
1890.63	347.403	8.086
1890.71	348.042	8.072
1890.79	353.196	8.149
1890.88	358.276	8.217
1890.96	361.113	8.280
1891.04	361.310	8.303
1891.13	362.419	8.284
1891.21	363.219	8.292
1891.29	363.423	8.282
1891.38	363.249	8.278
1891.46	360.300	8.234
1891.54	353.694	8.187
1891.63	347.975	8.092
1891.71	348.612	8.078
1891.79	353.759	8.154
1891.88	358.818	8.222
1891.96	361.621	8.285
1892.04	361.885	8.309
1892.13	362.921	8.289
1892.21	363.646	8.297
1892.29	363.763	8.286
1892.38	363.494	8.281
1892.46	360.462	8.237
1892.54	353.776	8.189
1892.63	347.984	8.093
1892.71	348.564	8.079
1892.79	353.663	8.155
1892.88	358.693	8.223
1892.96	361.494	8.285
1893.04	361.665	8.308
1893.13	362.760	8.289
1893.21	363.559	8.297
1893.29	363.773	8.287
1893.38	363.620	8.283
1893.46	360.698	8.239
1893.54	354.128	8.192
1893.63	348.452	8.098
1893.71	349.134	8.084
1893.79	354.335	8.161
1893.88	359.458	8.230
1893.96	362.318	8.293
1894.04	362.521	8.316
1894.13	363.622	8.297
1894.21	364.404	8.305
1894.29	364.577	8.295
1894.38	364.362	8.290
1894.46	361.368	8.246
1894.54	354.707	8.198
1894.63	348.934	8.103
1894.71	349.534	8.089
1894.79	354.651	8.165
1894.88	359.687	8.233
1894.96	362.475	8.295
1895.04	362.612	8.317
1895.13	363.656	8.298
1895.21	364.399	8.306
1895.29	364.543	8.295
1895.38	364.310	8.290
1895.46	361.310	8.246
1895.54	354.656	8.198
1895.63	348.900	8.103
1895.71	349.519	8.089
1895.79	354.665	8.165
1895.88	359.740	8.234
1895.96	362.571	8.297
1896.04	362.761	8.319
1896.13	363.867	8.300
1896.21	364.668	8.309
1896.29	364.873	8.298
1896.38	364.701	8.294
1896.46	361.750	8.250
1896.54	355.134	8.203
1896.63	349.407	8.108
1896.71	350.047	8.095
1896.79	355.206	8.171
1896.88	360.274	8.239
1896.96	363.077	8.302
1897.04	363.212	8.324
1897.13	364.238	8.304
1897.21	364.949	8.312
1897.29	365.046	8.301
1897.38	364.752	8.295
1897.46	361.689	8.251
1897.54	354.961	8.202
1897.63	349.125	8.106
1897.71	349.672	8.092
1897.79	354.738	8.167
1897.88	359.728	8.235
1897.96	362.487	8.297
1898.04	362.728	8.321
1898.13	363.767	8.301
1898.21	364.513	8.310
1898.29	364.668	8.299
1898.38	364.451	8.294
1898.46	361.470	8.250
1898.54	354.837	8.202
1898.63	349.097	8.107
1898.71	349.721	8.093
1898.79	354.859	8.170
1898.88	359.913	8.238
1898.96	362.713	8.301
1899.04	363.101	8.326
1899.13	364.140	8.307
1899.21	364.869	8.315
1899.29	364.991	8.304
1899.38	364.728	8.299
1899.46	361.700	8.254
1899.54	355.018	8.206
1899.63	349.227	8.110
1899.71	349.807	8.096
1899.79	354.903	8.172
1899.88	359.925	8.240
1899.96	362.714	8.303
1900.04	363.111	8.328
1900.13	364.183	8.309
1900.21	364.960	8.318
1900.29	365.150	8.307
1900.38	364.974	8.303
1900.46	362.036	8.259
1900.54	355.456	8.212
1900.63	349.778	8.117
1900.71	350.466	8.104
1900.79	355.684	8.181
1900.88	360.839	8.250
1900.96	363.746	8.314
1901.04	364.262	8.340
1901.13	365.453	8.322
1901.21	366.329	8.331
1901.29	366.612	8.322
1901.38	366.518	8.318
1901.46	363.629	8.275
1901.54	357.070	8.228
1901.63	351.396	8.133
1901.71	352.086	8.120
1901.79	357.298	8.197
1901.88	362.415	8.266
1901.96	365.251	8.329
1902.04	365.773	8.356
1902.13	366.812	8.336
1902.21	367.525	8.344
1902.29	367.615	8.333
1902.38	367.302	8.328
1902.46	364.209	8.282
1902.54	357.436	8.234
1902.63	351.548	8.137
1902.71	352.052	8.122
1902.79	357.071	8.197
1902.88	362.003	8.265
1902.96	364.700	8.326
1903.04	364.990	8.351
1903.13	365.945	8.331
1903.21	366.614	8.339
1903.29	366.685	8.327
1903.38	366.382	8.322
1903.46	363.327	8.277
1903.54	356.625	8.228
1903.63	350.821	8.132
1903.71	351.392	8.118
1903.79	356.481	8.194
1903.88	361.497	8.262
1903.96	364.279	8.325
1904.04	364.787	8.352
1904.13	365.842	8.333
1904.21	366.598	8.341
1904.29	366.759	8.331
1904.38	366.544	8.326
1904.46	363.564	8.282
1904.54	356.933	8.233
1904.63	351.192	8.138
1904.71	351.807	8.124
1904.79	356.930	8.201
1904.88	361.969	8.269
1904.96	364.757	8.332
1905.04	365.257	8.359
1905.13	366.287	8.339
1905.21	367.009	8.347
1905.29	367.126	8.336
1905.38	366.859	8.332
1905.46	363.833	8.287
1905.54	357.157	8.238
1905.63	351.374	8.142
1905.71	351.955	8.128
1905.79	357.048	8.204
1905.88	362.069	8.273
1905.96	364.861	8.335
1906.04	365.508	8.364
1906.13	366.587	8.345
1906.21	367.369	8.354
1906.29	367.561	8.344
1906.38	367.382	8.339
1906.46	364.438	8.295
1906.54	357.846	8.247
1906.63	352.144	8.152
1906.71	352.790	8.139
1906.79	357.943	8.215
1906.88	363.011	8.284
1906.96	365.823	8.347
1907.04	366.343	8.374
1907.13	367.389	8.355
1907.21	368.119	8.363
1907.29	368.236	8.352
1907.38	367.961	8.347
1907.46	364.919	8.302
1907.54	358.218	8.253
1907.63	352.397	8.157
1907.71	352.934	8.142
1907.79	357.966	8.218
1907.88	362.908	8.286
1907.96	365.615	8.348
1908.04	366.038	8.374
1908.13	366.995	8.354
1908.21	367.660	8.362
1908.29	367.724	8.351
1908.38	367.410	8.345
1908.46	364.357	8.300
1908.54	357.671	8.251
1908.63	351.882	8.154
1908.71	352.446	8.140
1908.79	357.514	8.217
1908.88	362.518	8.285
1908.96	365.305	8.348
1909.04	365.839	8.375
1909.13	366.933	8.357
1909.21	367.734	8.365
1909.29	367.952	8.355
1909.38	367.806	8.352
1909.46	364.902	8.308
1909.54	358.363	8.259
1909.63	352.713	8.164
1909.71	353.392	8.151
1909.79	358.569	8.228
1909.88	363.663	8.298
1909.96	366.501	8.361
1910.04	367.052	8.388
1910.13	368.126	8.369
1910.21	368.880	8.378
1910.29	369.023	8.367
1910.38	368.776	8.362
1910.46	365.763	8.318
1910.54	359.098	8.268
1910.63	353.316	8.172
1910.71	353.879	8.158
1910.79	358.936	8.234
1910.88	363.910	8.303
1910.96	366.652	8.365
1911.04	367.122	8.391
1911.13	368.131	8.372
1911.21	368.845	8.380
1911.29	368.962	8.370
1911.38	368.704	8.365
1911.46	365.697	8.320
1911.54	359.054	8.270
1911.63	353.301	8.174
1911.71	353.888	8.161
1911.79	358.969	8.237
1911.88	363.971	8.306
1911.96	366.743	8.368
1912.04	367.123	8.393
1912.13	368.163	8.375
1912.21	368.904	8.383
1912.29	369.048	8.372
1912.38	368.818	8.368
1912.46	365.839	8.323
1912.54	359.227	8.274
1912.63	353.506	8.178
1912.71	354.120	8.165
1912.79	359.231	8.241
1912.88	364.270	8.310
1912.96	367.078	8.373
1913.04	367.622	8.400
1913.13	368.712	8.382
1913.21	369.499	8.391
1913.29	369.693	8.381
1913.38	369.514	8.377
1913.46	366.574	8.332
1913.54	359.997	8.283
1913.63	354.306	8.187
1913.71	354.945	8.174
1913.79	360.078	8.251
1913.88	365.127	8.320
1913.96	367.932	8.383
1914.04	368.335	8.408
1914.13	369.390	8.390
1914.21	370.136	8.398
1914.29	370.280	8.388
1914.38	370.043	8.383
1914.46	367.052	8.338
1914.54	360.424	8.289
1914.63	354.688	8.193
1914.71	355.296	8.179
1914.79	360.409	8.256
1914.88	365.455	8.325
1914.96	368.275	8.388
1915.04	368.717	8.414
1915.13	369.836	8.396
1915.21	370.654	8.405
1915.29	370.881	8.395
1915.38	370.735	8.391
1915.46	367.817	8.347
1915.54	361.249	8.298
1915.63	355.557	8.202
1915.71	356.190	8.189
1915.79	361.306	8.266
1915.88	366.315	8.335
1915.96	369.056	8.397
1916.04	369.363	8.421
1916.13	370.289	8.402
1916.21	370.897	8.409
1916.29	370.879	8.397
1916.38	370.458	8.391
1916.46	367.300	8.345
1916.54	360.501	8.293
1916.63	354.592	8.196
1916.71	355.041	8.181
1916.79	359.982	8.257
1916.88	364.861	8.325
1916.96	367.556	8.386
1917.04	368.021	8.413
1917.13	369.063	8.394
1917.21	369.837	8.403
1917.29	370.045	8.393
1917.38	369.905	8.389
1917.46	367.023	8.345
1917.54	360.527	8.296
1917.63	354.920	8.201
1917.71	355.618	8.189
1917.79	360.799	8.266
1917.88	365.891	8.336
1917.96	368.723	8.399
1918.04	369.143	8.424
1918.13	370.191	8.406
1918.21	370.912	8.414
1918.29	371.015	8.403
1918.38	370.721	8.398
1918.46	367.674	8.353
1918.54	360.989	8.302
1918.63	355.184	8.205
1918.71	355.710	8.191
1918.79	360.717	8.268
1918.88	365.651	8.336
1918.96	368.378	8.398
1919.04	368.736	8.423
1919.13	369.770	8.405
1919.21	370.518	8.413
1919.29	370.683	8.403
1919.38	370.482	8.399
1919.46	367.537	8.354
1919.54	360.969	8.304
1919.63	355.283	8.208
1919.71	355.901	8.195
1919.79	360.990	8.272
1919.88	365.984	8.341
1919.96	368.734	8.403
1920.04	369.078	8.428
1920.13	370.052	8.409
1920.21	370.714	8.417
1920.29	370.764	8.406
1920.38	370.423	8.401
1920.46	367.350	8.355
1920.54	360.653	8.303
1920.63	354.842	8.206
1920.71	355.352	8.192
1920.79	360.335	8.269
1920.88	365.252	8.337
1920.96	367.976	8.399
1921.04	368.464	8.426
1921.13	369.515	8.408
1921.21	370.285	8.417
1921.29	370.484	8.407
1921.38	370.327	8.403
1921.46	367.439	8.359
1921.54	360.947	8.309
1921.63	355.345	8.213
1921.71	356.035	8.201
1921.79	361.202	8.279
1921.88	366.294	8.349
1921.96	369.147	8.412
1922.04	369.736	8.440
1922.13	370.851	8.422
1922.21	371.647	8.431
1922.29	371.839	8.421
1922.38	371.644	8.417
1922.46	368.691	8.372
1922.54	362.105	8.321
1922.63	356.389	8.225
1922.71	356.974	8.212
1922.79	362.023	8.289
1922.88	366.977	8.358
1922.96	369.699	8.420
1923.04	370.024	8.444
1923.13	370.991	8.426
1923.21	371.658	8.433
1923.29	371.722	8.422
1923.38	371.406	8.417
1923.46	368.364	8.372
1923.54	361.710	8.320
1923.63	355.946	8.223
1923.71	356.499	8.210
1923.79	361.530	8.287
1923.88	366.500	8.356
1923.96	369.275	8.419
1924.04	369.818	8.446
1924.13	370.925	8.428
1924.21	371.746	8.437
1924.29	371.994	8.428
1924.38	371.887	8.424
1924.46	369.036	8.380
1924.54	362.575	8.330
1924.63	356.999	8.235
1924.71	357.711	8.223
1924.79	362.898	8.301
1924.88	368.002	8.372
1924.96	370.855	8.435
1925.04	371.550	8.464
1925.13	372.642	8.446
1925.21	373.408	8.455
1925.29	373.562	8.444
1925.38	373.323	8.440
1925.46	370.328	8.395
1925.54	363.695	8.344
1925.63	357.936	8.247
1925.71	358.488	8.233
1925.79	363.507	8.310
1925.88	368.439	8.379
1925.96	371.151	8.441
1926.04	371.597	8.467
1926.13	372.576	8.449
1926.21	373.262	8.457
1926.29	373.351	8.446
1926.38	373.062	8.441
1926.46	370.043	8.396
1926.54	363.406	8.344
1926.63	357.651	8.247
1926.71	358.202	8.234
1926.79	363.218	8.311
1926.88	368.153	8.380
1926.96	370.873	8.442
1927.04	371.333	8.468
1927.13	372.327	8.450
1927.21	373.027	8.458
1927.29	373.134	8.448
1927.38	372.868	8.443
1927.46	369.875	8.397
1927.54	363.276	8.346
1927.63	357.562	8.249
1927.71	358.146	8.236
1927.79	363.197	8.314
1927.88	368.176	8.383
1927.96	370.947	8.446
1928.04	371.592	8.474
1928.13	372.661	8.457
1928.21	373.432	8.465
1928.29	373.614	8.455
1928.38	373.422	8.451
1928.46	370.490	8.406
1928.54	363.941	8.355
1928.63	358.264	8.259
1928.71	358.865	8.246
1928.79	363.914	8.323
1928.88	368.865	8.393
1928.96	371.581	8.455
1929.04	372.137	8.482
1929.13	373.079	8.464
1929.21	373.716	8.472
1929.29	373.743	8.461
1929.38	373.383	8.455
1929.46	370.309	8.409
1929.54	363.634	8.356
1929.63	357.846	8.259
1929.71	358.361	8.245
1929.79	363.338	8.322
1929.88	368.262	8.392
1929.96	371.011	8.454
1930.04	371.549	7.847
1930.13	372.662	7.828
1930.21	373.499	7.838
1930.29	373.775	7.828
1930.38	373.707	7.824
1930.46	370.905	7.776
1930.54	364.511	7.721
1930.63	359.001	7.617
1930.71	359.751	7.604
1930.79	364.960	7.689
1930.88	370.086	7.765
1930.96	372.957	7.833
1931.04	373.664	7.864
1931.13	374.765	7.845
1931.21	375.531	7.855
1931.29	375.677	7.844
1931.38	375.422	7.839
1931.46	372.412	7.790
1931.54	365.768	7.734
1931.63	359.984	7.628
1931.71	360.488	7.614
1931.79	365.433	7.698
1931.88	370.278	7.773
1931.96	372.909	7.839
1932.04	373.441	7.870
1932.13	374.324	7.850
1932.21	374.921	7.859
1932.29	374.917	7.847
1932.38	374.535	7.842
1932.46	371.450	7.792
1932.54	364.770	7.735
1932.63	358.977	7.630
1932.71	359.473	7.616
1932.79	364.416	7.699
1932.88	369.294	7.775
1932.96	371.991	7.842
1933.04	372.513	7.871
1933.13	373.540	7.852
1933.21	374.290	7.862
1933.29	374.470	7.851
1933.38	374.299	7.846
1933.46	371.417	7.798
1933.54	364.959	7.741
1933.63	359.391	7.637
1933.71	360.083	7.624
1933.79	365.232	7.709
1933.88	370.320	7.786
1933.96	373.193	7.853
1934.04	373.879	7.884
1934.13	375.057	7.866
1934.21	375.922	7.876
1934.29	376.201	7.865
1934.38	376.108	7.861
1934.46	373.267	7.813
1934.54	366.816	7.757
1934.63	361.237	7.653
1934.71	361.920	7.640
1934.79	367.053	7.724
1934.88	372.099	7.800
1934.96	374.906	7.868
1935.04	375.493	7.898
1935.13	376.548	7.879
1935.21	377.286	7.888
1935.29	377.418	7.877
1935.38	377.162	7.872
1935.46	374.171	7.823
1935.54	367.564	7.766
1935.63	361.834	7.662
1935.71	362.393	7.648
1935.79	367.410	7.732
1935.88	372.350	7.807
1935.96	375.085	7.875
1936.04	375.625	7.904
1936.13	376.659	7.885
1936.21	377.402	7.895
1936.29	377.559	7.884
1936.38	377.348	7.879
1936.46	374.408	7.830
1936.54	367.863	7.774
1936.63	362.198	7.669
1936.71	362.809	7.656
1936.79	367.873	7.740
1936.88	372.852	7.816
1936.96	375.608	7.883
1937.04	375.910	7.909
1937.13	376.926	7.890
1937.21	377.637	7.899
1937.29	377.749	7.888
1937.38	377.481	7.883
1937.46	374.488	7.834
1937.54	367.892	7.777
1937.63	362.178	7.672
1937.71	362.750	7.658
1937.79	367.780	7.742
1937.88	372.743	7.818
1937.96	375.505	7.886
1938.04	375.842	7.911
1938.13	376.920	7.893
1938.21	377.705	7.902
1938.29	377.909	7.892
1938.38	377.746	7.887
1938.46	374.849	7.839
1938.54	368.347	7.782
1938.63	362.719	7.678
1938.71	363.357	7.665
1938.79	368.442	7.749
1938.88	373.433	7.825
1938.96	376.189	7.892
1939.04	376.360	7.916
1939.13	377.349	7.897
1939.21	378.023	7.906
1939.29	378.081	7.895
1939.38	377.743	7.889
1939.46	374.675	7.840
1939.54	367.990	7.782
1939.63	362.170	7.677
1939.71	362.628	7.663
1939.79	367.514	7.746
1939.88	372.305	7.821
1939.96	374.902	7.888
1940.04	374.935	7.910
1940.13	375.803	7.891
1940.21	376.395	7.900
1940.29	376.396	7.888
1940.38	376.029	7.883
1940.46	372.978	7.833
1940.54	366.354	7.775
1940.63	360.622	7.670
1940.71	361.159	7.657
1940.79	366.139	7.741
1940.88	371.067	7.817
1940.96	373.825	7.884
1941.04	373.952	7.906
1941.13	375.072	7.888
1941.21	375.910	7.898
1941.29	376.187	7.888
1941.38	376.117	7.884
1941.46	373.325	7.836
1941.54	366.958	7.779
1941.63	361.472	7.675
1941.71	362.215	7.663
1941.79	367.397	7.748
1941.88	372.500	7.824
1941.96	375.365	7.892
1942.04	375.421	7.913
1942.13	376.538	7.894
1942.21	377.325	7.904
1942.29	377.503	7.893
1942.38	377.285	7.889
1942.46	374.323	7.840
1942.54	367.746	7.782
1942.63	362.027	7.677
1942.71	362.562	7.664
1942.79	367.519	7.748
1942.88	372.375	7.823
1942.96	375.021	7.890
1943.04	374.854	7.909
1943.13	375.750	7.890
1943.21	376.355	7.899
1943.29	376.358	7.887
1943.38	375.979	7.881
1943.46	372.905	7.832
1943.54	366.247	7.774
1943.63	360.469	7.668
1943.71	360.954	7.655
1943.79	365.867	7.738
1943.88	370.712	7.814
1943.96	373.386	7.881
1944.04	373.297	7.900
1944.13	374.306	7.882
1944.21	375.039	7.891
1944.29	375.202	7.881
1944.38	375.011	7.876
1944.46	372.120	7.827
1944.54	365.663	7.770
1944.63	360.088	7.666
1944.71	360.742	7.653
1944.79	365.824	7.737
1944.88	370.833	7.814
1944.96	373.634	7.881
1945.04	373.770	7.903
1945.13	374.861	7.885
1945.21	375.642	7.895
1945.29	375.833	7.884
1945.38	375.650	7.880
1945.46	372.748	7.831
1945.54	366.261	7.773
1945.63	360.647	7.669
1945.71	361.270	7.656
1945.79	366.321	7.740
1945.88	371.299	7.816
1945.96	374.073	7.884
1946.04	374.185	7.905
1946.13	375.260	7.887
1946.21	376.034	7.897
1946.29	376.223	7.886
1946.38	376.042	7.882
1946.46	373.143	7.833
1946.54	366.658	7.776
1946.63	361.047	7.671
1946.71	361.677	7.658
1946.79	366.740	7.743
1946.88	371.724	7.819
1946.96	374.498	7.886
1947.04	374.720	7.910
1947.13	375.779	7.892
1947.21	376.530	7.901
1947.29	376.687	7.890
1947.38	376.462	7.886
1947.46	373.512	7.837
1947.54	366.964	7.779
1947.63	361.279	7.674
1947.71	361.834	7.661
1947.79	366.804	7.745
1947.88	371.675	7.820
1947.96	374.335	7.887
1948.04	374.426	7.910
1948.13	375.333	7.891
1948.21	375.943	7.900
1948.29	375.949	7.889
1948.38	375.571	7.883
1948.46	372.500	7.833
1948.54	365.852	7.775
1948.63	360.079	7.670
1948.71	360.556	7.656
1948.79	365.452	7.740
1948.88	370.280	7.815
1948.96	372.944	7.882
1949.04	373.209	7.907
1949.13	374.216	7.889
1949.21	374.948	7.898
1949.29	375.113	7.888
1949.38	374.926	7.883
1949.46	372.045	7.834
1949.54	365.604	7.777
1949.63	360.043	7.672
1949.71	360.696	7.659
1949.79	365.765	7.744
1949.88	370.758	7.821
1949.96	373.546	7.888
1950.04	373.908	7.913
1950.13	374.980	7.896
1950.21	375.741	7.905
1950.29	375.909	7.895
1950.38	375.698	7.890
1950.46	372.774	7.841
1950.54	366.271	7.783
1950.63	360.635	7.678
1950.71	361.221	7.665
1950.79	366.217	7.749
1950.88	371.133	7.825
1950.96	373.855	7.892
1951.04	374.394	7.921
1951.13	375.412	7.903
1951.21	376.135	7.913
1951.29	376.274	7.902
1951.38	376.044	7.897
1951.46	373.114	7.848
1951.54	366.616	7.790
1951.63	360.995	7.686
1951.71	361.599	7.673
1951.79	366.622	7.757
1951.88	371.578	7.833
1951.96	374.344	7.901
1952.04	374.938	7.930
1952.13	376.022	7.912
1952.21	376.807	7.922
1952.29	377.012	7.912
1952.38	376.850	7.907
1952.46	373.972	7.858
1952.54	367.517	7.801
1952.63	361.929	7.696
1952.71	362.555	7.683
1952.79	367.590	7.768
1952.88	372.536	7.844
1952.96	375.268	7.911
1953.04	375.799	7.940
1953.13	376.794	7.922
1953.21	377.488	7.931
1953.29	377.596	7.920
1953.38	377.342	7.915
1953.46	374.404	7.866
1953.54	367.919	7.808
1953.63	362.345	7.704
1953.71	363.033	7.691
1953.79	368.197	7.776
1953.88	373.365	7.854
1953.96	376.382	7.922
1954.04	377.428	7.955
1954.13	378.944	7.939
1954.21	380.184	7.951
1954.29	380.930	7.943
1954.38	381.401	7.942
1954.46	379.113	7.896
1954.54	373.278	7.843
1954.63	368.382	7.742
1954.71	369.738	7.733
1954.79	375.665	7.821
1954.88	381.602	7.901
1954.96	398.190	8.039
1955.04	400.278	8.080
1955.13	402.785	8.065
1955.21	405.387	8.084
1955.29	407.047	8.079
1955.38	404.264	8.061
1955.46	402.840	8.021
1955.54	394.847	7.965
1955.63	387.692	7.854
1955.71	388.098	7.837
1955.79	394.782	7.928
1955.88	401.590	8.010
1955.96	405.869	8.086
1956.04	407.671	8.127
1956.13	409.856	8.109
1956.21	413.673	8.133
1956.29	416.983	8.136
1956.38	420.278	8.149
1956.46	419.738	8.115
1956.54	409.471	8.052
1956.63	399.896	7.929
1956.71	397.569	7.895
1956.79	403.192	7.980
1956.88	410.600	8.064
1956.96	413.624	8.134
1957.04	414.520	8.170
1957.13	419.496	8.166
1957.21	422.081	8.184
1957.29	424.019	8.180
1957.38	416.825	8.140
1957.46	417.240	8.110
1957.54	415.129	8.091
1957.63	411.612	8.001
1957.71	412.062	7.982
1957.79	417.237	8.062
1957.88	426.736	8.156
1957.96	431.844	8.238
1958.04	433.447	8.280
1958.13	435.264	8.257
1958.21	438.811	7.123
1958.29	440.770	7.128
1958.38	440.455	7.143
1958.46	438.055	7.222
1958.54	430.543	7.018
1958.63	424.774	6.894
1958.71	429.110	6.876
1958.79	444.648	6.913
1958.88	448.750	7.023
1958.96	450.980	7.190
1959.04	456.852	7.192
1959.13	461.969	7.162
1959.21	469.119	7.158
1959.29	482.295	7.151
1959.38	483.192	7.184
1959.46	495.451	7.306
1959.54	478.453	7.069
1959.63	477.428	6.922
1959.71	472.197	6.908
1959.79	471.429	6.936
1959.88	475.358	7.063
1959.96	473.735	7.228
1960.04	469.130	7.217
1960.13	471.395	7.179
1960.21	471.490	7.177
1960.29	472.080	7.174
1960.38	479.684	7.218
1960.46	481.676	7.317
1960.54	472.375	7.097
1960.63	460.987	6.935
1960.71	459.496	6.909
1960.79	463.084	6.947
1960.88	467.349	7.065
1960.96	472.005	7.239
1961.04	471.076	7.229
1961.13	473.461	7.195
1961.21	480.194	7.201
1961.29	476.755	7.185
1961.38	479.617	7.229
1961.46	486.771	7.326
1961.54	471.432	7.104
1961.63	468.808	6.957
1961.71	458.329	6.922
1961.79	468.276	6.981
1961.88	477.931	7.091
1961.96	484.794	7.266
1962.04	495.402	7.267
1962.13	504.404	7.229
1962.21	513.239	7.241
1962.29	524.633	7.231
1962.38	538.882	7.273
1962.46	539.468	7.407
1962.54	535.486	7.177
1962.63	536.511	7.012
1962.71	530.177	6.985
1962.79	531.953	6.997
1962.88	547.775	7.131
1962.96	556.734	7.348
1963.04	559.816	7.335
1963.13	573.493	7.280
1963.21	584.437	7.282
1963.29	605.762	7.287
1963.38	663.477	7.386
1963.46	688.548	7.639
1963.54	741.380	7.393
1963.63	769.053	7.207
1963.71	755.583	7.118
1963.79	754.211	7.077
1963.88	744.349	7.234
1963.96	733.297	7.564
1964.04	734.361	7.521
1964.13	722.072	7.393
1964.21	717.864	7.366
1964.29	722.806	7.355
1964.38	738.582	7.447
1964.46	760.605	7.766
1964.54	763.268	7.432
1964.63	742.121	7.199
1964.71	724.867	7.106
1964.79	713.346	7.079
1964.88	715.973	7.232
1964.96	708.906	7.539
1965.04	703.426	7.485
1965.13	688.081	7.383
1965.21	704.253	7.376
1965.29	695.088	7.353
1965.38	702.826	7.415
1965.46	702.270	7.668
1965.54	697.219	7.372
1965.63	687.598	7.153
1965.71	656.109	7.085
1965.79	680.424	7.078
1965.88	679.861	7.235
1965.96	674.105	7.509
1966.04	671.239	7.474
1966.13	668.720	7.391
1966.21	665.903	7.380
1966.29	663.907	7.369
1966.38	671.234	7.426
1966.46	678.009	7.661
1966.54	669.783	7.360
1966.63	659.005	7.160
1966.71	663.705	7.105
1966.79	660.311	7.088
1966.88	654.128	7.240
1966.96	655.348	7.517
1967.04	656.758	7.487
1967.13	664.345	7.406
1967.21	654.888	7.386
1967.29	654.646	7.374
1967.38	657.038	7.434
1967.46	659.512	7.638
1967.54	651.307	7.344
1967.63	646.047	7.160
1967.71	632.508	7.100
1967.79	637.839	7.106
1967.88	639.446	7.252
1967.96	637.434	7.513
1968.04	637.331	7.477
1968.13	637.828	7.401
1968.21	635.447	7.391
1968.29	635.457	7.375
1968.38	639.533	7.432
1968.46	630.299	7.617
1968.54	629.621	7.351
1968.63	618.790	7.161
1968.71	617.780	7.114
1968.79	623.379	7.122
1968.88	619.367	7.255
1968.96	622.660	7.513
1969.04	636.355	7.504
1969.13	627.267	7.419
1969.21	641.525	7.430
1969.29	645.661	7.414
1969.38	628.299	7.458
1969.46	623.901	7.632
1969.54	619.133	7.374
1969.63	606.638	7.244
1969.71	604.528	7.152
1969.79	616.362	7.142
1969.88	609.948	7.244
1969.96	612.239	7.472
1970.04	624.230	7.420
1970.13	623.972	7.401
1970.21	611.875	7.397
1970.29	614.326	7.369
1970.38	627.334	7.434
1970.46	620.863	7.643
1970.54	606.003	7.413
1970.63	614.651	7.289
1970.71	607.455	7.185
1970.79	605.940	7.178
1970.88	606.136	7.283
1970.96	607.177	7.499
1971.04	598.671	7.511
1971.13	597.673	7.445
1971.21	598.447	7.436
1971.29	617.046	7.420
1971.38	624.806	7.487
1971.46	626.677	7.668
1971.54	612.260	7.395
1971.63	597.859	7.213
1971.71	593.522	7.160
1971.79	603.908	7.185
1971.88	593.457	7.315
1971.96	598.091	7.547
1972.04	603.277	7.527
1972.13	598.661	7.465
1972.21	603.526	7.450
1972.29	608.939	7.456
1972.38	599.531	7.492
1972.46	596.812	7.636
1972.54	588.998	7.387
1972.63	574.561	7.214
1972.71	573.837	7.182
1972.79	578.311	7.209
1972.88	590.669	7.349
1972.96	588.677	7.566
1973.04	586.877	7.547
1973.13	593.077	7.500
1973.21	589.916	7.495
1973.29	583.117	7.479
1973.38	594.938	7.537
1973.46	585.732	7.676
1973.54	582.341	7.436
1973.63	578.879	7.276
1973.71	574.250	7.235
1973.79	573.733	7.253
1973.88	572.088	7.375
1973.96	569.907	7.569
1974.04	576.665	7.555
1974.13	577.551	7.514
1974.21	579.164	7.513
1974.29	580.035	7.501
1974.38	578.395	7.539
1974.46	576.257	7.667
1974.54	571.945	7.433
1974.63	561.495	7.267
1974.71	560.026	7.226
1974.79	568.070	7.255
1974.88	572.892	7.382
1974.96	571.026	7.588
1975.04	574.813	7.573
1975.13	562.240	7.520
1975.21	561.047	7.515
1975.29	574.895	7.512
1975.38	572.146	7.552
1975.46	567.419	7.681
1975.54	561.058	7.438
1975.63	545.663	7.270
1975.71	550.722	7.244
1975.79	555.063	7.272
1975.88	552.055	7.395
1975.96	554.799	7.596
1976.04	554.656	7.584
1976.13	554.660	7.539
1976.21	554.402	7.542
1976.29	560.687	7.531
1976.38	551.631	7.558
1976.46	556.433	7.682
1976.54	546.211	7.472
1976.63	539.121	7.342
1976.71	534.943	7.280
1976.79	537.115	7.298
1976.88	550.035	7.401
1976.96	556.567	7.585
1977.04	552.563	7.534
1977.13	548.478	7.520
1977.21	549.438	7.536
1977.29	553.344	7.532
1977.38	552.757	7.570
1977.46	545.714	7.706
1977.54	548.062	7.519
1977.63	534.705	7.367
1977.71	535.946	7.302
1977.79	535.023	7.323
1977.88	541.593	7.420
1977.96	545.353	7.608
1978.04	546.888	7.581
1978.13	551.176	7.577
1978.21	548.897	7.593
1978.29	552.690	7.576
1978.38	553.849	7.602
1978.46	545.820	7.735
1978.54	541.087	7.539
1978.63	536.181	7.399
1978.71	528.957	7.329
1978.79	531.093	7.357
1978.88	538.595	7.452
1978.96	539.601	7.622
1979.04	544.285	7.597
1979.13	542.988	7.598
1979.21	544.944	7.626
1979.29	544.112	7.597
1979.38	546.274	7.616
1979.46	540.312	7.755
1979.54	535.000	7.565
1979.63	526.279	7.420
1979.71	527.382	7.362
1979.79	531.169	7.401
1979.88	529.021	7.500
1979.96	527.247	7.660
1980.04	536.887	7.649
1980.13	542.692	7.662
1980.21	551.922	7.690
1980.29	551.606	7.679
1980.38	542.873	7.697
1980.46	534.847	7.799
1980.54	524.442	7.587
1980.63	526.605	7.454
1980.71	530.451	7.419
1980.79	529.564	7.448
1980.88	522.541	7.539
1980.96	518.164	7.699
1981.04	523.143	7.676
1981.13	530.811	7.685
1981.21	528.040	7.700
1981.29	527.787	7.681
1981.38	530.935	7.702
1981.46	526.666	7.799
1981.54	521.749	7.606
1981.63	511.502	7.473
1981.71	512.168	7.423
1981.79	519.628	7.463
1981.88	519.630	7.566
1981.96	527.212	7.722
1982.04	524.161	7.688
1982.13	519.103	7.691
1982.21	526.200	7.710
1982.29	527.518	7.687
1982.38	527.244	7.703
1982.46	520.286	7.804
1982.54	511.049	7.616
1982.63	503.284	7.471
1982.71	504.157	7.416
1982.79	512.544	7.462
1982.88	520.160	7.568
1982.96	520.975	7.726
1983.04	520.542	7.703
1983.13	519.971	7.697
1983.21	522.690	7.708
1983.29	523.880	7.712
1983.38	522.854	7.748
1983.46	520.774	7.852
1983.54	513.257	7.659
1983.63	504.311	7.516
1983.71	500.130	7.467
1983.79	508.296	7.509
1983.88	512.466	7.605
1983.96	521.033	7.767
1984.04	512.560	7.743
1984.13	524.808	7.745
1984.21	519.384	7.759
1984.29	518.282	7.751
1984.38	519.376	7.776
1984.46	515.194	7.872
1984.54	510.266	7.684
1984.63	500.772	7.548
1984.71	507.614	7.503
1984.79	502.332	7.547
1984.88	514.947	7.645
1984.96	512.657	7.788
1985.04	514.583	7.756
1985.13	508.358	7.759
1985.21	513.167	7.785
1985.29	512.666	7.770
1985.38	519.305	7.801
1985.46	514.452	7.848
1985.54	506.445	7.557
1985.63	497.945	7.456
1985.71	497.886	7.469
1985.79	500.818	7.524
1985.88	505.812	7.580
1985.96	507.893	7.666
1986.04	507.914	7.724
1986.13	505.619	7.736
1986.21	510.131	7.737
1986.29	506.558	7.749
1986.38	518.676	7.800
1986.46	520.907	7.875
1986.54	501.155	7.595
1986.63	494.634	7.509
1986.71	490.816	7.485
1986.79	501.124	7.556
1986.88	500.119	7.629
1986.96	501.013	7.681
1987.04	499.330	7.715
1987.13	495.019	7.740
1987.21	505.427	7.753
1987.29	512.176	7.769
1987.38	509.657	7.817
1987.46	505.407	7.893
1987.54	504.467	7.647
1987.63	495.740	7.542
1987.71	493.699	7.526
1987.79	498.041	7.600
1987.88	507.249	7.681
1987.96	491.193	7.742
1988.04	507.156	7.789
1988.13	508.479	7.811
1988.21	507.518	7.821
1988.29	502.418	7.842
1988.38	507.574	7.884
1988.46	502.799	7.941
1988.54	501.252	7.689
1988.63	495.573	7.603
1988.71	497.150	7.607
1988.79	502.219	7.685
1988.88	503.613	7.763
1988.96	506.684	7.817
1989.04	508.056	7.864
1989.13	508.426	7.894
1989.21	508.610	7.900
1989.29	505.035	7.892
1989.38	507.662	7.924
1989.46	506.036	7.994
1989.54	497.149	7.732
1989.63	491.293	7.629
1989.71	491.976	7.632
1989.79	492.638	7.696
1989.88	503.665	7.800
1989.96	501.048	7.899
1990.04	503.089	7.912
1990.13	503.765	7.901
1990.21	508.011	7.909
1990.29	509.273	7.917
1990.38	507.351	7.949
1990.46	505.918	7.988
1990.54	493.798	7.715
1990.63	489.049	7.644
1990.71	491.492	7.638
1990.79	494.910	7.709
1990.88	500.719	7.800
1990.96	499.889	7.863
1991.04	499.103	7.915
1991.13	499.359	7.933
1991.21	495.904	7.923
1991.29	502.687	7.931
1991.38	504.240	7.968
1991.46	493.782	8.028
1991.54	493.182	7.777
1991.63	488.694	7.675
1991.71	488.794	7.670
1991.79	484.198	7.739
1991.88	497.675	7.830
1991.96	494.717	7.924
1992.04	495.979	7.963
1992.13	501.392	7.961
1992.21	504.388	7.962
1992.29	501.983	7.957
1992.38	501.732	7.996
1992.46	497.610	8.050
1992.54	488.644	7.759
1992.63	481.722	7.659
1992.71	480.399	7.657
1992.79	486.893	7.728
1992.88	490.475	7.811
1992.96	491.629	7.898
1993.04	494.782	7.934
1993.13	497.484	7.939
1993.21	497.914	7.948
1993.29	498.456	7.966
1993.38	501.957	8.009
1993.46	493.078	8.044
1993.54	486.354	7.767
1993.63	478.623	7.686
1993.71	479.070	7.683
1993.79	483.344	7.753
1993.88	490.130	7.832
1993.96	492.504	7.907
1994.04	495.898	7.963
1994.13	492.869	7.990
1994.21	497.776	7.994
1994.29	495.209	7.993
1994.38	497.211	8.024
1994.46	493.736	8.077
1994.54	487.634	7.827
1994.63	478.760	7.728
1994.71	481.061	7.722
1994.79	484.403	7.795
1994.88	491.093	7.895
1994.96	494.216	7.965
1995.04	494.765	7.994
1995.13	495.112	8.015
1995.21	497.270	8.019
1995.29	494.962	8.012
1995.38	494.256	8.049
1995.46	490.626	8.101
1995.54	485.791	7.862
1995.63	482.224	7.774
1995.71	482.416	7.775
1995.79	486.114	7.837
1995.88	491.168	7.939
1995.96	493.766	8.014
1996.04	493.913	8.034
1996.13	494.522	8.043
1996.21	495.417	8.044
1996.29	493.219	8.056
1996.38	496.221	8.110
1996.46	494.626	8.178
1996.54	488.991	7.958
1996.63	485.508	7.846
1996.71	478.539	7.805
1996.79	483.784	7.878
1996.88	489.212	7.965
1996.96	490.720	8.028
1997.04	492.673	8.076
1997.13	493.970	8.084
1997.21	494.271	8.066
1997.29	491.831	8.071
1997.38	493.581	8.119
1997.46	489.046	8.156
1997.54	483.004	7.911
1997.63	477.054	7.823
1997.71	476.116	7.830
1997.79	484.278	7.905
1997.88	486.898	7.985
1997.96	491.717	8.058
1998.04	493.057	8.100
1998.13	493.726	8.118
1998.21	493.300	8.114
1998.29	493.207	8.123
1998.38	496.465	8.171
1998.46	494.593	8.226
1998.54	488.709	7.984
1998.63	482.620	7.898
1998.71	481.612	7.908
1998.79	488.322	7.987
1998.88	492.372	8.078
1998.96	496.058	8.148
1999.04	496.259	8.183
1999.13	499.871	8.194
1999.21	497.202	8.192
1999.29	497.183	8.202
1999.38	497.754	8.242
1999.46	495.409	8.280
1999.54	486.724	8.014
1999.63	481.363	7.919
1999.71	481.836	7.930
1999.79	487.947	8.005
1999.88	490.555	8.091
1999.96	493.480	8.167
2000.04	495.358	8.196
2000.13	495.587	8.209
2000.21	495.798	8.215
2000.29	495.276	8.227
2000.38	496.873	8.270
2000.46	493.108	8.299
2000.54	486.426	8.046
2000.63	482.126	7.972
2000.71	479.965	7.968
2000.79	485.612	8.049
2000.88	489.944	8.129
2000.96	492.398	8.189
2001.04	494.455	8.234
2001.13	493.054	8.251
2001.21	494.170	8.239
2001.29	493.109	8.258
2001.38	496.491	8.307
2001.46	492.890	8.331
2001.54	484.100	8.073
2001.63	478.687	7.987
2001.71	478.816	7.994
2001.79	485.634	8.073
2001.88	490.739	8.165
2001.96	491.677	8.229
2002.04	492.011	8.261
2002.13	493.236	8.284
2002.21	495.499	8.288
2002.29	494.301	8.298
2002.38	495.451	8.333
2002.46	493.217	8.373
2002.54	485.938	8.125
2002.63	480.550	8.035
2002.71	480.204	8.039
2002.79	484.674	8.117
2002.88	487.669	8.200
2002.96	489.385	8.253
2003.04	494.273	8.338
2003.13	495.926	8.364
2003.21	496.280	8.358
2003.29	495.077	8.364
2003.38	497.692	8.404
2003.46	493.809	8.441
2003.54	488.392	8.194
2003.63	480.944	8.099
2003.71	480.875	8.107
2003.79	486.571	8.193
2003.88	491.770	8.290
2003.96	492.947	8.348
2004.04	492.836	8.367
2004.13	494.114	8.377
2004.21	495.505	8.385
2004.29	494.832	8.397
2004.38	494.670	8.429
2004.46	492.508	8.471
2004.54	484.720	8.224
2004.63	478.430	8.118
2004.71	478.212	8.107
2004.79	483.560	8.196
2004.88	489.385	8.286
2004.96	493.584	8.374
2005.04	495.382	8.420
2005.13	494.758	8.421
2005.21	493.969	8.409
2005.29	495.592	8.441
2005.38	496.948	8.483
2005.46	494.068	8.517
2005.54	486.351	8.260
2005.63	479.490	8.166
2005.71	480.342	8.175
2005.79	485.000	8.242
2005.88	490.650	8.345
2005.96	494.026	8.426
2006.04	495.159	8.449
2006.13	495.364	8.461
2006.21	495.855	8.468
2006.29	497.192	8.490
2006.38	498.893	8.536
2006.46	497.000	8.582
2006.54	490.454	8.341
2006.63	482.372	8.229
2006.71	482.735	8.235
2006.79	486.855	8.314
2006.88	492.186	8.409
2006.96	496.017	8.485
2007.04	497.273	8.514
2007.13	495.921	8.522
2007.21	497.497	8.524
2007.29	497.403	8.530
2007.38	496.983	8.552
2007.46	494.755	8.585
2007.54	486.831	8.341
2007.63	480.120	8.234
2007.71	480.145	8.250
2007.79	486.647	8.348
2007.88	492.818	8.431
2007.96	496.016	8.506
2008.04	498.238	8.549
2008.13	498.468	8.570
2008.21	498.145	8.577
2008.29	496.490	8.588
2008.38	498.084	8.619
2008.46	495.494	8.639
2008.54	487.221	8.396
2008.63	480.743	8.294
2008.71	482.121	8.292