13CO2 history for Greenland by Christo Buizert
year    concentration (ppm)
1800.04	3.15401879
1800.13	3.16365817
1800.21	3.17052945
1800.29	3.17195820
1800.38	3.16994752
1800.46	3.14282881
1800.54	3.08255848
1800.63	3.03037682
1800.71	3.03593238
1800.79	3.08245117
1800.88	3.12825389
1800.96	3.15368534
1801.04	3.15510575
1801.13	3.16474507
1801.21	3.17161632
1801.29	3.17304506
1801.38	3.17103407
1801.46	3.14391583
1801.54	3.08364582
1801.63	3.03146445
1801.71	3.03701998
1801.79	3.08353821
1801.88	3.12934098
1801.96	3.15477229
1802.04	3.15619269
1802.13	3.16583196
1802.21	3.17270285
1802.29	3.17413190
1802.38	3.17212092
1802.46	3.14500283
1802.54	3.08473315
1802.63	3.03255176
1802.71	3.03810757
1802.79	3.08462554
1802.88	3.13042806
1802.96	3.15585923
1803.04	3.15727931
1803.13	3.16691891
1803.21	3.17378985
1803.29	3.17521896
1803.38	3.17320807
1803.46	3.14608988
1803.54	3.08582092
1803.63	3.03363988
1803.71	3.03919573
1803.79	3.08571352
1803.88	3.13151557
1803.96	3.15694700
1804.04	3.15836714
1804.13	3.16800677
1804.21	3.17487774
1804.29	3.17630661
1804.38	3.17429612
1804.46	3.14717815
1804.54	3.08690956
1804.63	3.03472886
1804.71	3.04028445
1804.79	3.08680239
1804.88	3.13260428
1804.96	3.15803566
1805.04	3.15945642
1805.13	3.16909567
1805.21	3.17596691
1805.29	3.17739576
1805.38	3.17538526
1805.46	3.14826740
1805.54	3.08799878
1805.63	3.03581862
1805.71	3.04137417
1805.79	3.08789187
1805.88	3.13369353
1805.96	3.15912445
1806.04	3.16032412
1806.13	3.16996335
1806.21	3.17683459
1806.29	3.17826345
1806.38	3.17625268
1806.46	3.14913529
1806.54	3.08886699
1806.63	3.03668711
1806.71	3.04224266
1806.79	3.08876016
1806.88	3.13456162
1806.96	3.15999245
1807.04	3.16119295
1807.13	3.17083216
1807.21	3.17770338
1807.29	3.17913225
1807.38	3.17712150
1807.46	3.15000426
1807.54	3.08973625
1807.63	3.03755663
1807.71	3.04311216
1807.79	3.08962916
1807.88	3.13543074
1807.96	3.16086147
1808.04	3.16206117
1808.13	3.17170035
1808.21	3.17857123
1808.29	3.18000043
1808.38	3.17798970
1808.46	3.15087260
1808.54	3.09060489
1808.63	3.03842523
1808.71	3.04398105
1808.79	3.09049785
1808.88	3.13629922
1808.96	3.16172984
1809.04	3.16292923
1809.13	3.17256869
1809.21	3.17943956
1809.29	3.18086876
1809.38	3.17885806
1809.46	3.15174079
1809.54	3.09147369
1809.63	3.03929428
1809.71	3.04485010
1809.79	3.09136668
1809.88	3.13716754
1809.96	3.16259838
1810.04	3.16379777
1810.13	3.17343720
1810.21	3.18030805
1810.29	3.18173694
1810.38	3.17972658
1810.46	3.15260945
1810.54	3.09234264
1810.63	3.04016330
1810.71	3.04571859
1810.79	3.09223505
1810.88	3.13803548
1810.96	3.16346598
1811.04	3.16422349
1811.13	3.17386233
1811.21	3.18073323
1811.29	3.18216190
1811.38	3.18015132
1811.46	3.15303411
1811.54	3.09276710
1811.63	3.04058832
1811.71	3.04614358
1811.79	3.09265979
1811.88	3.13845996
1811.96	3.16389001
1812.04	3.16464783
1812.13	3.17428662
1812.21	3.18115748
1812.29	3.18258614
1812.38	3.18057525
1812.46	3.15345851
1812.54	3.09319183
1812.63	3.04101334
1812.71	3.04656856
1812.79	3.09308421
1812.88	3.13888444
1812.96	3.16431435
1813.04	3.16507217
1813.13	3.17471090
1813.21	3.18158141
1813.29	3.18301038
1813.38	3.18099950
1813.46	3.15388290
1813.54	3.09361656
1813.63	3.04143805
1813.71	3.04699354
1813.79	3.09350894
1813.88	3.13930892
1813.96	3.16473868
1814.04	3.16549650
1814.13	3.17513518
1814.21	3.18200565
1814.29	3.18343461
1814.38	3.18142375
1814.46	3.15430730
1814.54	3.09404128
1814.63	3.04186306
1814.71	3.04741852
1814.79	3.09393366
1814.88	3.13973339
1814.96	3.16516302
1815.04	3.16592051
1815.13	3.17555945
1815.21	3.18242989
1815.29	3.18385884
1815.38	3.18184799
1815.46	3.15473137
1815.54	3.09446600
1815.63	3.04228806
1815.71	3.04784349
1815.79	3.09435838
1815.88	3.14015754
1815.96	3.16558734
1816.04	3.16634483
1816.13	3.17598372
1816.21	3.18285412
1816.29	3.18428274
1816.38	3.18227222
1816.46	3.15515575
1816.54	3.09489071
1816.63	3.04271306
1816.71	3.04826816
1816.79	3.09478309
1816.88	3.14058200
1816.96	3.16601166
1817.04	3.16676915
1817.13	3.17640767
1817.21	3.18327835
1817.29	3.18470696
1817.38	3.18269645
1817.46	3.15558013
1817.54	3.09531511
1817.63	3.04313805
1817.71	3.04869312
1817.79	3.09520780
1817.88	3.14100646
1817.96	3.16643567
1818.04	3.16719346
1818.13	3.17683193
1818.21	3.18370257
1818.29	3.18513118
1818.38	3.18312036
1818.46	3.15600450
1818.54	3.09573981
1818.63	3.04356304
1818.71	3.04911808
1818.79	3.09563219
1818.88	3.14143091
1818.96	3.16685998
1819.04	3.16761777
1819.13	3.17725619
1819.21	3.18412679
1819.29	3.18555539
1819.38	3.18354489
1819.46	3.15642887
1819.54	3.09616482
1819.63	3.04398833
1819.71	3.04954333
1819.79	3.09605750
1819.88	3.14185599
1819.96	3.16728492
1820.04	3.16804271
1820.13	3.17768139
1820.21	3.18455195
1820.29	3.18598054
1820.38	3.18397006
1820.46	3.15685449
1820.54	3.09659074
1820.63	3.04441452
1820.71	3.04996980
1820.79	3.09648374
1820.88	3.14228199
1820.96	3.16771111
1821.04	3.16824808
1821.13	3.17788671
1821.21	3.18475724
1821.29	3.18618614
1821.38	3.18417567
1821.46	3.15706023
1821.54	3.09679677
1821.63	3.04462079
1821.71	3.05017635
1821.79	3.09669007
1821.88	3.14248811
1821.96	3.16791711
1822.04	3.16845439
1822.13	3.17809298
1822.21	3.18496347
1822.29	3.18639269
1822.38	3.18438223
1822.46	3.15726691
1822.54	3.09700403
1822.63	3.04482828
1822.71	3.05038381
1822.79	3.09689733
1822.88	3.14269548
1822.96	3.16812437
1823.04	3.16866165
1823.13	3.17830019
1823.21	3.18517098
1823.29	3.18660019
1823.38	3.18458973
1823.46	3.15747484
1823.54	3.09721221
1823.63	3.04503667
1823.71	3.05059218
1823.79	3.09710582
1823.88	3.14290378
1823.96	3.16833258
1824.04	3.16886985
1824.13	3.17850867
1824.21	3.18537943
1824.29	3.18680863
1824.38	3.18479850
1824.46	3.15768372
1824.54	3.09742131
1824.63	3.04524627
1824.71	3.05080176
1824.79	3.09731523
1824.88	3.14311303
1824.96	3.16854204
1825.04	3.16907931
1825.13	3.17871810
1825.21	3.18558883
1825.29	3.18701803
1825.38	3.18500823
1825.46	3.15789353
1825.54	3.09763133
1825.63	3.04545648
1825.71	3.05101225
1825.79	3.09752556
1825.88	3.14332321
1825.96	3.16875245
1826.04	3.16928972
1826.13	3.17892879
1826.21	3.18579950
1826.29	3.18722901
1826.38	3.18521890
1826.46	3.15810460
1826.54	3.09784259
1826.63	3.04566820
1826.71	3.05122396
1826.79	3.09773744
1826.88	3.14353495
1826.96	3.16896412
1827.04	3.16950170
1827.13	3.17914075
1827.21	3.18601176
1827.29	3.18744126
1827.38	3.18543147
1827.46	3.15831725
1827.54	3.09805570
1827.63	3.04588144
1827.71	3.05143718
1827.79	3.09795085
1827.88	3.14374857
1827.96	3.16917768
1828.04	3.16971526
1828.13	3.17935460
1828.21	3.18622560
1828.29	3.18765542
1828.38	3.18564563
1828.46	3.15853177
1828.54	3.09827035
1828.63	3.04609649
1828.71	3.05165223
1828.79	3.09816581
1828.88	3.14396375
1828.96	3.16939313
1829.04	3.16993071
1829.13	3.17957004
1829.21	3.18644134
1829.29	3.18787115
1829.38	3.18586168
1829.46	3.15874787
1829.54	3.09848684
1829.63	3.04631306
1829.71	3.05186909
1829.79	3.09838261
1829.88	3.14418050
1829.96	3.16960984
1830.04	3.17014806
1830.13	3.17978737
1830.21	3.18665866
1830.29	3.18808880
1830.38	3.18607933
1830.46	3.15896554
1830.54	3.09870488
1830.63	3.04653115
1830.71	3.05208748
1830.79	3.09860127
1830.88	3.14439912
1830.96	3.16982877
1831.04	3.16959381
1831.13	3.17923343
1831.21	3.18610504
1831.29	3.18753517
1831.38	3.18552602
1831.46	3.15841225
1831.54	3.09815161
1831.63	3.04597820
1831.71	3.05153453
1831.79	3.09804831
1831.88	3.14384646
1831.96	3.16927610
1832.04	3.16904146
1832.13	3.17868076
1832.21	3.18555237
1832.29	3.18698250
1832.38	3.18497335
1832.46	3.15785990
1832.54	3.09759927
1832.63	3.04542586
1832.71	3.05098219
1832.79	3.09749627
1832.88	3.14329442
1832.96	3.16872406
1833.04	3.16683331
1833.13	3.17647293
1833.21	3.18334454
1833.29	3.18477467
1833.38	3.18276552
1833.46	3.15565238
1833.54	3.09539173
1833.63	3.04321832
1833.71	3.04877465
1833.79	3.09528843
1833.88	3.14108690
1833.96	3.16651654
1834.04	3.16573018
1834.13	3.17536980
1834.21	3.18224173
1834.29	3.18367218
1834.38	3.18166334
1834.46	3.15455019
1834.54	3.09428982
1834.63	3.04211667
1834.71	3.04767360
1834.79	3.09418774
1834.88	3.13998657
1834.96	3.16541688
1835.04	3.16352644
1835.13	3.17316671
1835.21	3.18003896
1835.29	3.18147004
1835.38	3.17946152
1835.46	3.15234862
1835.54	3.09208874
1835.63	3.03991578
1835.71	3.04547303
1835.79	3.09198790
1835.88	3.13778717
1835.96	3.16321786
1836.04	3.16243212
1836.13	3.17207274
1836.21	3.17894532
1836.29	3.18037673
1836.38	3.17836852
1836.46	3.15125615
1836.54	3.09099636
1836.63	3.03882380
1836.71	3.04438138
1836.79	3.09089674
1836.88	3.13669651
1836.96	3.16212763
1837.04	3.16023843
1837.13	3.16987940
1837.21	3.17675266
1837.29	3.17818439
1837.38	3.17617680
1837.46	3.14906460
1837.54	3.08880480
1837.63	3.03663226
1837.71	3.04219017
1837.79	3.08870641
1837.88	3.13450675
1837.96	3.15993864
1838.04	3.15915353
1838.13	3.16879519
1838.21	3.17566880
1838.29	3.17710086
1838.38	3.17509357
1838.46	3.14798182
1838.54	3.08772191
1838.63	3.03554962
1838.71	3.04110788
1838.79	3.08762475
1838.88	3.13342574
1838.96	3.15885813
1839.04	3.15917742
1839.13	3.16881948
1839.21	3.17569314
1839.29	3.17712552
1839.38	3.17511822
1839.46	3.14800626
1839.54	3.08774589
1839.63	3.03557289
1839.71	3.04113149
1839.79	3.08764842
1839.88	3.13344976
1839.96	3.15888203
1840.04	3.15920132
1840.13	3.16884314
1840.21	3.17571685
1840.29	3.17714893
1840.38	3.17514161
1840.46	3.14802914
1840.54	3.08776832
1840.63	3.03559495
1840.71	3.04115328
1840.79	3.08767055
1840.88	3.13347190
1840.96	3.15890436
1841.04	3.15922365
1841.13	3.16886522
1841.21	3.17573898
1841.29	3.17717075
1841.38	3.17516342
1841.46	3.14805045
1841.54	3.08778922
1841.63	3.03561519
1841.71	3.04117326
1841.79	3.08769083
1841.88	3.13349249
1841.96	3.15892479
1842.04	3.16034821
1842.13	3.16998984
1842.21	3.17686286
1842.29	3.17829365
1842.38	3.17628501
1842.46	3.14917092
1842.54	3.08890812
1842.63	3.03673290
1842.71	3.04229005
1842.79	3.08880655
1842.88	3.13460710
1842.96	3.16003851
1843.04	3.16146065
1843.13	3.17110146
1843.21	3.17797381
1843.29	3.17940475
1843.38	3.17739592
1843.46	3.15028191
1843.54	3.09001912
1843.63	3.03784362
1843.71	3.04340061
1843.79	3.08991735
1843.88	3.13571814
1843.96	3.16114975
1844.04	3.16257171
1844.13	3.17221236
1844.21	3.17908487
1844.29	3.18051564
1844.38	3.17850727
1844.46	3.15139302
1844.54	3.09112992
1844.63	3.03895444
1844.71	3.04451158
1844.79	3.09102826
1844.88	3.13682928
1844.96	3.16226046
1845.04	3.16478669
1845.13	3.17442765
1845.21	3.18130045
1845.29	3.18273119
1845.38	3.18072278
1845.46	3.15360875
1845.54	3.09334548
1845.63	3.04117014
1845.71	3.04672726
1845.79	3.09324432
1845.88	3.13904543
1845.96	3.16447726
1846.04	3.16700347
1846.13	3.17664467
1846.21	3.18351738
1846.29	3.18494833
1846.38	3.18293981
1846.46	3.15582560
1846.54	3.09556237
1846.63	3.04338679
1846.71	3.04894383
1846.79	3.09546060
1846.88	3.14126204
1846.96	3.16669352
1847.04	3.16811549
1847.13	3.17775608
1847.21	3.18462849
1847.29	3.18605881
1847.38	3.18404997
1847.46	3.15693508
1847.54	3.09667113
1847.63	3.04449487
1847.71	3.05005161
1847.79	3.09656813
1847.88	3.14236899
1847.96	3.16779986
1848.04	3.17032566
1848.13	3.17996583
1848.21	3.18683783
1848.29	3.18826804
1848.38	3.18625878
1848.46	3.15914378
1848.54	3.09887972
1848.63	3.04670304
1848.71	3.05225968
1848.79	3.09877579
1848.88	3.14457622
1848.96	3.17000698
1849.04	3.17253235
1849.13	3.18217228
1849.21	3.18904370
1849.29	3.19047367
1849.38	3.18846384
1849.46	3.16134831
1849.54	3.10108377
1849.63	3.04890693
1849.71	3.05446302
1849.79	3.10097851
1849.88	3.14677861
1849.96	3.17220877
1850.04	3.17362975
1850.13	3.18326902
1850.21	3.19014011
1850.29	3.19156944
1850.38	3.18955898
1850.46	3.16244321
1850.54	3.10217823
1850.63	3.05000125
1850.71	3.05555672
1850.79	3.10207173
1850.88	3.14787105
1850.96	3.17330079
1851.04	3.17582495
1851.13	3.18546393
1851.21	3.19233443
1851.29	3.19376351
1851.38	3.19175281
1851.46	3.16463660
1851.54	3.10437198
1851.63	3.05219469
1851.71	3.05774990
1851.79	3.10426475
1851.88	3.15006360
1851.96	3.17549297
1852.04	3.17691338
1852.13	3.18655185
1852.21	3.19342217
1852.29	3.19485110
1852.38	3.19284027
1852.46	3.16572407
1852.54	3.10545931
1852.63	3.05328248
1852.71	3.05883751
1852.79	3.10535167
1852.88	3.15115044
1852.96	3.17657953
1853.04	3.17799947
1853.13	3.18763814
1853.21	3.19450835
1853.29	3.19593687
1853.38	3.19392631
1853.46	3.16681018
1853.54	3.10654570
1853.63	3.05436910
1853.71	3.05992404
1853.79	3.10643786
1853.88	3.15223598
1853.96	3.17766516
1854.04	3.18018914
1854.13	3.18982750
1854.21	3.19669806
1854.29	3.19812665
1854.38	3.19611584
1854.46	3.16900026
1854.54	3.10873619
1854.63	3.05655965
1854.71	3.06211462
1854.79	3.10862855
1854.88	3.15442648
1854.96	3.17985527
1855.04	3.18127552
1855.13	3.19091375
1855.21	3.19778420
1855.29	3.19921303
1855.38	3.19720216
1855.46	3.17008667
1855.54	3.10982317
1855.63	3.05764685
1855.71	3.06320203
1855.79	3.10971563
1855.88	3.15551355
1855.96	3.18094246
1856.04	3.18346672
1856.13	3.19310529
1856.21	3.19997578
1856.29	3.20140499
1856.38	3.19939452
1856.46	3.17227922
1856.54	3.11201640
1856.63	3.05984070
1856.71	3.06539592
1856.79	3.11190969
1856.88	3.15770747
1856.96	3.18313664
1857.04	3.18455719
1857.13	3.19419597
1857.21	3.20106635
1857.29	3.20249548
1857.38	3.20048527
1857.46	3.17337034
1857.54	3.11310769
1857.63	3.06093244
1857.71	3.06648788
1857.79	3.11300139
1857.88	3.15879924
1857.96	3.18422856
1858.04	3.18675312
1858.13	3.19639193
1858.21	3.20326299
1858.29	3.20469219
1858.38	3.20268237
1858.46	3.17556760
1858.54	3.11530554
1858.63	3.06313084
1858.71	3.06868632
1858.79	3.11520007
1858.88	3.16099815
1858.96	3.18642747
1859.04	3.18895241
1859.13	3.19859165
1859.21	3.20546284
1859.29	3.20689249
1859.38	3.20488282
1859.46	3.17776857
1859.54	3.11750679
1859.63	3.06533264
1859.71	3.07088855
1859.79	3.11740235
1859.88	3.16320080
1859.96	3.18863021
1860.04	3.19005152
1860.13	3.19969075
1860.21	3.20656225
1860.29	3.20799221
1860.38	3.20598255
1860.46	3.17886865
1860.54	3.11860725
1860.63	3.06643317
1860.71	3.07198938
1860.79	3.11850343
1860.88	3.16430184
1860.96	3.18973155
1861.04	3.19225694
1861.13	3.20189687
1861.21	3.20876843
1861.29	3.21019847
1861.38	3.20818951
1861.46	3.18107569
1861.54	3.12081470
1861.63	3.06864069
1861.71	3.07419727
1861.79	3.12071139
1861.88	3.16651019
1861.96	3.19194028
1862.04	3.19336198
1862.13	3.20300183
1862.21	3.20987365
1862.29	3.21130394
1862.38	3.20929491
1862.46	3.18218133
1862.54	3.12192023
1862.63	3.06974644
1862.71	3.07530296
1862.79	3.12181765
1862.88	3.16761641
1862.96	3.19304645
1863.04	3.19446807
1863.13	3.20410819
1863.21	3.21097993
1863.29	3.21241015
1863.38	3.21040105
1863.46	3.18328738
1863.54	3.12302618
1863.63	3.07085259
1863.71	3.07640905
1863.79	3.12292339
1863.88	3.16872210
1863.96	3.19415209
1864.04	3.19667773
1864.13	3.20631760
1864.21	3.21318910
1864.29	3.21461939
1864.38	3.21261036
1864.46	3.18549675
1864.54	3.12523560
1864.63	3.07306175
1864.71	3.07861828
1864.79	3.12513240
1864.88	3.17093119
1864.96	3.19636125
1865.04	3.19778256
1865.13	3.20742229
1865.21	3.21429397
1865.29	3.21572380
1865.38	3.21371462
1865.46	3.18660056
1865.54	3.12633927
1865.63	3.07416529
1865.71	3.07972138
1865.79	3.12623534
1865.88	3.17203398
1865.96	3.19746357
1866.04	3.19888505
1866.13	3.20852432
1866.21	3.21539553
1866.29	3.21682554
1866.38	3.21481590
1866.46	3.18770172
1866.54	3.12744035
1866.63	3.07526598
1866.71	3.08082192
1866.79	3.12733569
1866.88	3.17313382
1866.96	3.19856355
1867.04	3.19998457
1867.13	3.20962368
1867.21	3.21649474
1867.29	3.21792428
1867.38	3.21591451
1867.46	3.18880023
1867.54	3.12853821
1867.63	3.07636381
1867.71	3.08191960
1867.79	3.12843283
1867.88	3.17423071
1867.96	3.19965961
1868.04	3.20108017
1868.13	3.21071903
1868.21	3.21758954
1868.29	3.21901855
1868.38	3.21700825
1868.46	3.18989352
1868.54	3.12963149
1868.63	3.07745646
1868.71	3.08301172
1868.79	3.12952456
1868.88	3.17532141
1868.96	3.20074999
1869.04	3.20327409
1869.13	3.21291260
1869.21	3.21978275
1869.29	3.22121143
1869.38	3.21920082
1869.46	3.19208591
1869.54	3.13182386
1869.63	3.07964909
1869.71	3.08520401
1869.79	3.13171599
1869.88	3.17751260
1869.96	3.20294040
1870.04	3.20436042
1870.13	3.21399802
1870.21	3.22086792
1870.29	3.22229605
1870.38	3.22028492
1870.46	3.19316964
1870.54	3.13290746
1870.63	3.08073252
1870.71	3.08628689
1870.79	3.13279834
1870.88	3.17859379
1870.96	3.20402120
1871.04	3.20654473
1871.13	3.21618180
1871.21	3.22305086
1871.29	3.22447884
1871.38	3.22246726
1871.46	3.19535174
1871.54	3.13508960
1871.63	3.08291464
1871.71	3.08846852
1871.79	3.13497912
1871.88	3.18077403
1871.96	3.20620075
1872.04	3.20872348
1872.13	3.21836038
1872.21	3.22522899
1872.29	3.22665656
1872.38	3.22464460
1872.46	3.19752896
1872.54	3.13726701
1872.63	3.08509219
1872.71	3.09064564
1872.79	3.13715539
1872.88	3.18294944
1872.96	3.20837551
1873.04	3.21089814
1873.13	3.22053416
1873.21	3.22740255
1873.29	3.22882931
1873.38	3.22681723
1873.46	3.19970142
1873.54	3.13943970
1873.63	3.08726502
1873.71	3.09281826
1873.79	3.13932702
1873.88	3.18512009
1873.96	3.21054508
1874.04	3.21417124
1874.13	3.22380714
1874.21	3.23067480
1874.29	3.23210154
1874.38	3.23008916
1874.46	3.20297336
1874.54	3.14271208
1874.63	3.09053775
1874.71	3.09609061
1874.79	3.14259846
1874.88	3.18839061
1874.96	3.21381526
1875.04	3.21744105
1875.13	3.22707618
1875.21	3.23394374
1875.29	3.23537014
1875.38	3.23335714
1875.46	3.20624171
1875.54	3.14598125
1875.63	3.09380731
1875.71	3.09935979
1875.79	3.14586699
1875.88	3.19165819
1875.96	3.21708248
1876.04	3.22070822
1876.13	3.23034385
1876.21	3.23721131
1876.29	3.23863769
1876.38	3.23662536
1876.46	3.20951061
1876.54	3.14925126
1876.63	3.09707864
1876.71	3.10263135
1876.79	3.14913856
1876.88	3.19492980
1876.96	3.22035441
1877.04	3.22508473
1877.13	3.23472070
1877.21	3.24158887
1877.29	3.24301633
1877.38	3.24100449
1877.46	3.21389082
1877.54	3.15363291
1877.63	3.10146160
1877.71	3.10701500
1877.79	3.15352219
1877.88	3.19931373
1877.96	3.22473887
1878.04	3.22946992
1878.13	3.23910658
1878.21	3.24597547
1878.29	3.24740339
1878.38	3.24539235
1878.46	3.21827970
1878.54	3.15802305
1878.63	3.10585262
1878.71	3.11140673
1878.79	3.15791431
1878.88	3.20370661
1878.96	3.22913202
1879.04	3.23386382
1879.13	3.24350096
1879.21	3.25037066
1879.29	3.25179943
1879.38	3.24978958
1879.46	3.22267762
1879.54	3.16242215
1879.63	3.11025281
1879.71	3.11580772
1879.79	3.16231592
1879.88	3.20810853
1879.96	3.23353469
1880.04	3.23937097
1880.13	3.24900907
1880.21	3.25587943
1880.29	3.25730856
1880.38	3.25529907
1880.46	3.22818787
1880.54	3.16793293
1880.63	3.11576408
1880.71	3.12131932
1880.79	3.16782743
1880.88	3.21362028
1880.96	3.23904641
1881.04	3.24488303
1881.13	3.25452114
1881.21	3.26139152
1881.29	3.26282132
1881.38	3.26081188
1881.46	3.23370077
1881.54	3.17344599
1881.63	3.12127760
1881.71	3.12683286
1881.79	3.17334122
1881.88	3.21913403
1881.96	3.24456046
1882.04	3.25039711
1882.13	3.26003556
1882.21	3.26690629
1882.29	3.26833580
1882.38	3.26632672
1882.46	3.23921601
1882.54	3.17896135
1882.63	3.12679338
1882.71	3.13234866
1882.79	3.17885732
1882.88	3.22465010
1882.96	3.25007687
1883.04	3.25480959
1883.13	3.26444792
1883.21	3.27131853
1883.29	3.27274858
1883.38	3.27073940
1883.46	3.24362861
1883.54	3.18337421
1883.63	3.13120618
1883.71	3.13676167
1883.79	3.18327018
1883.88	3.22906313
1883.96	3.25448945
1884.04	3.26032633
1884.13	3.26996502
1884.21	3.27683599
1884.29	3.27826574
1884.38	3.27625692
1884.46	3.24914651
1884.54	3.18889219
1884.63	3.13672453
1884.71	3.14228005
1884.79	3.18878857
1884.88	3.23458186
1884.96	3.26000853
1885.04	3.26474116
1885.13	3.27437967
1885.21	3.28125013
1885.29	3.28267970
1885.38	3.28067037
1885.46	3.25355947
1885.54	3.19330503
1885.63	3.14113662
1885.71	3.14669164
1885.79	3.19319961
1885.88	3.23899169
1885.96	3.26441780
1886.04	3.26804629
1886.13	3.27768452
1886.21	3.28455471
1886.29	3.28598436
1886.38	3.28397477
1886.46	3.25686401
1886.54	3.19660977
1886.63	3.14444186
1886.71	3.14999757
1886.79	3.19650584
1886.88	3.24229887
1886.96	3.26772567
1887.04	3.27135488
1887.13	3.28099343
1887.21	3.28786426
1887.29	3.28929456
1887.38	3.28728564
1887.46	3.26017553
1887.54	3.19992193
1887.63	3.14775465
1887.71	3.15331067
1887.79	3.19981991
1887.88	3.24561330
1887.96	3.27104077
1888.04	3.27356668
1888.13	3.28320575
1888.21	3.29007710
1888.29	3.29150759
1888.38	3.28949949
1888.46	3.26238952
1888.54	3.20213599
1888.63	3.14996878
1888.71	3.15552530
1888.79	3.20203450
1888.88	3.24782816
1888.96	3.27325586
1889.04	3.27578164
1889.13	3.28542058
1889.21	3.29229214
1889.29	3.29372248
1889.38	3.29171391
1889.46	3.26460406
1889.54	3.20435026
1889.63	3.15218281
1889.71	3.15773920
1889.79	3.20424835
1889.88	3.25004195
1889.96	3.27546956
1890.04	3.27799520
1890.13	3.28763441
1890.21	3.29450558
1890.29	3.29593585
1890.38	3.29392753
1890.46	3.26681724
1890.54	3.20656359
1890.63	3.15439598
1890.71	3.15995200
1890.79	3.20646147
1890.88	3.25225507
1890.96	3.27768265
1891.04	3.27910426
1891.13	3.28874313
1891.21	3.29561393
1891.29	3.29704384
1891.38	3.29503516
1891.46	3.26792448
1891.54	3.20767042
1891.63	3.15550241
1891.71	3.16105840
1891.79	3.20756723
1891.88	3.25336083
1891.96	3.27878773
1892.04	3.28131293
1892.13	3.29095126
1892.21	3.29782185
1892.29	3.29925154
1892.38	3.29724231
1892.46	3.27013141
1892.54	3.20987684
1892.63	3.15770865
1892.71	3.16326411
1892.79	3.20977269
1892.88	3.25556604
1892.96	3.28099270
1893.04	3.28241406
1893.13	3.29205208
1893.21	3.29892270
1893.29	3.30035210
1893.38	3.29834291
1893.46	3.27123208
1893.54	3.21097760
1893.63	3.15880949
1893.71	3.16436498
1893.79	3.21087356
1893.88	3.25666657
1893.96	3.28209325
1894.04	3.28351464
1894.13	3.29315269
1894.21	3.30002334
1894.29	3.30145277
1894.38	3.29944361
1894.46	3.27233252
1894.54	3.21207815
1894.63	3.15991013
1894.71	3.16546565
1894.79	3.21197421
1894.88	3.25776722
1894.96	3.28319390
1895.04	3.28461500
1895.13	3.29425307
1895.21	3.30112343
1895.29	3.30255322
1895.38	3.30054378
1895.46	3.27343275
1895.54	3.21317848
1895.63	3.16101056
1895.71	3.16656579
1895.79	3.21307433
1895.88	3.25886732
1895.96	3.28429401
1896.04	3.28571514
1896.13	3.29535332
1896.21	3.30222377
1896.29	3.30365334
1896.38	3.30164401
1896.46	3.27453345
1896.54	3.21427903
1896.63	3.16211095
1896.71	3.16766660
1896.79	3.21417488
1896.88	3.25996793
1896.96	3.28539470
1897.04	3.28681594
1897.13	3.29645381
1897.21	3.30332430
1897.29	3.30475391
1897.38	3.30274494
1897.46	3.27563412
1897.54	3.21538011
1897.63	3.16321243
1897.71	3.16876811
1897.79	3.21527703
1897.88	3.26107041
1897.96	3.28649754
1898.04	3.28902309
1898.13	3.29866220
1898.21	3.30553360
1898.29	3.30696380
1898.38	3.30495542
1898.46	3.27784548
1898.54	3.21759166
1898.63	3.16542416
1898.71	3.17098041
1898.79	3.21748932
1898.88	3.26328270
1898.96	3.28870945
1899.04	3.29233890
1899.13	3.30197729
1899.21	3.30884796
1899.29	3.31027776
1899.38	3.30826864
1899.46	3.28115797
1899.54	3.22090342
1899.63	3.16873523
1899.71	3.17429046
1899.79	3.22079863
1899.88	3.26659125
1899.96	3.29201758
1900.04	3.29564596
1900.13	3.30528375
1900.21	3.31215383
1900.29	3.31358303
1900.38	3.31157301
1900.46	3.28446181
1900.54	3.22420684
1900.63	3.17203823
1900.71	3.17759287
1900.79	3.22410034
1900.88	3.26989190
1900.96	3.29531724
1901.04	3.29894535
1901.13	3.30858252
1901.21	3.31545165
1901.29	3.31688026
1901.38	3.31486966
1901.46	3.28775800
1901.54	3.22750275
1901.63	3.17533351
1901.71	3.18088756
1901.79	3.22739421
1901.88	3.27318494
1901.96	3.29860954
1902.04	3.30334066
1902.13	3.31297732
1902.21	3.31984597
1902.29	3.32127413
1902.38	3.31926309
1902.46	3.29215086
1902.54	3.23189559
1902.63	3.17972661
1902.71	3.18527988
1902.79	3.23178543
1902.88	3.27757570
1902.96	3.30299967
1903.04	3.30662604
1903.13	3.31626205
1903.21	3.32313004
1903.29	3.32455727
1903.38	3.32254599
1903.46	3.29543308
1903.54	3.23517778
1903.63	3.18300871
1903.71	3.18856137
1903.79	3.23506590
1903.88	3.28085481
1903.96	3.30627794
1904.04	3.31100761
1904.13	3.32064307
1904.21	3.32751055
1904.29	3.32893731
1904.38	3.32692528
1904.46	3.29981255
1904.54	3.23955748
1904.63	3.18738857
1904.71	3.19294105
1904.79	3.23944462
1904.88	3.28523290
1904.96	3.31065562
1905.04	3.31538545
1905.13	3.32502036
1905.21	3.33188798
1905.29	3.33331461
1905.38	3.33130282
1905.46	3.30419028
1905.54	3.24393611
1905.63	3.19176768
1905.71	3.19731999
1905.79	3.24382324
1905.88	3.28961121
1905.96	3.31503353
1906.04	3.32086709
1906.13	3.33050210
1906.21	3.33736952
1906.29	3.33879602
1906.38	3.33678414
1906.46	3.30967213
1906.54	3.24941821
1906.63	3.19725059
1906.71	3.20280272
1906.79	3.24930532
1906.88	3.29509232
1906.96	3.32051456
1907.04	3.32524405
1907.13	3.33487876
1907.21	3.34174558
1907.29	3.34317221
1907.38	3.34116016
1907.46	3.31404828
1907.54	3.25379489
1907.63	3.20162772
1907.71	3.20717960
1907.79	3.25368146
1907.88	3.29946804
1907.96	3.32488945
1908.04	3.32961870
1908.13	3.33925310
1908.21	3.34611998
1908.29	3.34754640
1908.38	3.34553419
1908.46	3.31842213
1908.54	3.25816963
1908.63	3.20600261
1908.71	3.21155456
1908.79	3.25805564
1908.88	3.30384146
1908.96	3.32926236
1909.04	3.33399136
1909.13	3.34362570
1909.21	3.35049223
1909.29	3.35191837
1909.38	3.34990625
1909.46	3.32279461
1909.54	3.26254296
1909.63	3.21037668
1909.71	3.21592862
1909.79	3.26242918
1909.88	3.30821448
1909.96	3.33363512
1910.04	3.33836446
1910.13	3.34799842
1910.21	3.35486526
1910.29	3.35629145
1910.38	3.35427943
1910.46	3.32716853
1910.54	3.26691737
1910.63	3.21475213
1910.71	3.22030375
1910.79	3.26680411
1910.88	3.31258892
1910.96	3.33800931
1911.04	3.34273866
1911.13	3.35237291
1911.21	3.35923974
1911.29	3.36066598
1911.38	3.35865405
1911.46	3.33154355
1911.54	3.27129351
1911.63	3.21912896
1911.71	3.22468091
1911.79	3.27118079
1911.88	3.31696512
1911.96	3.34238594
1912.04	3.34601150
1912.13	3.35564555
1912.21	3.36251256
1912.29	3.36393904
1912.38	3.36192739
1912.46	3.33481712
1912.54	3.27456802
1912.63	3.22240431
1912.71	3.22795611
1912.79	3.27445572
1912.88	3.32023980
1912.96	3.34566027
1913.04	3.35038984
1913.13	3.36002412
1913.21	3.36689138
1913.29	3.36831818
1913.38	3.36630655
1913.46	3.33919689
1913.54	3.27894876
1913.63	3.22678559
1913.71	3.23233798
1913.79	3.27883710
1913.88	3.32462103
1913.96	3.35004157
1914.04	3.35366763
1914.13	3.36330166
1914.21	3.37016870
1914.29	3.37159567
1914.38	3.36958424
1914.46	3.34247504
1914.54	3.28222736
1914.63	3.23006521
1914.71	3.23561739
1914.79	3.28211624
1914.88	3.32789990
1914.96	3.35332004
1915.04	3.35694625
1915.13	3.36658037
1915.21	3.37344753
1915.29	3.37487433
1915.38	3.37286311
1915.46	3.34575435
1915.54	3.28550742
1915.63	3.23334562
1915.71	3.23889793
1915.79	3.28539651
1915.88	3.33117959
1915.96	3.35659967
1916.04	3.36022569
1916.13	3.36986032
1916.21	3.37672734
1916.29	3.37815472
1916.38	3.37614344
1916.46	3.34903519
1916.54	3.28878873
1916.63	3.23662765
1916.71	3.24218016
1916.79	3.28867825
1916.88	3.33446117
1916.96	3.35988129
1917.04	3.36461130
1917.13	3.37424583
1917.21	3.38111312
1917.29	3.38254049
1917.38	3.38052990
1917.46	3.35342187
1917.54	3.29317625
1917.63	3.24101593
1917.71	3.24656839
1917.79	3.29306675
1917.88	3.33884929
1917.96	3.36426954
1918.04	3.36789609
1918.13	3.37753099
1918.21	3.38439834
1918.29	3.38582615
1918.38	3.38381534
1918.46	3.35670830
1918.54	3.29646356
1918.63	3.24430373
1918.71	3.24985690
1918.79	3.29635537
1918.88	3.34213837
1918.96	3.36755923
1919.04	3.37118620
1919.13	3.38082164
1919.21	3.38768988
1919.29	3.38911861
1919.38	3.38710875
1919.46	3.36000245
1919.54	3.29975893
1919.63	3.24760024
1919.71	3.25315429
1919.79	3.29965314
1919.88	3.34543688
1919.96	3.37085823
1920.04	3.37448613
1920.13	3.38412240
1920.21	3.39099114
1920.29	3.39242039
1920.38	3.39041106
1920.46	3.36330535
1920.54	3.30306249
1920.63	3.25090442
1920.71	3.25645896
1920.79	3.30295823
1920.88	3.34874241
1920.96	3.37416424
1921.04	3.37889639
1921.13	3.38853298
1921.21	3.39540239
1921.29	3.39683198
1921.38	3.39482367
1921.46	3.36771831
1921.54	3.30747614
1921.63	3.25531842
1921.71	3.26087328
1921.79	3.30737320
1921.88	3.35315738
1921.96	3.37857954
1922.04	3.38331203
1922.13	3.39294896
1922.21	3.39981871
1922.29	3.40124864
1922.38	3.39924032
1922.46	3.37213529
1922.54	3.31189309
1922.63	3.25973566
1922.71	3.26529085
1922.79	3.31179080
1922.88	3.35757535
1922.96	3.38299788
1923.04	3.38662663
1923.13	3.39626350
1923.21	3.40313352
1923.29	3.40456337
1923.38	3.40255498
1923.46	3.37544984
1923.54	3.31520751
1923.63	3.26305028
1923.71	3.26860508
1923.79	3.31510500
1923.88	3.36088952
1923.96	3.38631166
1924.04	3.39104408
1924.13	3.40068088
1924.21	3.40755050
1924.29	3.40898028
1924.38	3.40697216
1924.46	3.37986693
1924.54	3.31962449
1924.63	3.26746652
1924.71	3.27302125
1924.79	3.31952112
1924.88	3.36530558
1924.96	3.39072766
1925.04	3.39656375
1925.13	3.40620068
1925.21	3.41307042
1925.29	3.41450033
1925.38	3.41249164
1925.46	3.38538653
1925.54	3.32514419
1925.63	3.27298664
1925.71	3.27854116
1925.79	3.32504117
1925.88	3.37082577
1925.96	3.39624764
1926.04	3.40098011
1926.13	3.41061675
1926.21	3.41748619
1926.29	3.41891580
1926.38	3.41690716
1926.46	3.38980175
1926.54	3.32955912
1926.63	3.27740129
1926.71	3.28295553
1926.79	3.32945524
1926.88	3.37523920
1926.96	3.40066076
1927.04	3.40539259
1927.13	3.41502893
1927.21	3.42189807
1927.29	3.42332738
1927.38	3.42131845
1927.46	3.39421244
1927.54	3.33396959
1927.63	3.28181122
1927.71	3.28736549
1927.79	3.33386451
1927.88	3.37964810
1927.96	3.40506932
1928.04	3.41090459
1928.13	3.42054035
1928.21	3.42740926
1928.29	3.42883834
1928.38	3.42682885
1928.46	3.39972268
1928.54	3.33947977
1928.63	3.28732132
1928.71	3.29287504
1928.79	3.33937371
1928.88	3.38515661
1928.96	3.41057754
1929.04	3.41641257
1929.13	3.42604807
1929.21	3.43291640
1929.29	3.43434526
1929.38	3.43233555
1929.46	3.40522925
1929.54	3.34498601
1929.63	3.29282754
1929.71	3.29838069
1929.79	3.34487896
1929.88	3.39066146
1929.96	3.41608206
1930.04	3.42081311
1930.13	3.43044877
1930.21	3.43731726
1930.29	3.43874597
1930.38	3.43673646
1930.46	3.40963047
1930.54	3.34938766
1930.63	3.29722958
1930.71	3.30278323
1930.79	3.34928152
1930.88	3.39506438
1930.96	3.42048474
1931.04	3.42625144
1931.13	3.43588733
1931.21	3.44275606
1931.29	3.44418468
1931.38	3.44217544
1931.46	3.41506980
1931.54	3.35482711
1931.63	3.30266945
1931.71	3.30822333
1931.79	3.35472140
1931.88	3.40050403
1931.96	3.42592492
1932.04	3.43221159
1932.13	3.44184710
1932.21	3.44871579
1932.29	3.45014440
1932.38	3.44813482
1932.46	3.42102892
1932.54	3.36078608
1932.63	3.30862826
1932.71	3.31418146
1932.79	3.36067901
1932.88	3.40646112
1932.96	3.43188156
1933.04	3.43706413
1933.13	3.44669985
1933.21	3.45356844
1933.29	3.45499730
1933.38	3.45298833
1933.46	3.42588279
1933.54	3.36564110
1933.63	3.31348404
1933.71	3.31903846
1933.79	3.36553680
1933.88	3.41132006
1933.96	3.43674104
1934.04	3.44192455
1934.13	3.45156127
1934.21	3.45843053
1934.29	3.45986007
1934.38	3.45785144
1934.46	3.43074660
1934.54	3.37050529
1934.63	3.31834826
1934.71	3.32390267
1934.79	3.37040130
1934.88	3.41618418
1934.96	3.44160513
1935.04	3.44678897
1935.13	3.45642534
1935.21	3.46329459
1935.29	3.46472412
1935.38	3.46271548
1935.46	3.43561066
1935.54	3.37536938
1935.63	3.32321272
1935.71	3.32876711
1935.79	3.37526570
1935.88	3.42104855
1935.96	3.44646982
1936.04	3.45165365
1936.13	3.46129035
1936.21	3.46815993
1936.29	3.46958980
1936.38	3.46758115
1936.46	3.44047667
1936.54	3.38023574
1936.63	3.32807941
1936.71	3.33363379
1936.79	3.38013271
1936.88	3.42591624
1936.96	3.45133751
1937.04	3.45431424
1937.13	3.46395071
1937.21	3.47082040
1937.29	3.47225038
1937.38	3.47024184
1937.46	3.44313745
1937.54	3.38289626
1937.63	3.33074001
1937.71	3.33629451
1937.79	3.38279355
1937.88	3.42857687
1937.96	3.45399825
1938.04	3.45697510
1938.13	3.46661153
1938.21	3.47348083
1938.29	3.47491043
1938.38	3.47290185
1938.46	3.44579742
1938.54	3.38555617
1938.63	3.33339954
1938.71	3.33895400
1938.79	3.38545301
1938.88	3.43123629
1938.96	3.45665763
1939.04	3.45853072
1939.13	3.46816692
1939.21	3.47503634
1939.29	3.47646570
1939.38	3.47445724
1939.46	3.44735224
1939.54	3.38711112
1939.63	3.33495427
1939.71	3.34050884
1939.79	3.38700761
1939.88	3.43279065
1939.96	3.45821210
1940.04	3.46008496
1940.13	3.46972127
1940.21	3.47659012
1940.29	3.47801959
1940.38	3.47601090
1940.46	3.44890603
1940.54	3.38866471
1940.63	3.33650801
1940.71	3.34206235
1940.79	3.38856087
1940.88	3.43434400
1940.96	3.45976520
1941.04	3.46053411
1941.13	3.47017003
1941.21	3.47703883
1941.29	3.47846792
1941.38	3.47645919
1941.46	3.44935396
1941.54	3.38911234
1941.63	3.33695534
1941.71	3.34250963
1941.79	3.38900772
1941.88	3.43479039
1941.96	3.46021110
1942.04	3.45987511
1942.13	3.46951020
1942.21	3.47637818
1942.29	3.47780646
1942.38	3.47579658
1942.46	3.44869064
1942.54	3.38844809
1942.63	3.33629050
1942.71	3.34184367
1942.79	3.38834077
1942.88	3.43412211
1942.96	3.45954197
1943.04	3.45920563
1943.13	3.46884068
1943.21	3.47570827
1943.29	3.47713620
1943.38	3.47512633
1943.46	3.44802019
1943.54	3.38777797
1943.63	3.33562033
1943.71	3.34117313
1943.79	3.38766964
1943.88	3.43345071
1943.96	3.45887008
1944.04	3.45853375
1944.13	3.46816805
1944.21	3.47503561
1944.29	3.47646352
1944.38	3.47445298
1944.46	3.44734700
1944.54	3.38710549
1944.63	3.33494817
1944.71	3.34050094
1944.79	3.38699750
1944.88	3.43277864
1944.96	3.45819771
1945.04	3.45896473
1945.13	3.46859852
1945.21	3.47546557
1945.29	3.47689267
1945.38	3.47488202
1945.46	3.44777542
1945.54	3.38753286
1945.63	3.33537514
1945.71	3.34092676
1945.79	3.38742150
1945.88	3.43320078
1945.96	3.45861864
1946.04	3.45938450
1946.13	3.46901712
1946.21	3.47588269
1946.29	3.47730870
1946.38	3.47529665
1946.46	3.44818927
1946.54	3.38794666
1946.63	3.33578849
1946.71	3.34133934
1946.79	3.38783316
1946.88	3.43361118
1946.96	3.45902800
1947.04	3.46089749
1947.13	3.47052969
1947.21	3.47739485
1947.29	3.47882088
1947.38	3.47680855
1947.46	3.44970121
1947.54	3.38945939
1947.63	3.33730158
1947.71	3.34285207
1947.79	3.38934499
1947.88	3.43512212
1947.96	3.46053830
1948.04	3.46240746
1948.13	3.47203922
1948.21	3.47890433
1948.29	3.48032969
1948.38	3.47831707
1948.46	3.45121013
1948.54	3.39096849
1948.63	3.33881109
1948.71	3.34436154
1948.79	3.39085318
1948.88	3.43662936
1948.96	3.46204523
1949.04	3.46501735
1949.13	3.47464889
1949.21	3.48151383
1949.29	3.48293908
1949.38	3.48092641
1949.46	3.45381978
1949.54	3.39357892
1949.63	3.34142220
1949.71	3.34697249
1949.79	3.39346338
1949.88	3.43923917
1949.96	3.46465425
1950.04	3.46762624
1950.13	3.47725791
1950.21	3.48412232
1950.29	3.48554748
1950.38	3.48353511
1950.46	3.45642844
1950.54	3.39618872
1950.63	3.34403267
1950.71	3.34958280
1950.79	3.39607295
1950.88	3.44184799
1950.96	3.46726296
1951.04	3.47244240
1951.13	3.48207373
1951.21	3.48893854
1951.29	3.49036445
1951.38	3.48835225
1951.46	3.46124681
1951.54	3.40100816
1951.63	3.34885338
1951.71	3.35440284
1951.79	3.40089211
1951.88	3.44666649
1951.96	3.47208178
1952.04	3.47726148
1952.13	3.48689284
1952.21	3.49375738
1952.29	3.49518348
1952.38	3.49317175
1952.46	3.46606706
1952.54	3.40582915
1952.63	3.35367551
1952.71	3.35922561
1952.79	3.40571477
1952.88	3.45148892
1952.96	3.47690305
1953.04	3.48208297
1953.13	3.49171458
1953.21	3.49857957
1953.29	3.50000562
1953.38	3.49799390
1953.46	3.47088885
1953.54	3.41065161
1953.63	3.35849803
1953.71	3.36404819
1953.79	3.41053714
1953.88	3.45631089
1953.96	3.48172554
1954.04	3.48800948
1954.13	3.49764130
1954.21	3.50450636
1954.29	3.50593238
1954.38	3.50392140
1954.46	3.47681697
1954.54	3.41658102
1954.63	3.36442846
1954.71	3.36997859
1954.79	3.41646721
1954.88	3.46223998
1954.96	3.48765385
1955.04	3.49504101
1955.13	3.50467246
1955.21	3.51153765
1955.29	3.51296330
1955.38	3.51095198
1955.46	3.48384808
1955.54	3.42361277
1955.63	3.37146059
1955.71	3.37701071
1955.79	3.42349819
1955.88	3.46927088
1955.96	3.49468451
1956.04	3.50207158
1956.13	3.51170275
1956.21	3.51856790
1956.29	3.51999384
1956.38	3.51798206
1956.46	3.49087798
1956.54	3.43064283
1956.63	3.37849162
1956.71	3.38404149
1956.79	3.43052885
1956.88	3.47630064
1956.96	3.50171408
1957.04	3.50910068
1957.13	3.51873153
1957.21	3.52559591
1957.29	3.52702223
1957.38	3.52501059
1957.46	3.49790731
1957.54	3.43767302
1957.63	3.38552204
1957.71	3.39107158
1957.79	3.43755774
1957.88	3.48332877
1957.96	3.50874146
1958.04	3.51723162
1958.13	3.52686255
1958.21	3.52972246
1958.29	3.53518336
1958.38	3.52799501
1958.46	3.50465523
1958.54	3.44482600
1958.63	3.40462028
1958.71	3.40966152
1958.79	3.44818627
1958.88	3.48892230
1958.96	3.51428010
1959.04	3.52901309
1959.13	3.53852045
1959.21	3.54082038
1959.29	3.53811505
1959.38	3.53666297
1959.46	3.51453645
1959.54	3.45227964
1959.63	3.40313584
1959.71	3.41667181
1959.79	3.45718224
1959.88	3.50509025
1959.96	3.52426901
1960.04	3.53789772
1960.13	3.54497671
1960.21	3.55036621
1960.29	3.55240601
1960.38	3.55581049
1960.46	3.53026509
1960.54	3.47032772
1960.63	3.41533821
1960.71	3.42015748
1960.79	3.46353534
1960.88	3.50724913
1960.96	3.53095109
1961.04	3.54336535
1961.13	3.55298217
1961.21	3.56090975
1961.29	3.55743226
1961.38	3.56182963
1961.46	3.53220143
1961.54	3.47458105
1961.63	3.42499790
1961.71	3.42716855
1961.79	3.48047690
1961.88	3.51933572
1961.96	3.53994814
1962.04	3.55445893
1962.13	3.56241967
1962.21	3.57343627
1962.29	3.57006872
1962.38	3.56652052
1962.46	3.54075324
1962.54	3.48567025
1962.63	3.43167351
1962.71	3.44311178
1962.79	3.48086068
1962.88	3.52578592
1962.96	3.54750063
1963.04	3.56322379
1963.13	3.56809391
1963.21	3.57535698
1963.29	3.57838852
1963.38	3.58002647
1963.46	3.55083915
1963.54	3.48737093
1963.63	3.43569070
1963.71	3.44260261
1963.79	3.48707876
1963.88	3.53045651
1963.96	3.55415446
1964.04	3.57230319
1964.13	3.57420759
1964.21	3.57611840
1964.29	3.57802904
1964.38	3.57994001
1964.46	3.55538546
1964.54	3.49500648
1964.63	3.44586452
1964.71	3.44792110
1964.79	3.49581593
1964.88	3.53775740
1964.96	3.55847438
1965.04	3.57077362
1965.13	3.58292270
1965.21	3.58654227
1965.29	3.58637114
1965.38	3.57895722
1965.46	3.55506342
1965.54	3.50538750
1965.63	3.44686778
1965.71	3.46006600
1965.79	3.50133777
1965.88	3.54956522
1965.96	3.56619876
1966.04	3.58368210
1966.13	3.59549903
1966.21	3.60297850
1966.29	3.60545453
1966.38	3.59925488
1966.46	3.57569247
1966.54	3.51630803
1966.63	3.46407760
1966.71	3.46911031
1966.79	3.51004815
1966.88	3.55959619
1966.96	3.58439224
1967.04	3.59944800
1967.13	3.60541764
1967.21	3.61002796
1967.29	3.61139926
1967.38	3.61005287
1967.46	3.57931957
1967.54	3.51795019
1967.63	3.47002279
1967.71	3.47637882
1967.79	3.52327337
1967.88	3.56973174
1967.96	3.59397563
1968.04	3.60494892
1968.13	3.61246212
1968.21	3.61927832
1968.29	3.61789155
1968.38	3.61621427
1968.46	3.59320385
1968.54	3.53536778
1968.63	3.48214803
1968.71	3.48839365
1968.79	3.53352170
1968.88	3.57611626
1968.96	3.60355825
1969.04	3.62059868
1969.13	3.62634646
1969.21	3.63845862
1969.29	3.63585903
1969.38	3.63561662
1969.46	3.60852680
1969.54	3.55444458
1969.63	3.49589411
1969.71	3.49992432
1969.79	3.53809541
1969.88	3.58303784
1969.96	3.61273517
1970.04	3.63319093
1970.13	3.63915983
1970.21	3.63683657
1970.29	3.63534775
1970.38	3.63918552
1970.46	3.61508121
1970.54	3.56019385
1970.63	3.51772658
1970.71	3.51756625
1970.79	3.55871629
1970.88	3.60454159
1970.96	3.63104068
1971.04	3.64429986
1971.13	3.65104011
1971.21	3.65520885
1971.29	3.64797595
1971.38	3.65280656
1971.46	3.62825508
1971.54	3.57031458
1971.63	3.51963771
1971.71	3.52058842
1971.79	3.56979360
1971.88	3.61426056
1971.96	3.63817069
1972.04	3.65079725
1972.13	3.66139747
1972.21	3.66137305
1972.29	3.66925104
1972.38	3.66536773
1972.46	3.63386799
1972.54	3.57802437
1972.63	3.52900190
1972.71	3.53778430
1972.79	3.58610484
1972.88	3.63288627
1972.96	3.65503013
1973.04	3.67030361
1973.13	3.68255775
1973.21	3.68937239
1973.29	3.68875729
1973.38	3.69182180
1973.46	3.66661011
1973.54	3.60900499
1973.63	3.56186175
1973.71	3.56612338
1973.79	3.60936984
1973.88	3.65107659
1973.96	3.66693305
1974.04	3.67900577
1974.13	3.69511933
1974.21	3.70226503
1974.29	3.70131959
1974.38	3.69842899
1974.46	3.66847524
1974.54	3.61230598
1974.63	3.56273752
1974.71	3.56512278
1974.79	3.61134514
1974.88	3.65426321
1974.96	3.67706711
1975.04	3.69046347
1975.13	3.70271714
1975.21	3.70831893
1975.29	3.70847669
1975.38	3.70790313
1975.46	3.68324551
1975.54	3.62024049
1975.63	3.56990101
1975.71	3.57747055
1975.79	3.62192765
1975.88	3.66550722
1975.96	3.69007623
1976.04	3.70523814
1976.13	3.71528619
1976.21	3.72430760
1976.29	3.72237101
1976.38	3.71782685
1976.46	3.69129346
1976.54	3.62864336
1976.63	3.58386673
1976.71	3.59120512
1976.79	3.63234665
1976.88	3.67661860
1976.96	3.70300160
1977.04	3.71683523
1977.13	3.72202908
1977.21	3.72764582
1977.29	3.73487024
1977.38	3.73551025
1977.46	3.71042049
1977.54	3.65389243
1977.63	3.59952395
1977.71	3.60233945
1977.79	3.64601575
1977.88	3.68807943
1977.96	3.72052607
1978.04	3.74362373
1978.13	3.75146699
1978.21	3.75818874
1978.29	3.75813624
1978.38	3.75238116
1978.46	3.72762314
1978.54	3.66855998
1978.63	3.61695009
1978.71	3.61910483
1978.79	3.66432343
1978.88	3.70528373
1978.96	3.73067276
1979.04	3.75277738
1979.13	3.76447962
1979.21	3.77627360
1979.29	3.77114852
1979.38	3.76197354
1979.46	3.74261891
1979.54	3.68620485
1979.63	3.63272219
1979.71	3.63708177
1979.79	3.68715220
1979.88	3.73197137
1979.96	3.75647804
1980.04	3.78244386
1980.13	3.79811920
1980.21	3.80859269
1980.29	3.81240276
1980.38	3.80576810
1980.46	3.77152956
1980.54	3.70364778
1980.63	3.65115696
1980.71	3.66654323
1980.79	3.71176027
1980.88	3.75304951
1980.96	3.78119461
1981.04	3.79966184
1981.13	3.81280021
1981.21	3.81930301
1981.29	3.81770802
1981.38	3.81118193
1981.46	3.77617112
1981.54	3.71512810
1981.63	3.66727094
1981.71	3.67339408
1981.79	3.72059371
1981.88	3.76750468
1981.96	3.79046435
1982.04	3.80595022
1982.13	3.81842216
1982.21	3.82469973
1982.29	3.82133614
1982.38	3.81293211
1982.46	3.78343237
1982.54	3.72580677
1982.63	3.66945831
1982.71	3.67171967
1982.79	3.72100957
1982.88	3.76868887
1982.96	3.79484315
1983.04	3.81473541
1983.13	3.82113976
1983.21	3.82454914
1983.29	3.83518859
1983.38	3.83803263
1983.46	3.80985966
1983.54	3.74815986
1983.63	3.69325049
1983.71	3.69926266
1983.79	3.74612843
1983.88	3.78917711
1983.96	3.81709726
1984.04	3.83787536
1984.13	3.84560574
1984.21	3.85221531
1984.29	3.85646201
1984.38	3.85346358
1984.46	3.82463020
1984.54	3.76337199
1984.63	3.71210107
1984.71	3.71668143
1984.79	3.76619307
1984.88	3.80990398
1984.96	3.83142963
1985.04	3.84437688
1985.13	3.85596409
1985.21	3.86709253
1985.29	3.86714857
1985.38	3.86646542
1985.46	3.84780164
1985.54	3.78574244
1985.63	3.72983197
1985.71	3.74214702
1985.79	3.78081646
1985.88	3.81074229
1985.96	3.84132401
1986.04	3.86671511
1986.13	3.87589066
1986.21	3.88411329
1986.29	3.88748274
1986.38	3.88575848
1986.46	3.86028026
1986.54	3.80583111
1986.63	3.75719983
1986.71	3.75088181
1986.79	3.79715727
1986.88	3.83579316
1986.96	3.84950522
1987.04	3.86298653
1987.13	3.87855334
1987.21	3.89239517
1987.29	3.89741538
1987.38	3.89613061
1987.46	3.87627500
1987.54	3.83186092
1987.63	3.77419077
1987.71	3.77151212
1987.79	3.81932974
1987.88	3.86182349
1987.96	3.88104793
1988.04	3.89993284
1988.13	3.91417997
1988.21	3.92681311
1988.29	3.93492509
1988.38	3.93099921
1988.46	3.90342958
1988.54	3.85372638
1988.63	3.80531962
1988.71	3.81245480
1988.79	3.86259014
1988.88	3.90321230
1988.96	3.91835927
1989.04	3.93834835
1989.13	3.95634627
1989.21	3.96666729
1989.29	3.96011831
1989.38	3.95134194
1989.46	3.93071891
1989.54	3.87572460
1989.63	3.81904844
1989.71	3.82574197
1989.79	3.86782972
1989.88	3.92201301
1989.96	3.96077344
1990.04	3.96317358
1990.13	3.96021973
1990.21	3.97168702
1990.29	3.97311800
1990.38	3.96481861
1990.46	3.92720677
1990.54	3.86618779
1990.63	3.82525265
1990.71	3.82818782
1990.79	3.87469501
1990.88	3.92281506
1990.96	3.94344187
1991.04	3.96646637
1991.13	3.97796838
1991.21	3.98040240
1991.29	3.98218126
1991.38	3.97652146
1991.46	3.95414759
1991.54	3.89814459
1991.63	3.84164701
1991.71	3.84433690
1991.79	3.88986680
1991.88	3.93845054
1991.96	3.97574273
1992.04	3.99120412
1992.13	3.99228691
1992.21	3.99986254
1992.29	3.99491012
1992.38	3.99082590
1992.46	3.96457355
1992.54	3.88907987
1992.63	3.83353119
1992.71	3.83796404
1992.79	3.88399681
1992.88	3.92841263
1992.96	3.96159857
1993.04	3.97608746
1993.13	3.98113971
1993.21	3.99327000
1993.29	3.99976396
1993.38	3.99741021
1993.46	3.96276465
1993.54	3.89337728
1993.63	3.84769260
1993.71	3.85173095
1993.79	3.89700824
1993.88	3.93859223
1993.96	3.96581016
1994.04	3.99081600
1994.13	4.00732314
1994.21	4.01655594
1994.29	4.01342935
1994.38	4.00577424
1994.46	3.98002790
1994.54	3.92351505
1994.63	3.86905404
1994.71	3.87140232
1994.79	3.91819869
1994.88	3.97062033
1994.96	3.99569235
1995.04	4.00697556
1995.13	4.02034035
1995.21	4.02890307
1995.29	4.02314887
1995.38	4.01892229
1995.46	3.99436360
1995.54	3.94152636
1995.63	3.89235345
1995.71	3.89831580
1995.79	3.93959147
1995.88	3.99311135
1995.96	4.02077460
1996.04	4.02758285
1996.13	4.03460585
1996.21	4.04228641
1996.29	4.04550516
1996.38	4.05055689
1996.46	4.03458831
1996.54	3.99088464
1996.63	3.92910244
1996.71	3.91389393
1996.79	3.96027110
1996.88	4.00645881
1996.96	4.02785012
1997.04	4.04889091
1997.13	4.05568102
1997.21	4.05292097
1997.29	4.05330850
1997.38	4.05582952
1997.46	4.02442360
1997.54	3.96711063
1997.63	3.91755821
1997.71	3.92666131
1997.79	3.97407002
1997.88	4.01606955
1997.96	4.04317456
1998.04	4.06127473
1998.13	4.07272958
1998.21	4.07731050
1998.29	4.07981785
1998.38	4.08219787
1998.46	4.06018448
1998.54	4.00380935
1998.63	3.95587017
1998.71	3.96626703
1998.79	4.01534761
1998.88	4.06357290
1998.96	4.08888298
1999.04	4.10356259
1999.13	4.11171628
1999.21	4.11694339
1999.29	4.11991964
1999.38	4.11870207
1999.46	4.08889692
1999.54	4.01932361
1999.63	3.96649596
1999.71	3.97718716
1999.79	4.02458796
1999.88	4.07009901
1999.96	4.09869706
2000.04	4.11017308
2000.13	4.11919547
2000.21	4.12885911
2000.29	4.13245055
2000.38	4.13311417
2000.46	4.09975004
2000.54	4.03544892
2000.63	3.99350839
2000.71	3.99660621
2000.79	4.04663614
2000.88	4.08884629
2000.96	4.10970014
2001.04	4.12919808
2001.13	4.14058160
2001.21	4.14064918
2001.29	4.14834365
2001.38	4.15203856
2001.46	4.11656773
2001.54	4.04910982
2001.63	4.00112515
2001.71	4.00997784
2001.79	4.05900281
2001.88	4.10724079
2001.96	4.13059608
2002.04	4.14343924
2002.13	4.15726730
2002.21	4.16578529
2002.29	4.16855934
2002.38	4.16605130
2002.46	4.13905172
2002.54	4.07569658
2002.63	4.02578939
2002.71	4.03253479
2002.79	4.08127693
2002.88	4.12539390
2002.96	4.14326055
2003.04	4.18293473
2003.13	4.19810519
2003.21	4.20112053
2003.29	4.20205636
2003.38	4.20253822
2003.46	4.17568258
2003.54	4.11088257
2003.63	4.05874263
2003.71	4.06774027
2003.79	4.11990782
2003.88	4.17066695
2003.96	4.19119507
2004.04	4.19761529
2004.13	4.20502626
2004.21	4.21490043
2004.29	4.21880370
2004.38	4.21562668
2004.46	4.19152959
2004.54	4.12615300
2004.63	4.06837823
2004.71	4.06756694
2004.79	4.12120350
2004.88	4.16855584
2004.96	4.20472248
2005.04	4.22494604
2005.13	4.22755272
2005.21	4.22716191
2005.29	4.24146145
2005.38	4.24300455
2005.46	4.21567737
2005.54	4.14484567
2005.63	4.09280111
2005.71	4.10215341
2005.79	4.14461749
2005.88	4.19871344
2005.96	4.23110330
2006.04	4.23929071
2006.13	4.24751768
2006.21	4.25735486
2006.29	4.26635619
2006.38	4.27063222
2006.46	4.24989515
2006.54	4.18572887
2006.63	4.12505669
2006.71	4.13251190
2006.79	4.18123761
2006.88	4.23087502
2006.96	4.26087631
2007.04	4.27265573
2007.13	4.27903597
2007.21	4.28592145
2007.29	4.28674595
2007.38	4.27917899
2007.46	4.25179601
2007.54	4.18548235
2007.63	4.12761094
2007.71	4.14000335
2007.79	4.19827754
2007.88	4.24223949
2007.96	4.27187328
2008.04	4.29066293
2008.13	4.30357223
2008.21	4.31247068
2008.29	4.31631248
2008.38	4.31291601
2008.46	4.28057047
2008.54	4.21446563
2008.63	4.15908257
2008.71	4.16205850