CH3CCl3 history for Greenland by Patricia Martinerie
year    concentration (ppt)
1950.04	0
1950.13	0
1950.21	0
1950.29	0
1950.38	0
1950.46	0
1950.54	0
1950.63	0
1950.71	0
1950.79	0
1950.88	0
1950.96	0
1951.04	6.13E-04
1951.13	2.23E-03
1951.21	3.15E-03
1951.29	4.20E-03
1951.38	5.25E-03
1951.46	6.30E-03
1951.54	5.99E-03
1951.63	6.30E-03
1951.71	6.30E-03
1951.79	6.87E-03
1951.88	7.35E-03
1951.96	7.35E-03
1952.04	7.35E-03
1952.13	8.40E-03
1952.21	8.40E-03
1952.29	8.97E-03
1952.38	9.45E-03
1952.46	1.05E-02
1952.54	9.67E-03
1952.63	1.05E-02
1952.71	9.45E-03
1952.79	1.03E-02
1952.88	1.05E-02
1952.96	1.05E-02
1953.04	1.55E-02
1953.13	1.98E-02
1953.21	2.20E-02
1953.29	2.63E-02
1953.38	2.82E-02
1953.46	3.15E-02
1953.54	3.04E-02
1953.63	3.16E-02
1953.71	3.08E-02
1953.79	3.36E-02
1953.88	3.48E-02
1953.96	3.68E-02
1954.04	4.13E-02
1954.13	5.72E-02
1954.21	6.51E-02
1954.29	7.68E-02
1954.38	8.56E-02
1954.46	9.39E-02
1954.54	9.12E-02
1954.63	9.53E-02
1954.71	9.33E-02
1954.79	9.89E-02
1954.88	0.10447
1954.96	0.10758
1955.04	0.13414
1955.13	0.17351
1955.21	0.19701
1955.29	0.22589
1955.38	0.25252
1955.46	0.27895
1955.54	0.267
1955.63	0.28402
1955.71	0.27191
1955.79	0.28883
1955.88	0.30581
1955.96	0.31597
1956.04	0.36492
1956.13	0.40491
1956.21	0.43991
1956.29	0.49328
1956.38	0.52941
1956.46	0.57558
1956.54	0.54723
1956.63	0.56411
1956.71	0.553
1956.79	0.58253
1956.88	0.61281
1956.96	0.62939
1957.04	0.66054
1957.13	0.72989
1957.21	0.7815
1957.29	0.85925
1957.38	0.91705
1957.46	0.97173
1957.54	0.93428
1957.63	0.96062
1957.71	0.93603
1957.79	0.97952
1957.88	1.0206
1957.96	1.0462
1958.04	1.0794
1958.13	1.1176
1958.21	1.1621
1958.29	1.231
1958.38	1.2873
1958.46	1.342
1958.54	1.2753
1958.63	1.3135
1958.71	1.2661
1958.79	1.3107
1958.88	1.3597
1958.96	1.388
1959.04	1.4676
1959.13	1.5287
1959.21	1.5927
1959.29	1.7015
1959.38	1.7689
1959.46	1.8548
1959.54	1.7668
1959.63	1.7939
1959.71	1.7611
1959.79	1.8257
1959.88	1.8945
1959.96	1.9297
1960.04	1.9764
1960.13	2.0567
1960.21	2.1345
1960.29	2.2634
1960.38	2.3521
1960.46	2.4323
1960.54	2.3374
1960.63	2.3735
1960.71	2.318
1960.79	2.3962
1960.88	2.4717
1960.96	2.5177
1961.04	2.5686
1961.13	2.6233
1961.21	2.693
1961.29	2.8075
1961.38	2.8952
1961.46	2.9782
1961.54	2.8389
1961.63	2.9003
1961.71	2.807
1961.79	2.8858
1961.88	2.9751
1961.96	3.0248
1962.04	3.1806
1962.13	3.2992
1962.21	3.4159
1962.29	3.6169
1962.38	3.7352
1962.46	3.8887
1962.54	3.7124
1962.63	3.7606
1962.71	3.6953
1962.79	3.8161
1962.88	3.9463
1962.96	4.0124
1963.04	4.0799
1963.13	4.1618
1963.21	4.2724
1963.29	4.4738
1963.38	4.604
1963.46	4.7175
1963.54	4.5346
1963.63	4.5825
1963.71	4.4781
1963.79	4.6057
1963.88	4.7329
1963.96	4.8083
1964.04	4.9072
1964.13	5.022
1964.21	5.1451
1964.29	5.3476
1964.38	5.4981
1964.46	5.6398
1964.54	5.387
1964.63	5.4945
1964.71	5.3264
1964.79	5.4664
1964.88	5.6254
1964.96	5.7138
1965.04	5.9527
1965.13	6.1302
1965.21	6.3154
1965.29	6.6426
1965.38	6.8304
1965.46	7.0729
1965.54	6.758
1965.63	6.8306
1965.71	6.7124
1965.79	6.9151
1965.88	7.1356
1965.96	7.2449
1966.04	7.439
1966.13	7.8714
1966.21	8.1901
1966.29	8.6917
1966.38	9.0383
1966.46	9.3543
1966.54	9.0168
1966.63	9.1648
1966.71	8.9615
1966.79	9.2583
1966.88	9.5471
1966.96	9.7238
1967.04	10.094
1967.13	10.593
1967.21	10.999
1967.29	11.598
1967.38	12.083
1967.46	12.554
1967.54	11.995
1967.63	12.327
1967.71	11.922
1967.79	12.309
1967.88	12.735
1967.96	12.978
1968.04	13.467
1968.13	13.831
1968.21	14.269
1968.29	15.065
1968.38	15.534
1968.46	16.138
1968.54	15.387
1968.63	15.564
1968.71	15.284
1968.79	15.772
1968.88	16.299
1968.96	16.562
1969.04	16.867
1969.13	17.329
1969.21	17.839
1969.29	18.732
1969.38	19.323
1969.46	19.845
1969.54	19.092
1969.63	19.317
1969.71	18.881
1969.79	19.435
1969.88	19.984
1969.96	20.311
1970.04	20.599
1970.13	20.869
1970.21	21.293
1970.29	22.045
1970.38	22.593
1970.46	23.1
1970.54	22.055
1970.63	22.45
1970.71	21.77
1970.79	22.302
1970.88	22.915
1970.96	23.248
1971.04	23.912
1971.13	24.372
1971.21	24.939
1971.29	26.017
1971.38	26.602
1971.46	27.367
1971.54	26.159
1971.63	26.36
1971.71	25.91
1971.79	26.601
1971.88	27.365
1971.96	27.737
1972.04	28.231
1972.13	29.145
1972.21	29.965
1972.29	31.366
1972.38	32.272
1972.46	33.071
1972.54	31.878
1972.63	32.229
1972.71	31.536
1972.79	32.405
1972.88	33.27
1972.96	33.787
1973.04	34.647
1973.13	35.742
1973.21	36.729
1973.29	38.282
1973.38	39.474
1973.46	40.607
1973.54	38.85
1973.63	39.691
1973.71	38.482
1973.79	39.526
1973.88	40.702
1973.96	41.356
1974.04	42.418
1974.13	43.144
1974.21	44.151
1974.29	46.098
1974.38	47.172
1974.46	48.576
1974.54	46.399
1974.63	46.763
1974.71	45.952
1974.79	47.199
1974.88	48.571
1974.96	49.239
1975.04	49.735
1975.13	49.973
1975.21	50.818
1975.29	52.56
1975.38	53.578
1975.46	54.408
1975.54	52.366
1975.63	52.667
1975.71	51.53
1975.79	52.707
1975.88	53.912
1975.96	54.608
1976.04	55.756
1976.13	57.217
1976.21	58.51
1976.29	60.612
1976.38	62.149
1976.46	63.588
1976.54	60.924
1976.63	62.04
1976.71	60.256
1976.79	61.707
1976.88	63.37
1976.96	64.279
1977.04	66.104
1977.13	67.371
1977.21	68.91
1977.29	71.839
1977.38	73.433
1977.46	75.522
1977.54	72.253
1977.63	72.802
1977.71	71.573
1977.79	73.449
1977.88	75.518
1977.96	76.523
1978.04	77.502
1978.13	78.7
1978.21	80.342
1978.29	83.425
1978.38	85.314
1978.46	86.917
1978.54	91.65
1978.62	89.82
1978.71	86.75
1978.79	87.62
1978.87	89.33
1978.96	95.84
1979.04	91.61
1979.12	93.5
1979.21	93.34
1979.29	95.86
1979.37	96.81
1979.46	97.15
1979.54	94.26
1979.62	95.2
1979.71	95.58
1979.79	99.93
1979.87	100.19
1979.96	101.18
1980.04	103.39
1980.12	101.17
1980.21	103.02
1980.29	104.91
1980.37	105.99
1980.46	104.14
1980.54	103.05
1980.62	101.64
1980.71	101.53
1980.79	105.19
1980.87	105.83
1980.96	105.73
1981.04	105.08
1981.12	105.63
1981.21	106.05
1981.29	107.48
1981.37	108.64
1981.46	108.48
1981.54	105.58
1981.62	105.72
1981.71	107.57
1981.79	108.93
1981.87	110.2
1981.96	111.7
1982.04	109.56
1982.12	110.22
1982.21	112.81
1982.29	115.32
1982.37	113.94
1982.46	113.21
1982.54	112.45
1982.62	108.87
1982.71	109.45
1982.79	112.63
1982.87	113.99
1982.96	114.51
1983.04	112.67
1983.12	113.82
1983.21	115.4
1983.29	117.43
1983.37	118.95
1983.46	117.1
1983.54	115.35
1983.62	114.07
1983.71	113.09
1983.79	115.35
1983.87	117.76
1983.96	120.15
1984.04	117.85
1984.12	120.62
1984.21	120.82
1984.29	122.57
1984.37	122.7
1984.46	122.4
1984.54	119.92
1984.62	116.31
1984.71	117.29
1984.79	120.42
1984.87	121.87
1984.96	123.61
1985.04	123.47
1985.12	122.95
1985.21	124.64
1985.29	125.44
1985.37	125.24
1985.46	124.31
1985.54	122.09
1985.62	121.8
1985.71	123.71
1985.79	125.36
1985.87	127.76
1985.96	127.65
1986.04	126.27
1986.12	126.6
1986.21	128.71
1986.29	132
1986.37	132.33
1986.46	131.89
1986.54	125.26
1986.62	121.25
1986.71	124.1
1986.79	127.74
1986.87	131.54
1986.96	133.66
1987.04	130.69
1987.12	129.86
1987.21	128.88
1987.29	131.37
1987.37	133.54
1987.46	136.08
1987.54	133.16
1987.62	129.93
1987.71	131.18
1987.79	135.58
1987.87	137.13
1987.96	137.98
1988.04	137.91
1988.12	138.89
1988.21	139.32
1988.29	142.13
1988.37	143.3
1988.46	143.1
1988.54	141.55
1988.62	136.55
1988.71	136.92
1988.79	140.47
1988.87	141.47
1988.96	142.09
1989.04	139.4
1989.12	141.12
1989.21	140.92
1989.29	144.92
1989.37	145.25
1989.46	144.95
1989.54	144.36
1989.62	142.76
1989.71	143.32
1989.79	144.07
1989.87	146.49
1989.96	149.04
1990.04	146.88
1990.12	148.45
1990.21	149.07
1990.29	151.83
1990.37	155.66
1990.46	156.01
1990.54	149.08
1990.62	149.6
1990.71	150.45
1990.79	151.53
1990.87	154.6
1990.96	154.77
1991.04	150.67
1991.12	151.26
1991.21	151.85
1991.29	152.43
1991.37	153.02
1991.46	154.53
1991.54	151.91
1991.62	150.88
1991.71	151.49
1991.79	152.1
1991.88	152.71
1991.96	153.32
1992.04	151.75
1992.12	151.64
1992.21	151.25
1992.29	152.57
1992.37	152.6
1992.46	152.26
1992.54	150.2
1992.62	149.2
1992.71	147.7
1992.79	149
1992.87	147.74
1992.96	147.23
1993.04	146.26
1993.12	144.37
1993.21	145.61
1993.29	145.83
1993.37	145.86
1993.46	142.06
1993.54	138.05
1993.62	135.39
1993.71	133.83
1993.79	134.67
1993.87	130.52
1993.96	131.15
1994.04	130.43
1994.12	129.97
1994.21	129.64
1994.29	129.9
1994.37	130.05
1994.46	126.19
1994.54	124.46
1994.62	121.38
1994.71	119.44
1994.79	120.12
1994.87	119.65
1994.96	118.24
1995.04	117.18
1995.12	116.64
1995.21	116.62
1995.29	116.41
1995.37	115.24
1995.46	112.63
1995.54	109.77
1995.62	106.85
1995.71	106.13
1995.79	104.83
1995.87	104.26
1995.96	103.44
1996.04	102.41
1996.12	101.92
1996.21	100.81
1996.29	99.67
1996.37	98.83
1996.46	96.78
1996.54	93.55
1996.62	91.51
1996.71	89.93
1996.79	88.78
1996.87	88.15
1996.96	87.19
1997.04	86.28
1997.12	85.34
1997.21	84.71
1997.29	83.58
1997.37	82.5
1997.46	80.74
1997.54	78.25
1997.62	76.21
1997.71	75.12
1997.79	74.16
1997.87	73.34
1997.96	72.88
1998.04	72.25
1998.12	71.53
1998.21	70.57
1998.29	69.97
1998.37	68.74
1998.46	67.15
1998.54	64.91
1998.62	63.55
1998.71	62.66
1998.79	61.92
1998.87	61.4
1998.96	60.67
1999.04	60.14
1999.12	59.59
1999.21	59.07
1999.29	58.4
1999.37	57.27
1999.46	55.94
1999.54	54.15
1999.62	52.73
1999.71	52.11
1999.79	51.53
1999.87	50.91
1999.96	50.51
2000.04	49.97
2000.12	49.57
2000.21	49.19
2000.29	48.78
2000.37	48.02
2000.46	47.11
2000.54	45.43
2000.62	44.6
2000.71	43.72
2000.79	43.2
2000.87	42.88
2000.96	42.6
2001.04	42.39
2001.12	41.79
2001.21	41.44
2001.29	40.93
2001.37	40.29
2001.46	39.34
2001.54	38.27
2001.62	37.14
2001.71	36.53
2001.79	36.11
2001.87	35.7
2001.96	35.45
2002.04	35.14
2002.12	34.78
2002.21	34.56
2002.29	34.07
2002.37	33.5
2002.46	32.54
2002.54	31.61
2002.62	30.82
2002.71	30.46
2002.79	30.09
2002.87	29.66
2002.96	29.5
2003.04	29.22
2003.12	29.22
2003.21	28.96
2003.29	28.64
2003.37	28.24
2003.46	27.62
2003.54	26.85
2003.62	26.07
2003.71	25.69
2003.79	25.34
2003.87	25.06
2003.96	24.85
2004.04	24.62
2004.12	24.48
2004.21	24.3
2004.29	24.06
2004.37	23.62
2004.46	23.06
2004.54	22.49
2004.62	21.58
2004.71	21.23
2004.79	20.98
2004.87	20.7
2004.96	20.48
2005.04	20.31
2005.12	20.12
2005.21	20.02
2005.29	19.9
2005.37	19.53
2005.46	19.07
2005.54	18.53
2005.62	18.13
2005.71	17.82
2005.79	17.55
2005.87	17.3
2005.96	17.14
2006.04	17.05
2006.12	16.93
2006.21	16.79
2006.29	16.58
2006.37	16.37
2006.46	16
2006.54	15.46
2006.62	15.1
2006.71	14.86
2006.79	14.65
2006.87	14.47
2006.96	14.35
2007.04	14.25
2007.12	14.12
2007.21	14
2007.29	13.94
2007.37	13.72
2007.46	13.41
2007.54	13.02
2007.62	12.7
2007.71	12.45
2007.79	12.31
2007.87	12.09
2007.96	12.02
2008.04	11.91
2008.12	11.83
2008.21	11.71
2008.29	11.61
2008.37	11.41
2008.46	11.18
2008.54	10.86
2008.62	10.54
2008.71	10.45
