CH4 history for Greenland by Vas Petrenko
year    concentration (ppb)
1800.04	788.9243607
1800.13	790.5675227
1800.21	789.6688549
1800.29	787.2173317
1800.38	783.0435693
1800.46	776.4180092
1800.54	774.0159314
1800.63	776.8250826
1800.71	781.8175026
1800.79	785.551692
1800.88	789.0283774
1800.96	790.1963261
1801.04	789.8827812
1801.13	791.5279394
1801.21	790.6281798
1801.29	788.1736784
1801.38	783.9948455
1801.46	777.3612364
1801.54	774.9562405
1801.63	777.7688043
1801.71	782.7672893
1801.79	786.5060152
1801.88	789.9869242
1801.96	791.1562918
1802.04	790.8413035
1802.13	792.4884581
1802.21	791.5876067
1802.29	789.1301267
1802.38	784.9462228
1802.46	778.3045638
1802.54	775.8966494
1802.63	778.7126263
1802.71	783.7171769
1802.79	787.4604398
1802.88	790.9455729
1802.96	792.1163595
1803.04	791.7998258
1803.13	793.4489767
1803.21	792.5470335
1803.29	790.086575
1803.38	785.8976001
1803.46	779.2478912
1803.54	776.8370584
1803.63	779.6564483
1803.71	784.6670646
1803.79	788.4148644
1803.88	791.9042216
1803.96	793.0764272
1804.04	792.7583481
1804.13	794.4094954
1804.21	793.5064603
1804.29	791.0430233
1804.38	786.8489773
1804.46	780.1912186
1804.54	777.7774673
1804.63	780.6002703
1804.71	785.6169522
1804.79	789.3692889
1804.88	792.8628702
1804.96	794.0364949
1805.04	793.7168704
1805.13	795.3700141
1805.21	794.4658872
1805.29	791.9994716
1805.38	787.8003546
1805.46	781.134546
1805.54	778.7178763
1805.63	781.5440923
1805.71	786.5668399
1805.79	790.3237135
1805.88	793.8215189
1805.96	794.9965626
1806.04	794.6752908
1806.13	796.3304308
1806.21	795.4252121
1806.29	792.9558183
1806.38	788.7516309
1806.46	782.0777732
1806.54	779.6581853
1806.63	782.487814
1806.71	787.5166266
1806.79	791.2780367
1806.88	794.7800657
1806.96	795.9565283
1807.04	795.6338131
1807.13	797.2909495
1807.21	796.3846389
1807.29	793.9122666
1807.38	789.7030081
1807.46	783.0211006
1807.54	780.5985942
1807.63	783.431636
1807.71	788.4665143
1807.79	792.2324613
1807.88	795.7387144
1807.96	796.916596
1808.04	796.5923354
1808.13	798.2514682
1808.21	797.3440657
1808.29	794.8687149
1808.38	790.6543854
1808.46	783.964428
1808.54	781.5390032
1808.63	784.375458
1808.71	789.4164019
1808.79	793.1868859
1808.88	796.6973631
1808.96	797.8766637
1809.04	797.5508577
1809.13	799.2119869
1809.21	798.3034926
1809.29	795.8251632
1809.38	791.6057627
1809.46	784.9077554
1809.54	782.4794121
1809.63	785.31928
1809.71	790.3662896
1809.79	794.1413105
1809.88	797.6560117
1809.96	798.8367314
1810.04	798.50938
1810.13	800.1725055
1810.21	799.2629194
1810.29	796.7816115
1810.38	792.55714
1810.46	785.8510828
1810.54	783.4198211
1810.63	786.263102
1810.71	791.3161772
1810.79	795.0957351
1810.88	798.6146604
1810.96	799.7967991
1811.04	799.4678005
1811.13	801.1329222
1811.21	800.2222443
1811.29	797.7379582
1811.38	793.5084162
1811.46	786.79431
1811.54	784.3601301
1811.63	787.2068237
1811.71	792.2659639
1811.79	796.0500583
1811.88	799.5732072
1811.96	800.7567648
1812.04	800.4263228
1812.13	802.0934409
1812.21	801.1816712
1812.29	798.6944065
1812.38	794.4597935
1812.46	787.7376374
1812.54	785.3005391
1812.63	788.1506457
1812.71	793.2158516
1812.79	797.0044829
1812.88	800.5318559
1812.96	801.7168325
1813.04	801.384845
1813.13	803.0539596
1813.21	802.141098
1813.29	799.6508548
1813.38	795.4111708
1813.46	788.6809648
1813.54	786.240948
1813.63	789.0944677
1813.71	794.1657392
1813.79	797.9589075
1813.88	801.4905046
1813.96	802.6769002
1814.04	802.3433673
1814.13	804.0144783
1814.21	803.1005248
1814.29	800.6073031
1814.38	796.3625481
1814.46	789.6242922
1814.54	787.1813569
1814.63	790.0382896
1814.71	795.1156269
1814.79	798.913332
1814.88	802.4491533
1814.96	803.6369679
1815.04	803.3017878
1815.13	804.9748949
1815.21	804.0598497
1815.29	801.5636498
1815.38	797.3138243
1815.46	790.5675194
1815.54	788.121666
1815.63	790.9820114
1815.71	796.0654136
1815.79	799.8676552
1815.88	803.4077001
1815.96	804.5969336
1816.04	804.2603101
1816.13	805.9354136
1816.21	805.0192766
1816.29	802.5200981
1816.38	798.2652016
1816.46	791.5108468
1816.54	789.0620749
1816.63	791.9258334
1816.71	797.0153013
1816.79	800.8220798
1816.88	804.3663488
1816.96	805.5570013
1817.04	805.2188324
1817.13	806.8959323
1817.21	805.9787034
1817.29	803.4765464
1817.38	799.2165789
1817.46	792.4541742
1817.54	790.0024839
1817.63	792.8696554
1817.71	797.9651889
1817.79	801.7765044
1817.88	805.3249974
1817.96	806.517069
1818.04	806.1773547
1818.13	807.856451
1818.21	806.9381302
1818.29	804.4329946
1818.38	800.1679561
1818.46	793.3975016
1818.54	790.9428928
1818.63	793.8134773
1818.71	798.9150766
1818.79	802.730929
1818.88	806.2836461
1818.96	807.4771367
1819.04	807.135877
1819.13	808.8169697
1819.21	807.8975571
1819.29	805.3894429
1819.38	801.1193334
1819.46	794.340829
1819.54	791.8833018
1819.63	794.7572993
1819.71	799.8649642
1819.79	803.6853536
1819.88	807.2422948
1819.96	808.4372044
1820.04	808.0942974
1820.13	809.7773863
1820.21	808.856882
1820.29	806.3457896
1820.38	802.0706097
1820.46	795.2840562
1820.54	792.8236108
1820.63	795.7010211
1820.71	800.814751
1820.79	804.6396768
1820.88	808.2008416
1820.96	809.3971701
1821.04	809.0528197
1821.13	810.737905
1821.21	809.8163088
1821.29	807.3022379
1821.38	803.0219869
1821.46	796.2273836
1821.54	793.7640198
1821.63	796.644843
1821.71	801.7646386
1821.79	805.5941014
1821.88	809.1594903
1821.96	810.3572378
1822.04	810.011342
1822.13	811.6984237
1822.21	810.7757356
1822.29	808.2586862
1822.38	803.9733642
1822.46	797.170711
1822.54	794.7044287
1822.63	797.588665
1822.71	802.7145262
1822.79	806.548526
1822.88	810.1181389
1822.96	811.3173055
1823.04	810.9698643
1823.13	812.6589424
1823.21	811.7351625
1823.29	809.2151345
1823.38	804.9247415
1823.46	798.1140384
1823.54	795.6448376
1823.63	798.532487
1823.71	803.6644139
1823.79	807.5029506
1823.88	811.0767876
1823.96	812.2773732
1824.04	811.9283866
1824.13	813.6194611
1824.21	812.6945893
1824.29	810.1715828
1824.38	805.8761188
1824.46	799.0573659
1824.54	796.5852466
1824.63	799.476309
1824.71	804.6143015
1824.79	808.4573752
1824.88	812.0354363
1824.96	813.2374409
1825.04	812.8868071
1825.13	814.5798778
1825.21	813.6539142
1825.29	811.1279295
1825.38	806.827395
1825.46	800.0005931
1825.54	797.5255556
1825.63	800.4200307
1825.71	805.5640883
1825.79	809.4116984
1825.88	812.9939831
1825.96	814.1974066
1826.04	813.8453294
1826.13	815.5403964
1826.21	814.6133411
1826.29	812.0843778
1826.38	807.7787723
1826.46	800.9439205
1826.54	798.4659646
1826.63	801.3638527
1826.71	806.5139759
1826.79	810.3661229
1826.88	813.9526318
1826.96	815.1574743
1827.04	814.8038517
1827.13	816.5009151
1827.21	815.5727679
1827.29	813.0408261
1827.38	808.7301496
1827.46	801.8872479
1827.54	799.4063735
1827.63	802.3076747
1827.71	807.4638636
1827.79	811.3205475
1827.88	814.9112804
1827.96	816.117542
1828.04	814.8765503
1828.13	816.5737652
1828.21	815.6455351
1828.29	813.1133674
1828.38	808.8023063
1828.46	801.958794
1828.54	799.4776983
1828.63	802.3792584
1828.71	807.5359073
1828.79	811.3929354
1828.88	814.9839887
1828.96	816.1903578
1829.04	814.9493507
1829.13	816.6467173
1829.21	815.7184043
1829.29	813.1860104
1829.38	808.8745641
1829.46	802.0304404
1829.54	799.5491231
1829.63	802.4509424
1829.71	807.608052
1829.79	811.4654246
1829.88	815.0567987
1829.96	816.2632757
1830.04	815.0220494
1830.13	816.7195673
1830.21	815.7911715
1830.29	813.2585517
1830.38	808.9467208
1830.46	802.1019866
1830.54	799.6204479
1830.63	802.522526
1830.71	807.6800957
1830.79	811.5378124
1830.88	815.1295069
1830.96	816.3360915
1831.04	815.094748
1831.13	816.7924174
1831.21	815.8639387
1831.29	813.331093
1831.38	809.0188775
1831.46	802.1735328
1831.54	799.6917727
1831.63	802.5941097
1831.71	807.7521394
1831.79	811.6102003
1831.88	815.2022151
1831.96	816.4089074
1832.04	815.1674466
1832.13	816.8652674
1832.21	815.936706
1832.29	813.4036344
1832.38	809.0910343
1832.46	802.245079
1832.54	799.7630976
1832.63	802.6656934
1832.71	807.8241832
1832.79	811.6825881
1832.88	815.2749234
1832.96	816.4817232
1833.04	815.2402471
1833.13	816.9382195
1833.21	816.0095751
1833.29	813.4762773
1833.38	809.163292
1833.46	802.3167254
1833.54	799.8345223
1833.63	802.7373774
1833.71	807.8963278
1833.79	811.7550774
1833.88	815.3477334
1833.96	816.554641
1834.04	815.3129457
1834.13	817.0110695
1834.21	816.0823424
1834.29	813.5488186
1834.38	809.2354488
1834.46	802.3882715
1834.54	799.9058471
1834.63	802.8089611
1834.71	807.9683716
1834.79	811.8274652
1834.88	815.4204416
1834.96	816.6274569
1835.04	816.662045
1835.13	818.3629787
1835.21	817.4327147
1835.29	814.8949988
1835.38	810.5744916
1835.46	803.7159843
1835.54	801.2294522
1835.63	804.13737
1835.71	809.3053177
1835.79	813.170797
1835.88	816.7697187
1835.96	817.9787312
1836.04	818.0111442
1836.13	819.7148878
1836.21	818.7830871
1836.29	816.2411789
1836.38	811.9135344
1836.46	805.0436971
1836.54	802.5530574
1836.63	805.4657789
1836.71	810.6422639
1836.79	814.5141288
1836.88	818.1189959
1836.96	819.3300056
1837.04	819.3602435
1837.13	821.0667969
1837.21	820.1334595
1837.29	817.5873591
1837.38	813.2525772
1837.46	806.3714099
1837.54	803.8766625
1837.63	806.7941878
1837.71	811.9792101
1837.79	815.8574607
1837.88	819.468273
1837.96	820.68128
1838.04	820.7093427
1838.13	822.4187061
1838.21	821.4838319
1838.29	818.9335392
1838.38	814.59162
1838.46	807.6991227
1838.54	805.2002676
1838.63	808.1225967
1838.71	813.3161563
1838.79	817.2007925
1838.88	820.8175501
1838.96	822.0325544
1839.04	822.058442
1839.13	823.7706152
1839.21	822.8342042
1839.29	820.2797194
1839.38	815.9306628
1839.46	809.0268354
1839.54	806.5238727
1839.63	809.4510056
1839.71	814.6531024
1839.79	818.5441243
1839.88	822.1668272
1839.96	823.3838287
1840.04	823.4075412
1840.13	825.1225244
1840.21	824.1845766
1840.29	821.6258995
1840.38	817.2697056
1840.46	810.3545482
1840.54	807.8474778
1840.63	810.7794144
1840.71	815.9900486
1840.79	819.8874561
1840.88	823.5161044
1840.96	824.7351031
1841.04	824.7566405
1841.13	826.4744335
1841.21	825.534949
1841.29	822.9720797
1841.38	818.6087484
1841.46	811.682261
1841.54	809.1710829
1841.63	812.1078233
1841.71	817.3269948
1841.79	821.230788
1841.88	824.8653815
1841.96	826.0863775
1842.04	826.1057397
1842.13	827.8263426
1842.21	826.8853213
1842.29	824.3182598
1842.38	819.9477912
1842.46	813.0099738
1842.54	810.494688
1842.63	813.4362322
1842.71	818.663941
1842.79	822.5741198
1842.88	826.2146586
1842.96	827.4376519
1843.04	825.4540993
1843.13	827.173345
1843.21	826.233066
1843.29	823.6680294
1843.38	819.3010083
1843.46	812.3686635
1843.54	809.8553618
1843.63	812.7945857
1843.71	818.0181707
1843.79	821.9252652
1843.88	825.5629323
1843.96	826.7849608
1844.04	824.8024589
1844.13	826.5203474
1844.21	825.5808107
1844.29	823.017799
1844.38	818.6542254
1844.46	811.7273531
1844.54	809.2160355
1844.63	812.1529391
1844.71	817.3724005
1844.79	821.2764105
1844.88	824.911206
1844.96	826.1322698
1845.04	824.1508185
1845.13	825.8673498
1845.21	824.9285553
1845.29	822.3675686
1845.38	818.0074424
1845.46	811.0860428
1845.54	808.5767093
1845.63	811.5112926
1845.71	816.7266303
1845.79	820.6275559
1845.88	824.2594797
1845.96	825.4795788
1846.04	823.4991782
1846.13	825.2143522
1846.21	824.2763
1846.29	821.7173382
1846.38	817.3606595
1846.46	810.4447325
1846.54	807.937383
1846.63	810.869646
1846.71	816.0808601
1846.79	819.9787013
1846.88	823.6077534
1846.96	824.8268878
1847.04	822.8475378
1847.13	824.5613545
1847.21	823.6240447
1847.29	821.0671078
1847.38	816.7138765
1847.46	809.8034222
1847.54	807.2980568
1847.63	810.2279994
1847.71	815.4350898
1847.79	819.3298467
1847.88	822.9560271
1847.96	824.1741968
1848.04	827.2868379
1848.13	829.0099008
1848.21	828.0675341
1848.29	825.4968024
1848.38	821.1200853
1848.46	814.1723487
1848.54	811.6534668
1848.63	814.5992166
1848.71	819.8343995
1848.79	823.7501688
1848.88	827.3959126
1848.96	828.6206543
1849.04	831.7261381
1849.13	833.4584471
1849.21	832.5110236
1849.29	829.9264971
1849.38	825.5262941
1849.46	818.5412753
1849.54	816.0088768
1849.63	818.9704338
1849.71	824.2337092
1849.79	828.1704908
1849.88	831.835798
1849.96	833.0671119
1850.04	836.1654383
1850.13	837.9069934
1850.21	836.9545131
1850.29	834.3561918
1850.38	829.9325029
1850.46	822.9102019
1850.54	820.3642868
1850.63	823.341651
1850.71	828.6330189
1850.79	832.5908129
1850.88	836.2756835
1850.96	837.5135695
1851.04	840.6047385
1851.13	842.3555397
1851.21	841.3980025
1851.29	838.7858865
1851.38	834.3387117
1851.46	827.2791285
1851.54	824.7196969
1851.63	827.7128682
1851.71	833.0323286
1851.79	837.011135
1851.88	840.715569
1851.96	841.960027
1852.04	845.0440386
1852.13	846.804086
1852.21	845.841492
1852.29	843.2155811
1852.38	838.7449205
1852.46	831.648055
1852.54	829.0751069
1852.63	832.0840854
1852.71	837.4316382
1852.79	841.4314571
1852.88	845.1554545
1852.96	846.4064846
1853.04	842.6003872
1853.13	844.3553449
1853.21	843.3955345
1853.29	840.7772171
1853.38	836.3194845
1853.46	829.2431413
1853.54	826.6776335
1853.63	829.6779108
1853.71	835.0099999
1853.79	838.9982523
1853.88	842.7114808
1853.96	843.9588933
1854.04	840.1567357
1854.13	841.9066039
1854.21	840.949577
1854.29	838.338853
1854.38	833.8940484
1854.46	826.8382276
1854.54	824.2801601
1854.63	827.2717362
1854.71	832.5883615
1854.79	836.5650474
1854.88	840.2675072
1854.96	841.5113019
1855.04	837.7130842
1855.13	839.4578628
1855.21	838.5036195
1855.29	835.900489
1855.38	831.4686124
1855.46	824.4333139
1855.54	821.8826867
1855.63	824.8655616
1855.71	830.1667232
1855.79	834.1318426
1855.88	837.8235335
1855.96	839.0637106
1856.04	835.2694328
1856.13	837.0091217
1856.21	836.057662
1856.29	833.462125
1856.38	829.0431764
1856.46	822.0284002
1856.54	819.4852133
1856.63	822.459387
1856.71	827.7450848
1856.79	831.6986378
1856.88	835.3795598
1856.96	836.6161193
1857.04	837.305809
1857.13	839.0497393
1857.21	838.0959599
1857.29	835.494095
1857.38	831.0643731
1857.46	824.032495
1857.54	821.4831078
1857.63	824.4645325
1857.71	829.7631168
1857.79	833.7263085
1857.88	837.4162046
1857.96	838.6557787
1858.04	839.3421852
1858.13	841.0903568
1858.21	840.1342578
1858.29	837.526065
1858.38	833.0855698
1858.46	826.0365897
1858.54	823.4810023
1858.63	826.469678
1858.71	831.7811487
1858.79	835.7539792
1858.88	839.4528493
1858.96	840.6954382
1859.04	841.3785614
1859.13	843.1309744
1859.21	842.1725558
1859.29	839.5580351
1859.38	835.1067664
1859.46	828.0406845
1859.54	825.4788968
1859.63	828.4748235
1859.71	833.7991807
1859.79	837.7816498
1859.88	841.489494
1859.96	842.7350976
1860.04	843.4149377
1860.13	845.171592
1860.21	844.2108537
1860.29	841.5900051
1860.38	837.1279631
1860.46	830.0447792
1860.54	827.4767913
1860.63	830.479969
1860.71	835.8172127
1860.79	839.8093205
1860.88	843.5261387
1860.96	844.774757
1861.04	845.4513139
1861.13	847.2122095
1861.21	846.2491516
1861.29	843.6219751
1861.38	839.1491598
1861.46	832.048874
1861.54	829.4746858
1861.63	832.4851145
1861.71	837.8352446
1861.79	841.8369912
1861.88	845.5627834
1861.96	846.8144165
1862.04	847.4876901
1862.13	849.2528271
1862.21	848.2874495
1862.29	845.6539452
1862.38	841.1703565
1862.46	834.0529688
1862.54	831.4725803
1862.63	834.49026
1862.71	839.8532766
1862.79	843.8646619
1862.88	847.5994282
1862.96	848.8540759
1863.04	849.5240663
1863.13	851.2934447
1863.21	850.3257474
1863.29	847.6859152
1863.38	843.1915532
1863.46	836.0570635
1863.54	833.4704748
1863.63	836.4954055
1863.71	841.8713086
1863.79	845.8923326
1863.88	849.6360729
1863.96	850.8937353
1864.04	852.3240837
1864.13	854.0992938
1864.21	853.1284071
1864.29	850.479874
1864.38	845.9706987
1864.46	838.8126938
1864.54	836.2175797
1864.63	839.2524805
1864.71	844.6461025
1864.79	848.6803797
1864.88	852.4364594
1864.96	853.6982671
1865.04	855.124101
1865.13	856.905143
1865.21	855.9310667
1865.29	853.2738328
1865.38	848.7498441
1865.46	841.5683241
1865.54	838.9646847
1865.63	842.0095556
1865.71	847.4208965
1865.79	851.4684269
1865.88	855.2368458
1865.96	856.5027988
1866.04	857.9241183
1866.13	859.7109921
1866.21	858.7337264
1866.29	856.0677916
1866.38	851.5289896
1866.46	844.3239544
1866.54	841.7117896
1866.63	844.7666307
1866.71	850.1956904
1866.79	854.2564741
1866.88	858.0372323
1866.96	859.3073305
1867.04	860.7241356
1867.13	862.5168413
1867.21	861.536386
1867.29	858.8617504
1867.38	854.308135
1867.46	847.0795847
1867.54	844.4588945
1867.63	847.5237057
1867.71	852.9704844
1867.79	857.0445213
1867.88	860.8376188
1867.96	862.1118622
1868.04	863.5241529
1868.13	865.3226904
1868.21	864.3390457
1868.29	861.6557092
1868.38	857.0872805
1868.46	849.835215
1868.54	847.2059995
1868.63	850.2807808
1868.71	855.7452783
1868.79	859.8325684
1868.88	863.6380053
1868.96	864.9163939
1869.04	866.3241702
1869.13	868.1285396
1869.21	867.1417053
1869.29	864.449668
1869.38	859.866426
1869.46	852.5908453
1869.54	849.9531044
1869.63	853.0378559
1869.71	858.5200723
1869.79	862.6206156
1869.88	866.4383918
1869.96	867.7209257
1870.04	869.1241875
1870.13	870.9343888
1870.21	869.9443649
1870.29	867.2436268
1870.38	862.6455714
1870.46	855.3464756
1870.54	852.7002094
1870.63	855.7949309
1870.71	861.2948662
1870.79	865.4086628
1870.88	869.2387783
1870.96	870.5254574
1871.04	871.9242049
1871.13	873.7402379
1871.21	872.7470246
1871.29	870.0375856
1871.38	865.4247169
1871.46	858.1021059
1871.54	855.4473143
1871.63	858.552006
1871.71	864.0696602
1871.79	868.19671
1871.88	872.0391648
1871.96	873.3299891
1872.04	873.2478494
1872.13	875.0666393
1872.21	874.0719182
1872.29	871.3583661
1872.38	866.7384947
1872.46	859.4047675
1872.54	856.7459457
1872.63	859.8553506
1872.71	865.3813809
1872.79	869.5146959
1872.88	873.3629838
1872.96	874.6557677
1873.04	874.571494
1873.13	876.3930408
1873.21	875.3968119
1873.29	872.6791466
1873.38	868.0522726
1873.46	860.7074291
1873.54	858.0445772
1873.63	861.1586951
1873.71	866.6931017
1873.79	870.8326819
1873.88	874.6868029
1873.96	875.9815464
1874.04	875.8951385
1874.13	877.7194422
1874.21	876.7217055
1874.29	873.9999272
1874.38	869.3660504
1874.46	862.0100907
1874.54	859.3432086
1874.63	862.4620397
1874.71	868.0048225
1874.79	872.1506678
1874.88	876.010622
1874.96	877.307325
1875.04	877.2187831
1875.13	879.0458436
1875.21	878.0465992
1875.29	875.3207077
1875.38	870.6798283
1875.46	863.3127522
1875.54	860.64184
1875.63	863.7653843
1875.71	869.3165433
1875.79	873.4686537
1875.88	877.334441
1875.96	878.6331036
1876.04	878.5424276
1876.13	880.372245
1876.21	879.3714928
1876.29	876.6414882
1876.38	871.9936061
1876.46	864.6154138
1876.54	861.9404714
1876.63	865.0687289
1876.71	870.628264
1876.79	874.7866397
1876.88	878.6582601
1876.96	879.9588823
1877.04	879.8660722
1877.13	881.6986464
1877.21	880.6963865
1877.29	877.9622687
1877.38	873.307384
1877.46	865.9180754
1877.54	863.2391029
1877.63	866.3720734
1877.71	871.9399848
1877.79	876.1046256
1877.88	879.9820791
1877.96	881.2846609
1878.04	881.1897167
1878.13	883.0250478
1878.21	882.0212801
1878.29	879.2830493
1878.38	874.6211618
1878.46	867.220737
1878.54	864.5377343
1878.63	867.675418
1878.71	873.2517056
1878.79	877.4226116
1878.88	881.3058982
1878.96	882.6104395
1879.04	882.5133613
1879.13	884.3514493
1879.21	883.3461738
1879.29	880.6038298
1879.38	875.9349397
1879.46	868.5233986
1879.54	865.8363657
1879.63	868.9787626
1879.71	874.5634264
1879.79	878.7405975
1879.88	882.6297173
1879.96	883.9362182
1880.04	883.7759145
1880.13	885.6166322
1880.21	884.6099185
1880.29	881.8636512
1880.38	877.1880816
1880.46	869.7659374
1880.54	867.0750603
1880.63	870.2219528
1880.71	875.8146062
1880.79	879.9977533
1880.88	883.892437
1880.96	885.200807
1881.04	885.0384678
1881.13	886.8818151
1881.21	885.8736632
1881.29	883.1234726
1881.38	878.4412236
1881.46	871.0084761
1881.54	868.3137549
1881.63	871.465143
1881.71	877.065786
1881.79	881.2549091
1881.88	885.1551567
1881.96	886.4653959
1882.04	886.301021
1882.13	888.1469979
1882.21	887.1374079
1882.29	884.383294
1882.38	879.6943655
1882.46	872.2510149
1882.54	869.5524495
1882.63	872.7083332
1882.71	878.3169658
1882.79	882.512065
1882.88	886.4178765
1882.96	887.7299847
1883.04	887.5635743
1883.13	889.4121808
1883.21	888.4011526
1883.29	885.6431155
1883.38	880.9475075
1883.46	873.4935536
1883.54	870.7911441
1883.63	873.9515234
1883.71	879.5681456
1883.79	883.7692208
1883.88	887.6805962
1883.96	888.9945736
1884.04	888.8261276
1884.13	890.6773637
1884.21	889.6648973
1884.29	886.9029369
1884.38	882.2006494
1884.46	874.7360924
1884.54	872.0298387
1884.63	875.1947136
1884.71	880.8193255
1884.79	885.0263766
1884.88	888.9433159
1884.96	890.2591624
1885.04	890.1243174
1885.13	891.9782574
1885.21	890.9643122
1885.29	888.1983178
1885.38	883.4891623
1885.46	876.0137028
1885.54	873.3034964
1885.63	876.4729939
1885.71	882.1058208
1885.79	886.3190167
1885.88	890.2416769
1885.96	891.5594453
1886.04	898.3539945
1886.13	900.2250752
1886.21	899.2017556
1886.29	896.410188
1886.38	891.6574939
1886.46	884.1129197
1886.54	881.377656
1886.63	884.5764572
1886.71	890.2613626
1886.79	894.5135117
1886.88	898.4724391
1886.96	899.8023909
1887.04	899.7604771
1887.13	901.6344872
1887.21	900.6095654
1887.29	897.8136273
1887.38	893.0534922
1887.46	885.4971061
1887.54	882.7575601
1887.63	885.9613693
1887.71	891.6551752
1887.79	895.9139815
1887.88	899.8791071
1887.96	901.2111411
1888.04	901.1669596
1888.13	903.0438991
1888.21	902.0173752
1888.29	899.2170666
1888.38	894.4494906
1888.46	886.8812925
1888.54	884.1374641
1888.63	887.3462815
1888.71	893.0489878
1888.79	897.3144513
1888.88	901.2857751
1888.96	902.6198913
1889.04	901.1924008
1889.13	903.0693933
1889.21	902.0428404
1889.29	899.2424527
1889.38	894.4747421
1889.46	886.9063304
1889.54	884.1624244
1889.63	887.3713324
1889.71	893.0741997
1889.79	897.3397837
1889.88	901.3112195
1889.96	902.6453735
1890.04	901.8983998
1890.13	903.7768628
1890.21	902.7495057
1890.29	899.9469241
1890.38	895.1754785
1890.46	887.6011377
1890.54	884.8550822
1890.63	888.066504
1890.71	893.773839
1890.79	898.0427646
1890.88	902.0173117
1890.96	903.3525108
1891.04	902.6043989
1891.13	904.4843323
1891.21	903.456171
1891.29	900.6513956
1891.38	895.876215
1891.46	888.295945
1891.54	885.5477399
1891.63	888.7616756
1891.71	894.4734782
1891.79	898.7457456
1891.88	902.7234039
1891.96	904.0596482
1892.04	903.310398
1892.13	905.1918018
1892.21	904.1628363
1892.29	901.3558671
1892.38	896.5769514
1892.46	888.9907523
1892.54	886.2403976
1892.63	889.4568472
1892.71	895.1731174
1892.79	899.4487265
1892.88	903.4294961
1892.96	904.7667855
1893.04	904.0163971
1893.13	905.8992714
1893.21	904.8695017
1893.29	902.0603386
1893.38	897.2776878
1893.46	889.6855596
1893.54	886.9330553
1893.63	890.1520188
1893.71	895.8727567
1893.79	900.1517074
1893.88	904.1355882
1893.96	905.4739229
1894.04	937.0409403
1894.13	938.9925977
1894.21	937.9252096
1894.29	935.0134252
1894.38	930.0560599
1894.46	922.1865842
1894.54	919.3335285
1894.63	922.6700836
1894.71	928.5998053
1894.79	933.03507
1894.88	937.1644856
1894.96	938.5517109
1895.04	924.0898518
1895.13	926.0145348
1895.21	924.9618993
1895.29	922.0903595
1895.38	917.2015112
1895.46	909.4408016
1895.54	906.6271787
1895.63	909.9176184
1895.71	915.7653839
1895.79	920.1393476
1895.88	924.2116895
1895.96	925.5797415
1896.04	925.9469571
1896.13	927.8755081
1896.21	926.8207572
1896.29	923.9434466
1896.38	919.0447733
1896.46	911.2684674
1896.54	908.44919
1896.63	911.7462425
1896.71	917.6057599
1896.79	921.9885138
1896.88	926.0690397
1896.96	927.4398411
1897.04	927.8037379
1897.13	929.7361561
1897.21	928.6792901
1897.29	925.7962097
1897.38	920.8877133
1897.46	913.0958137
1897.54	910.2708829
1897.63	913.5745468
1897.71	919.4458142
1897.79	923.8373568
1897.88	927.9260653
1897.96	929.2996155
1898.04	929.6606258
1898.13	931.5969116
1898.21	930.5379304
1898.29	927.6490798
1898.38	922.7307596
1898.46	914.9232655
1898.54	912.0926809
1898.63	915.4029567
1898.71	921.2859748
1898.79	925.6863065
1898.88	929.783198
1898.96	931.1594972
1899.04	931.5177312
1899.13	933.4578849
1899.21	932.3967883
1899.29	929.5021669
1899.38	924.5740218
1899.46	916.7509313
1899.54	913.9146923
1899.63	917.2315808
1899.71	923.1263508
1899.79	927.5354727
1899.88	931.6405483
1899.96	933.0195968
1900.04	933.3745119
1900.13	935.3185329
1900.21	934.2553212
1900.29	931.35493
1900.38	926.4169617
1900.46	918.5782775
1900.54	915.7363851
1900.63	919.0598851
1900.71	924.9664051
1900.79	929.3843157
1900.88	933.4975738
1900.96	934.8793712
1901.04	944.6196542
1901.13	946.5870964
1901.21	945.5110753
1901.29	942.5757407
1901.38	937.5782806
1901.46	929.6451572
1901.54	926.7690261
1901.63	930.1325671
1901.71	936.1102479
1901.79	940.5813847
1901.88	944.7441987
1901.96	946.1426437
1902.04	945.3057896
1902.13	947.274661
1902.21	946.1978583
1902.29	943.2603915
1902.38	938.2593014
1902.46	930.3204158
1902.54	927.4421956
1902.63	930.8081797
1902.71	936.7902025
1902.79	941.2645869
1902.88	945.4304246
1902.96	946.8298854
1903.04	948.9154306
1903.13	950.89182
1903.21	949.8109056
1903.29	946.8622222
1903.38	941.8420354
1903.46	933.8728352
1903.54	930.9836246
1903.63	934.3624617
1903.71	940.3673267
1903.79	944.8587966
1903.88	949.0405415
1903.96	950.4453461
1904.04	952.525289
1904.13	954.509197
1904.21	953.4241706
1904.29	950.4642698
1904.38	945.4249853
1904.46	937.4254687
1904.54	934.525267
1904.63	937.9169578
1904.71	943.9446665
1904.79	948.4532228
1904.88	952.6508759
1904.96	954.0610246
1905.04	956.1348228
1905.13	958.1262487
1905.21	957.0371106
1905.29	954.0659935
1905.38	949.007613
1905.46	940.9777827
1905.54	938.0665908
1905.63	941.4711342
1905.71	947.5216846
1905.79	952.0473257
1905.88	956.2608856
1905.96	957.676378
1906.04	959.7444638
1906.13	961.7434078
1906.21	960.6501579
1906.29	957.6678241
1906.38	952.590347
1906.46	944.5302021
1906.54	941.6080198
1906.63	945.0254162
1906.71	951.0988089
1906.79	955.6415354
1906.88	959.8710024
1906.96	961.2918387
1907.04	963.3541047
1907.13	965.3605669
1907.21	964.2632053
1907.29	961.2696547
1907.38	956.173081
1907.46	948.0826216
1907.54	945.1494488
1907.63	948.5796982
1907.71	954.6759331
1907.79	959.2357451
1907.88	963.4811193
1907.96	964.9072994
1908.04	970.2762877
1908.13	972.2971673
1908.21	971.1919206
1908.29	968.1768599
1908.38	963.0436647
1908.46	954.8950713
1908.54	951.9408222
1908.63	955.3957196
1908.71	961.5357591
1908.79	966.1283356
1908.88	970.404215
1908.96	971.8406429
1909.04	975.5658787
1909.13	977.5977754
1909.21	976.4865033
1909.29	973.4550056
1909.38	968.2938261
1909.46	960.1008095
1909.54	957.1304549
1909.63	960.6041872
1909.71	966.7776999
1909.79	971.3953134
1909.88	975.6945034
1909.96	977.1387621
1910.04	980.8555769
1910.13	982.8984908
1910.21	981.7811932
1910.29	978.7332582
1910.38	973.5440938
1910.46	965.3066532
1910.54	962.3201928
1910.63	965.8127603
1910.71	972.0197469
1910.79	976.662398
1910.88	980.9848989
1910.96	982.4369888
1911.04	986.1454925
1911.13	988.1994243
1911.21	987.0761009
1911.29	984.0117278
1911.38	978.7945774
1911.46	970.512711
1911.54	967.5101441
1911.63	971.0215476
1911.71	977.2620095
1911.79	981.9296991
1911.88	986.275512
1911.96	987.7354332
1912.04	991.4350835
1912.13	993.5000323
1912.21	992.3706835
1912.29	989.2898735
1912.38	984.0447388
1912.46	975.7184492
1912.54	972.6997768
1912.63	976.2300152
1912.71	982.5039503
1912.79	987.196677
1912.88	991.5658004
1912.96	993.0335525
1913.04	996.7249991
1913.13	998.8009657
1913.21	997.6655912
1913.29	994.5683431
1913.38	989.2952224
1913.46	980.9245069
1913.54	977.8897281
1913.63	981.4388024
1913.71	987.7462129
1913.79	992.4639781
1913.88	996.8564135
1913.96	998.3319969
1914.04	1002.01459
1914.13	1004.101574
1914.21	1002.960174
1914.29	999.8464888
1914.38	994.5453838
1914.46	986.1302451
1914.54	983.0793608
1914.63	986.64727
1914.71	992.9881537
1914.79	997.730956
1914.88	1002.146702
1914.96	1003.630116
1915.04	1002.892568
1915.13	1004.98138
1915.21	1003.83898
1915.29	1000.722567
1915.38	995.4168168
1915.46	986.9943047
1915.54	983.9407472
1915.63	987.5117826
1915.71	993.8582223
1915.79	998.6051803
1915.88	1003.024795
1915.96	1004.509509
1916.04	1005.944362
1916.13	1008.039531
1916.21	1006.893654
1916.29	1003.767758
1916.38	998.4458626
1916.46	989.9977209
1916.54	986.9348714
1916.63	990.5167735
1916.71	996.8825253
1916.79	1001.643928
1916.88	1006.076992
1916.96	1007.566224
1917.04	1008.996481
1917.13	1011.098007
1917.21	1009.948654
1917.29	1006.813273
1917.38	1001.475231
1917.46	993.0014567
1917.54	989.9293142
1917.63	993.5220841
1917.71	999.9071501
1917.79	1004.683
1917.88	1009.129514
1917.96	1010.623264
1918.04	1020.566583
1918.13	1022.692206
1918.21	1021.529674
1918.29	1018.35834
1918.38	1012.959087
1918.46	1004.388144
1918.54	1001.280774
1918.63	1004.914742
1918.71	1011.373025
1918.79	1016.203639
1918.88	1020.701141
1918.96	1022.21202
1919.04	1027.939306
1919.13	1030.080286
1919.21	1028.909355
1919.29	1025.71511
1919.38	1020.276852
1919.46	1011.643992
1919.54	1008.514173
1919.63	1012.174394
1919.71	1018.679332
1919.79	1023.544843
1919.88	1028.074836
1919.96	1029.59663
1920.04	1035.311705
1920.13	1037.468039
1920.21	1036.28871
1920.29	1033.071557
1920.38	1027.594295
1920.46	1018.89952
1920.54	1015.747255
1920.63	1019.433726
1920.71	1025.985318
1920.79	1030.885725
1920.88	1035.448207
1920.96	1036.980915
1921.04	1042.684211
1921.13	1044.8559
1921.21	1043.668174
1921.29	1040.428111
1921.38	1034.911845
1921.46	1026.155154
1921.54	1022.980441
1921.63	1026.693164
1921.71	1033.29141
1921.79	1038.226713
1921.88	1042.821684
1921.96	1044.365307
1922.04	1050.056934
1922.13	1052.24398
1922.21	1051.047854
1922.29	1047.784881
1922.38	1042.229611
1922.46	1033.411002
1922.54	1030.213841
1922.63	1033.952816
1922.71	1040.597718
1922.79	1045.567918
1922.88	1050.19538
1922.96	1051.749918
1923.04	1057.429332
1923.13	1059.631733
1923.21	1058.42721
1923.29	1055.141328
1923.38	1049.547054
1923.46	1040.66653
1923.54	1037.446922
1923.63	1041.212148
1923.71	1047.903704
1923.79	1052.908799
1923.88	1057.56875
1923.96	1059.134202
1924.04	1064.801838
1924.13	1067.019594
1924.21	1065.806673
1924.29	1062.497881
1924.38	1056.864604
1924.46	1047.922164
1924.54	1044.680108
1924.63	1048.471586
1924.71	1055.209796
1924.79	1060.249787
1924.88	1064.942228
1924.96	1066.518595
1925.04	1072.174561
1925.13	1074.407673
1925.21	1073.186354
1925.29	1069.854652
1925.38	1064.182369
1925.46	1055.178012
1925.54	1051.913508
1925.63	1055.731238
1925.71	1062.516104
1925.79	1067.590992
1925.88	1072.315924
1925.96	1073.903205
1926.04	1079.54696
1926.13	1081.795427
1926.21	1080.56571
1926.29	1077.211099
1926.38	1071.499813
1926.46	1062.43354
1926.54	1059.146589
1926.63	1062.990571
1926.71	1069.82209
1926.79	1074.931873
1926.88	1079.689294
1926.96	1081.28749
1927.04	1079.941836
1927.13	1082.191125
1927.21	1080.960958
1927.29	1077.60512
1927.38	1071.891745
1927.46	1062.822156
1927.54	1059.534003
1927.63	1063.37939
1927.71	1070.213408
1927.79	1075.325061
1927.88	1080.084222
1927.96	1081.683002
1928.04	1083.77519
1928.13	1086.032464
1928.21	1084.79793
1928.29	1081.43018
1928.38	1075.696525
1928.46	1066.594743
1928.54	1063.294918
1928.63	1067.153955
1928.71	1074.012231
1928.79	1079.142028
1928.88	1083.918082
1928.96	1085.522537
1929.04	1086.865392
1929.13	1089.129102
1929.21	1087.891048
1929.29	1084.513695
1929.38	1078.763692
1929.46	1069.635957
1929.54	1066.326723
1929.63	1070.196764
1929.71	1077.074595
1929.79	1082.219019
1929.88	1087.008691
1929.96	1088.617721
1930.04	1090.322026
1930.13	1092.592936
1930.21	1091.350944
1930.29	1087.962851
1930.38	1082.19456
1930.46	1073.037796
1930.54	1069.718037
1930.63	1073.600386
1930.71	1080.500091
1930.79	1085.660876
1930.88	1090.465781
1930.96	1092.079929
1931.04	1093.778336
1931.13	1096.056444
1931.21	1094.810516
1931.29	1091.411682
1931.38	1085.625106
1931.46	1076.439315
1931.54	1073.109033
1931.63	1077.003689
1931.71	1083.925266
1931.79	1089.10241
1931.88	1093.922547
1931.96	1095.541811
1932.04	1102.599501
1932.13	1104.895982
1932.21	1103.640005
1932.29	1100.21376
1932.38	1094.380516
1932.46	1085.120643
1932.54	1081.763503
1932.63	1085.689568
1932.71	1092.666967
1932.79	1097.885865
1932.88	1102.744875
1932.96	1104.377198
1933.04	1108.776993
1933.13	1111.08634
1933.21	1109.823327
1933.29	1106.377886
1933.38	1100.51196
1933.46	1091.200207
1933.54	1087.824258
1933.63	1091.77232
1933.71	1098.78881
1933.79	1104.036948
1933.88	1108.923181
1933.96	1110.56465
1934.04	1114.954485
1934.13	1117.276699
1934.21	1116.006648
1934.29	1112.542011
1934.38	1106.643404
1934.46	1097.279771
1934.54	1093.885013
1934.63	1097.855071
1934.71	1104.910654
1934.79	1110.188031
1934.88	1115.101488
1934.96	1116.752102
1935.04	1132.876267
1935.13	1135.235807
1935.21	1133.945342
1935.29	1130.425014
1935.38	1124.431593
1935.46	1114.917449
1935.54	1111.468123
1935.63	1115.501996
1935.71	1122.67099
1935.79	1128.033196
1935.88	1133.025632
1935.96	1134.702778
1936.04	1145.010626
1936.13	1147.39544
1936.21	1146.091153
1936.29	1142.533118
1936.38	1136.4755
1936.46	1126.859449
1936.54	1123.373178
1936.63	1127.450258
1936.71	1134.69604
1936.79	1140.115681
1936.88	1145.161591
1936.96	1146.856701
1937.04	1141.70342
1937.13	1144.081346
1937.21	1142.780825
1937.29	1139.233068
1937.38	1133.192946
1937.46	1123.60467
1937.54	1120.128468
1937.63	1124.193773
1937.71	1131.418626
1937.79	1136.822613
1937.88	1141.853949
1937.96	1143.544163
1938.04	1146.005602
1938.13	1148.392488
1938.21	1147.087067
1938.29	1143.525941
1938.38	1137.463059
1938.46	1127.838652
1938.54	1124.349351
1938.63	1128.429974
1938.71	1135.682053
1938.79	1141.106403
1938.88	1146.156698
1938.96	1147.853281
1939.04	1149.329093
1939.13	1151.722901
1939.21	1150.413695
1939.29	1146.842241
1939.38	1140.761776
1939.46	1131.109458
1939.54	1127.610038
1939.63	1131.702495
1939.71	1138.975605
1939.79	1144.415686
1939.88	1149.480627
1939.96	1151.182131
1940.04	1153.134869
1940.13	1155.536604
1940.21	1154.223062
1940.29	1150.639782
1940.38	1144.539184
1940.46	1134.854904
1940.54	1131.343896
1940.63	1135.449904
1940.71	1142.747098
1940.79	1148.205193
1940.88	1153.286906
1940.96	1154.994043
1941.04	1147.371225
1941.13	1149.760955
1941.21	1148.453979
1941.29	1144.888609
1941.38	1138.818502
1941.46	1129.182627
1941.54	1125.689168
1941.63	1129.774654
1941.71	1137.035374
1941.79	1142.466188
1941.88	1147.522501
1941.96	1149.221106
1942.04	1170.464296
1942.13	1172.902125
1942.21	1171.568843
1942.29	1167.931713
1942.38	1161.739434
1942.46	1151.909618
1942.54	1148.345846
1942.63	1152.51356
1942.71	1159.920416
1942.79	1165.460536
1942.88	1170.618617
1942.96	1172.35141
1943.04	1174.157705
1943.13	1176.603226
1943.21	1175.265737
1943.29	1171.61713
1943.38	1165.405311
1943.46	1155.544477
1943.54	1151.969459
1943.63	1156.150325
1943.71	1163.580553
1943.79	1169.138155
1943.88	1174.312513
1943.96	1176.050773
1944.04	1181.548632
1944.13	1184.009547
1944.21	1182.663639
1944.29	1178.992066
1944.38	1172.741145
1944.46	1162.81824
1944.54	1159.22072
1944.63	1163.427902
1944.71	1170.904902
1944.79	1176.497486
1944.88	1181.704415
1944.96	1183.453617
1945.04	1173.606738
1945.13	1176.051112
1945.21	1174.714251
1945.29	1171.067356
1945.38	1164.858452
1945.46	1155.002244
1945.54	1151.428905
1945.63	1155.607808
1945.71	1163.03455
1945.79	1168.589544
1945.88	1173.761474
1945.96	1175.498919
1946.04	1173.220645
1946.13	1175.664215
1946.21	1174.327793
1946.29	1170.682098
1946.38	1164.475236
1946.46	1154.622272
1946.54	1151.050108
1946.63	1155.227636
1946.71	1162.651935
1946.79	1168.205101
1946.88	1173.37533
1946.96	1175.112203
1947.04	1185.285673
1947.13	1187.754372
1947.21	1186.404207
1947.29	1182.721021
1947.38	1176.45033
1947.46	1166.49604
1947.54	1162.887141
1947.63	1167.10763
1947.71	1174.608278
1947.79	1180.218551
1947.88	1185.441949
1947.96	1187.196683
1948.04	1191.214963
1948.13	1193.69601
1948.21	1192.339091
1948.29	1188.63748
1948.38	1182.335421
1948.46	1172.331336
1948.54	1168.704384
1948.63	1172.945985
1948.71	1180.484155
1948.79	1186.122493
1948.88	1191.37202
1948.96	1193.135532
1949.04	1197.144252
1949.13	1199.637649
1949.21	1198.273976
1949.29	1194.55394
1949.38	1188.220512
1949.46	1178.166632
1949.54	1174.521626
1949.63	1178.78434
1949.71	1186.360031
1949.79	1192.026434
1949.88	1197.302091
1949.96	1199.074381
1950.04	1203.073541
1950.13	1205.579288
1950.21	1204.208861
1950.29	1200.4704
1950.38	1194.105603
1950.46	1184.001927
1950.54	1180.338869
1950.63	1184.622696
1950.71	1192.235907
1950.79	1197.930375
1950.88	1203.232162
1950.96	1205.01323
1951.04	1214.552442
1951.13	1217.082097
1951.21	1215.698594
1951.29	1211.924463
1951.38	1205.498938
1951.46	1195.29886
1951.54	1191.600851
1951.63	1195.925551
1951.71	1203.611403
1951.79	1209.360204
1951.88	1214.712576
1951.96	1216.510638
1952.04	1223.296354
1952.13	1225.844221
1952.21	1224.450757
1952.29	1220.649456
1952.38	1214.177671
1952.46	1203.90416
1952.54	1200.179528
1952.63	1204.535363
1952.71	1212.276548
1952.79	1218.066735
1952.88	1223.457641
1952.96	1225.268648
1953.04	1232.040591
1953.13	1234.60667
1953.21	1233.203246
1953.29	1229.374772
1953.38	1222.856727
1953.46	1212.50978
1953.54	1208.758523
1953.63	1213.145494
1953.71	1220.942014
1953.79	1226.77359
1953.88	1232.203031
1953.96	1234.026983
1954.04	1240.78472
1954.13	1243.369012
1954.21	1241.955627
1954.29	1238.099982
1954.38	1231.535676
1954.46	1221.115294
1954.54	1217.337414
1954.63	1221.75552
1954.71	1229.607374
1954.79	1235.480339
1954.88	1240.948313
1954.96	1242.78521
1955.04	1249.528632
1955.13	1252.131135
1955.21	1250.707791
1955.29	1246.824975
1955.38	1240.21441
1955.46	1229.720594
1955.54	1225.916091
1955.63	1230.365332
1955.71	1238.272518
1955.79	1244.18687
1955.88	1249.693378
1955.96	1251.54322
1956.04	1307.076916
1956.13	1309.79928
1956.21	1308.310382
1956.29	1304.248738
1956.38	1297.333717
1956.46	1286.356598
1956.54	1282.376875
1956.63	1287.031031
1956.71	1295.30239
1956.79	1301.489134
1956.88	1307.249249
1956.96	1309.184287
1957.04	1295.519043
1957.13	1298.217334
1957.21	1296.741601
1957.29	1292.715873
1957.38	1285.861998
1957.46	1274.981945
1957.54	1271.037413
1957.63	1275.650414
1957.71	1283.848633
1957.79	1289.980671
1957.88	1295.689852
1957.96	1297.607779
1958.04	1304.505848
1958.13	1307.222857
1958.21	1305.736887
1958.29	1301.683233
1958.38	1294.781814
1958.46	1283.826288
1958.54	1279.854393
1958.63	1284.499394
1958.71	1292.754483
1958.79	1298.929057
1958.88	1304.677842
1958.96	1306.609074
1959.04	1314.309859
1959.13	1317.047287
1959.21	1315.55015
1959.29	1311.466031
1959.38	1304.512744
1959.46	1293.474881
1959.54	1289.473136
1959.63	1294.153046
1959.71	1302.470176
1959.79	1308.691156
1959.88	1314.483145
1959.96	1316.428892
1960.04	1324.113869
1960.13	1326.871718
1960.21	1325.363413
1960.29	1321.248828
1960.38	1314.243674
1960.46	1303.123475
1960.54	1299.091879
1960.63	1303.806698
1960.71	1312.18587
1960.79	1318.453254
1960.88	1324.288449
1960.96	1326.248709
1961.04	1333.91788
1961.13	1336.696148
1961.21	1335.176675
1961.29	1331.031626
1961.38	1323.974604
1961.46	1312.772069
1961.54	1308.710622
1961.63	1313.460351
1961.71	1321.901563
1961.79	1328.215352
1961.88	1334.093752
1961.96	1336.068527
1962.04	1354.695842
1962.13	1357.517386
1962.21	1355.974245
1962.29	1351.764629
1962.38	1344.597683
1962.46	1333.220649
1962.54	1329.095939
1962.63	1333.919653
1962.71	1342.492351
1962.79	1348.904488
1962.88	1354.874453
1962.96	1356.879988
1963.04	1370.066211
1963.13	1372.919768
1963.21	1371.359119
1963.29	1367.101741
1963.38	1359.853478
1963.46	1348.347361
1963.54	1344.175852
1963.63	1349.054295
1963.71	1357.724259
1963.79	1364.209148
1963.88	1370.246849
1963.96	1372.275139
1964.04	1385.436255
1964.13	1388.321825
1964.21	1386.743668
1964.29	1382.438528
1964.38	1375.108951
1964.46	1363.473753
1964.54	1359.255446
1964.63	1364.188618
1964.71	1372.955846
1964.79	1379.513485
1964.88	1385.61892
1964.96	1387.669964
1965.04	1372.678182
1965.13	1375.537179
1965.21	1373.973554
1965.29	1369.70806
1965.38	1362.445979
1965.46	1350.917926
1965.54	1346.738464
1965.63	1351.626208
1965.71	1360.312701
1965.79	1366.809953
1965.88	1372.859164
1965.96	1374.891321
1966.04	1396.327514
1966.13	1399.235767
1966.21	1397.645204
1966.29	1393.306221
1966.38	1385.919024
1966.46	1374.192359
1966.54	1369.94089
1966.63	1374.912843
1966.71	1383.748993
1966.79	1390.358183
1966.88	1396.511614
1966.96	1398.578782
1967.04	1408.866171
1967.13	1411.80054
1967.21	1410.195693
1967.29	1405.817747
1967.38	1398.364216
1967.46	1386.532248
1967.54	1382.242602
1967.63	1387.259202
1967.71	1396.174698
1967.79	1402.843237
1967.88	1409.051924
1967.96	1411.137655
1968.04	1445.739537
1968.13	1448.750706
1968.21	1447.103857
1968.29	1442.61133
1968.38	1434.962721
1968.46	1422.821083
1968.54	1418.419167
1968.63	1423.567064
1968.71	1432.715899
1968.79	1439.55897
1968.88	1445.930153
1968.96	1448.070472
1969.04	1470.620934
1969.13	1473.683925
1969.21	1472.008733
1969.29	1467.438889
1969.38	1459.658647
1969.46	1447.30805
1969.54	1442.830376
1969.63	1448.066869
1969.71	1457.373157
1969.79	1464.333998
1969.88	1470.81483
1969.96	1472.991984
1970.04	1495.502655
1970.13	1498.61747
1970.21	1496.913935
1970.29	1492.266773
1970.38	1484.354896
1970.46	1471.795336
1970.54	1467.241903
1970.63	1472.566993
1970.71	1482.030736
1970.79	1489.109349
1970.88	1495.699832
1970.96	1497.913821
1971.04	1483.290584
1971.13	1486.379964
1971.21	1484.69034
1971.29	1480.081126
1971.38	1472.233855
1971.46	1459.776855
1971.54	1455.260606
1971.63	1460.542212
1971.71	1469.928675
1971.79	1476.949485
1971.88	1483.48615
1971.96	1485.682061
1972.04	1527.200474
1972.13	1530.381308
1972.21	1528.641666
1972.29	1523.896005
1972.38	1515.816432
1972.46	1502.990667
1972.54	1498.340723
1972.63	1503.77868
1972.71	1513.443011
1972.79	1520.671659
1972.88	1527.401829
1972.96	1529.662745
1973.04	1515.054267
1973.13	1518.209804
1973.21	1516.483998
1973.29	1511.77608
1973.38	1503.760766
1973.46	1491.037008
1973.54	1486.424046
1973.63	1491.818753
1973.71	1501.406222
1973.79	1508.577377
1973.88	1515.254021
1973.96	1517.496956
1974.04	1586.588123
1974.13	1589.892649
1974.21	1588.085359
1974.29	1583.155155
1974.38	1574.761395
1974.46	1561.436879
1974.54	1556.606115
1974.63	1562.255536
1974.71	1572.29568
1974.79	1579.805424
1974.88	1586.797309
1974.96	1589.146144
1975.04	1545.934478
1975.13	1549.154332
1975.21	1547.39335
1975.29	1542.589474
1975.38	1534.41079
1975.46	1521.427693
1975.54	1516.720708
1975.63	1522.225372
1975.71	1532.008255
1975.79	1539.325575
1975.88	1546.138304
1975.96	1548.426954
1976.04	1588.109666
1976.13	1591.417362
1976.21	1589.608338
1976.29	1584.673406
1976.38	1576.271597
1976.46	1562.934303
1976.54	1558.098905
1976.63	1563.753744
1976.71	1573.803517
1976.79	1581.320463
1976.88	1588.319053
1976.96	1590.670141
1977.04	1608.903546
1977.13	1612.25455
1977.21	1610.42184
1977.29	1605.422293
1977.38	1596.910474
1977.46	1583.398549
1977.54	1578.499839
1977.63	1584.22872
1977.71	1594.410079
1977.79	1602.025448
1977.88	1609.115674
1977.96	1611.497546
1978.04	1599.80303
1978.13	1603.13508
1978.21	1601.312737
1978.29	1596.341469
1978.38	1587.877796
1978.46	1574.442299
1978.54	1569.571298
1978.63	1575.267773
1978.71	1585.391543
1978.79	1592.963838
1978.88	1600.013958
1978.96	1602.382358
1979.04	1613.000609
1979.13	1616.360147
1979.21	1614.52277
1979.29	1609.510491
1979.38	1600.976997
1979.46	1587.430664
1979.54	1582.51948
1979.63	1588.262949
1979.71	1598.470234
1979.79	1606.104996
1979.88	1613.213277
1979.96	1615.601215
1980.04	1626.197965
1980.13	1629.58499
1980.21	1627.73258
1980.29	1622.679292
1980.38	1614.075978
1980.46	1600.41881
1980.54	1595.467443
1980.63	1601.257904
1980.71	1611.548705
1980.79	1619.245933
1980.88	1626.412373
1980.96	1628.819848
1981.04	1652.543066
1981.13	1655.984962
1981.21	1654.102542
1981.29	1648.967388
1981.38	1640.224697
1981.46	1626.346277
1981.54	1621.314696
1981.63	1627.198965
1981.71	1637.656481
1981.79	1645.478408
1981.88	1652.760947
1981.96	1655.207425
1982.04	1680.019174
1982.13	1683.518297
1982.21	1681.604579
1982.29	1676.384046
1982.38	1667.495993
1982.46	1653.386823
1982.54	1648.271584
1982.63	1654.253688
1982.71	1664.885077
1982.79	1672.837056
1982.88	1680.240678
1982.96	1682.727832
1983.04	1704.012112
1983.13	1707.561207
1983.21	1705.620158
1983.29	1700.325069
1983.38	1691.310083
1983.46	1676.999415
1983.54	1671.811124
1983.63	1677.87866
1983.71	1688.661879
1983.79	1696.727423
1983.88	1704.236779
1983.96	1706.759453
1984.04	1729.06002
1984.13	1732.661285
1984.21	1730.691704
1984.29	1725.31878
1984.38	1716.171279
1984.46	1701.650254
1984.54	1696.385697
1984.63	1702.542423
1984.71	1713.484149
1984.79	1721.668251
1984.88	1729.28799
1984.96	1731.847745
1985.04	1765.497247
1985.13	1769.174403
1985.21	1767.163316
1985.29	1761.677166
1985.38	1752.336897
1985.46	1720.81125
1985.54	1714.395556
1985.63	1714.121111
1985.71	1733.371111
1985.79	1751.307778
1985.88	1753.7625
1985.96	1758.301111
1986.04	1760.748571
1986.13	1765.551429
1986.21	1773.352857
1986.29	1767.75125
1986.38	1756.3175
1986.46	1737.95125
1986.54	1731.455556
1986.63	1736.981111
1986.71	1747.041111
1986.79	1764.857778
1986.88	1766.1225
1986.96	1749.271111
1987.04	1751.968571
1987.13	1761.171429
1987.21	1764.952857
1987.29	1765.34125
1987.38	1761.6375
1987.46	1748.73125
1987.54	1746.025556
1987.63	1755.001111
1987.71	1767.781111
1987.79	1777.417778
1987.88	1781.4625
1987.96	1776.481111
1988.04	1779.178571
1988.13	1782.221429
1988.21	1780.802857
1988.29	1783.93125
1988.38	1776.9575
1988.46	1761.34125
1988.54	1749.825556
1988.63	1753.701111
1988.71	1775.831111
1988.79	1792.557778
1988.88	1799.4025
1988.96	1792.011111
1989.04	1795.718571
1989.13	1805.031429
1989.21	1801.932857
1989.29	1792.31125
1989.38	1779.3175
1989.46	1770.63125
1989.54	1770.765556
1989.63	1775.101111
1989.71	1780.401111
1989.79	1783.737778
1989.88	1801.9425
1989.96	1815.271111
1990.04	1807.878571
1990.13	1805.561429
1990.21	1807.762857
1990.29	1802.39125
1990.38	1791.9675
1990.46	1778.72125
1990.54	1774.585556
1990.63	1774.941111
1990.71	1781.471111
1990.79	1799.607778
1990.88	1810.2625
1990.96	1810.541111
1991.04	1818.908571
1991.13	1818.681429
1991.21	1813.332857
1991.29	1809.88125
1991.38	1794.5875
1991.46	1779.09125
1991.54	1778.245556
1991.63	1792.551111
1991.71	1805.811111
1991.79	1809.887778
1991.88	1817.1925
1991.96	1831.471111
1992.04	1838.708571
1992.13	1836.961429
1992.21	1832.642857
1992.29	1822.48125
1992.38	1814.3375
1992.46	1800.71125
1992.54	1790.865556
1992.63	1792.821111
1992.71	1797.721111
1992.79	1803.357778
1992.88	1817.4525
1992.96	1828.101111
1993.04	1821.578571
1993.13	1817.391429
1993.21	1823.142857
1993.29	1823.76125
1993.38	1811.1275
1993.46	1789.32125
1993.54	1784.885556
1993.63	1797.151111
1993.71	1806.941111
1993.79	1810.897778
1993.88	1820.6325
1993.96	1825.711111
1994.04	1830.588571
1994.13	1843.741429
1994.21	1846.712857
1994.29	1829.44125
1994.38	1814.0775
1994.46	1804.01125
1994.54	1797.385556
1994.63	1799.411111
1994.71	1813.971111
1994.79	1821.207778
1994.88	1830.3625
1994.96	1834.331111
1995.04	1830.778571
1995.13	1838.251429
1995.21	1837.482857
1995.29	1824.44125
1995.38	1814.7875
1995.46	1801.74125
1995.54	1802.615556
1995.63	1813.531111
1995.71	1820.021111
1995.79	1822.767778
1995.88	1832.7225
1995.96	1841.621111
1996.04	1839.298571
1996.13	1839.361429
1996.21	1837.202857
1996.29	1828.48125
1996.38	1822.0575
1996.46	1813.16125
1996.54	1805.905556
1996.63	1808.041111
1996.71	1820.701111
1996.79	1828.197778
1996.88	1834.3725
1996.96	1834.391111
1997.04	1846.498571
1997.13	1854.111429
1997.21	1834.782857
1997.29	1825.67125
1997.38	1822.6675
1997.46	1806.88125
1997.54	1804.94
1997.63	1805.28
1997.71	1816.97
1997.79	1825.42
1997.88	1828.27
1997.96	1834.89
1998.04	1838.34
1998.13	1842.57
1998.21	1843.61
1998.29	1834.03
1998.38	1823.44
1998.46	1814
1998.54	1812.98
1998.63	1823.501111
1998.71	1832.611111
1998.79	1847.057778
1998.88	1857.0725
1998.96	1859.621111
1999.04	1863.578571
1999.13	1863.781429
1999.21	1857.002857
1999.29	1853.87125
1999.38	1844.9075
1999.46	1829.15125
1999.54	1825.655556
1999.63	1823.361111
1999.71	1828.321111
1999.79	1838.287778
1999.88	1846.9225
1999.96	1851.231111
2000.04	1848.988571
2000.13	1852.161429
2000.21	1853.242857
2000.29	1850.42125
2000.38	1843.6775
2000.46	1828.26125
2000.54	1822.085556
2000.63	1822.68
2000.71	1837.77
2000.79	1843.67
2000.88	1845.69
2000.96	1844.59
2001.04	1853.59
2001.13	1858.32
2001.21	1850.22
2001.29	1848.61
2001.38	1844.86
2001.46	1830.3
2001.54	1823.86
2001.63	1828.92
2001.71	1835.33
2001.79	1841.77
2001.88	1850.76
2001.96	1851.21
2002.04	1850.22
2002.13	1860.42
2002.21	1858.08
2002.29	1845.32
2002.38	1836.24
2002.46	1825.66
2002.54	1820.65
2002.63	1827.881111
2002.71	1841.511111
2002.79	1847.117778
2002.88	1851.2125
2002.96	1845.481111
2003.04	1855.678571
2003.13	1877.021429
2003.21	1872.202857
2003.29	1859.88125
2003.38	1849.9775
2003.46	1836.14125
2003.54	1832.595556
2003.63	1841.17
2003.71	1853.82
2003.79	1863.6
2003.88	1868.24
2003.96	1863.15
2004.04	1858.09
2004.13	1861.96
2004.21	1868.92
2004.29	1863.6
2004.38	1847.12
2004.46	1830.6
2004.54	1825.47
2004.63	1831.16
2004.71	1841.33
2004.79	1847.23
2004.88	1847.95
2004.96	1858.57
2005.04	1867.79
2005.13	1856.43
2005.21	1849.79
2005.29	1857.76
2005.38	1849.84
2005.46	1829.88
2005.54	1825.33
2005.63	1835.73
2005.71	1845.86
2005.79	1848
2005.88	1852.68
2005.96	1862.56
2006.04	1864.29
2006.13	1855.87
2006.21	1851.54
2006.29	1854.02
2006.38	1849.26
2006.46	1837.82
2006.54	1825.51
2006.63	1829.15
2006.71	1837.81
2006.79	1840.77
2006.88	1855.4
2006.96	1860.65
2007.04	1856.6
2007.13	1855.75
2007.21	1859.57
2007.29	1862.02
2007.38	1852.96
2007.46	1836.35
2007.54	1832.34
2007.63	1846.43
2007.71	1857.33
2007.79	1860.89
2007.88	1863.91
2007.96	1862.67
2008.04	1869.71
2008.13	1876.6
2008.21	1866.78
2008.29	1860
2008.38	1859.6
2008.46	1847.91
2008.54	1837.16
2008.63	1843.74
2008.71	1855.53
2008.79	1865.82
2008.88	1873.77
2008.96	1876.98