3079   -39.97894287    72.38456726  
3080   -39.31836700    72.39170074  
3081   -38.65735245    72.39663696  
3082   -37.99605942    72.39938354  
3083   -37.33464432    72.39993286  
3118   -39.66057205    72.48834229  
3119   -38.99611664    72.49441528  
3120   -38.33129501    72.49827576  
3121   -37.66627121    72.49993134  
3158   -40.00643158    72.58439636  
3159   -39.33854294    72.59160614  
3160   -38.67020035    72.59660339  
3161   -38.00156403    72.59937286  
3162   -37.33280945    72.59992981  
3198   -39.68466949    72.68820953  
3199   -39.01280975    72.69435120  
3200   -38.34057236    72.69825745  
3201   -37.66812515    72.69992828  
3238   -40.03453827    72.78421783  
3239   -39.35916901    72.79151154  
3240   -38.68333435    72.79656219  
3241   -38.00719833    72.79936981  
3242   -37.33093262    72.79992676  
