938    -47.03135681    66.19488525 
939    -46.54373169    66.22558594 
940    -46.05492783    66.25468445 
941    -45.56499863    66.28217316 
942    -45.07400894    66.30805206 
968    -46.82607269    66.30923462 
969    -46.33589172    66.33925629 
970    -45.84454727    66.36766815 
971    -45.35209656    66.39446259 
998    -47.11036682    66.39234924 
999    -46.61882782    66.42330170 
1000   -46.12607956    66.45263672 
1001   -45.63217926    66.48035431 
1002   -45.13719177    66.50644684 
1029   -46.90373993    66.50680542 
1030   -46.40960312    66.53707886 
1031   -45.91426849    66.56571960 
1032   -45.41780090    66.59274292 
1060   -47.19063568    66.58976746 
1061   -46.69512177    66.62097931 
1062   -46.19836807    66.65055847 
1063   -45.70043564    66.67850494 
1064   -45.20138550    66.70481873 
