CH4 history for the southern hemisphere by Christo Buizert
year    concentration (ppb)
1798.000	730.672
1799.000	733.258
1800.000	735.640
1801.000	737.715
1802.000	739.449
1803.000	740.870
1804.000	742.013
1805.000	742.909
1806.000	743.592
1807.000	744.094
1808.000	744.448
1809.000	744.687
1810.000	744.844
1811.000	744.950
1812.000	745.040
1813.000	745.146
1814.000	745.301
1815.000	745.536
1816.000	745.886
1817.000	746.374
1818.000	747.024
1819.000	747.858
1820.000	748.898
1821.000	750.167
1822.000	751.672
1823.000	753.351
1824.000	755.127
1825.000	756.919
1826.000	758.649
1827.000	760.237
1828.000	761.604
1829.000	762.715
1830.000	763.631
1831.000	764.434
1832.000	765.203
1833.000	766.020
1834.000	766.964
1835.000	768.105
1836.000	769.422
1837.000	770.807
1838.000	772.253
1839.000	773.760
1840.000	775.331
1841.000	776.985
1842.000	778.744
1843.000	780.612
1844.000	782.526
1845.000	784.405
1846.000	786.188
1847.000	787.901
1848.000	789.588
1849.000	791.280
1850.000	792.664
1851.000	793.238
1852.000	793.144
1853.000	792.699
1854.000	792.256
1855.000	791.991
1856.000	791.997
1857.000	792.433
1858.000	793.301
1859.000	794.559
1860.000	796.163
1861.000	798.068
1862.000	800.218
1863.000	802.552
1864.000	804.990
1865.000	807.367
1866.000	809.544
1867.000	811.561
1868.000	813.504
1869.000	815.460
1870.000	817.514
1871.000	819.723
1872.000	821.998
1873.000	824.256
1874.000	826.426
1875.000	828.440
1876.000	830.253
1877.000	831.923
1878.000	833.534
1879.000	835.170
1880.000	836.893
1881.000	838.691
1882.000	840.529
1883.000	842.375
1884.000	844.195
1885.000	845.916
1886.000	847.343
1887.000	848.506
1888.000	849.601
1889.000	850.785
1890.000	852.054
1891.000	853.393
1892.000	854.896
1893.000	856.689
1894.000	858.841
1895.000	861.180
1896.000	863.600
1897.000	866.205
1898.000	869.110
1899.000	872.291
1900.000	875.684
1901.000	879.257
1902.000	883.094
1903.000	887.269
1904.000	891.773
1905.000	896.588
1906.000	901.685
1907.000	907.018
1908.000	912.496
1909.000	917.726
1910.000	922.240
1911.000	925.735
1912.000	928.563
1913.000	931.236
1914.000	934.216
1915.000	937.909
1916.000	942.599
1917.000	948.256
1918.000	954.721
1919.000	961.643
1920.000	968.623
1921.000	975.372
1922.000	981.822
1923.000	987.940
1924.000	993.694
1925.000	999.045
1926.000	1004.056
1927.000	1008.935
1928.000	1013.794
1929.000	1018.696
1930.000	1023.575
1931.000	1028.400
1932.000	1033.274
1933.000	1038.313
1934.000	1043.636
1935.000	1049.290
1936.000	1055.045
1937.000	1060.652
1938.000	1065.974
1939.000	1070.928
1940.000	1075.455
1941.000	1079.541
1942.000	1083.185
1943.000	1086.286
1944.000	1089.021
1945.000	1091.908
1946.000	1095.368
1947.000	1099.578
1948.000	1104.633
1949.000	1110.489
1950.000	1117.144
1951.000	1124.651
1952.000	1133.088
1953.000	1142.401
1954.000	1152.527
1955.000	1163.508
1956.000	1175.173
1957.000	1186.568
1958.000	1197.445
1959.000	1208.454
1960.000	1219.836
1961.000	1231.595
1962.000	1243.740
1963.000	1256.188
1964.000	1268.678
1965.000	1281.119
1966.000	1294.130
1967.000	1308.261
1968.000	1323.823
1969.000	1340.410
1970.000	1357.439
1971.000	1374.403
1972.000	1391.088
1973.000	1407.395
1974.000	1422.976
1975.000	1437.879
1976.000	1452.255
1977.000	1466.209
1978.000	1479.911
1979.000	1493.802
1980.000	1508.386
1981.000	1524.025
1982.000	1540.481
1983.000	1557.374
1984.000	1574.320
1985.000	1590.936
1986.000	1606.844
1987.000	1621.734
1988.000	1635.438
1989.000	1647.907
1990.000	1659.155
1991.200	1654.308
1991.285	1656.547
1991.367	1662.947
1991.452	1671.763
1991.534	1678.976
1991.619	1684.277
1991.704	1688.759
1991.786	1689.940
1991.871	1686.252
1991.953	1682.117
1992.038	1678.243
1992.123	1673.315
1992.202	1672.560
1992.287	1677.356
1992.369	1683.796
1992.454	1689.985
1992.536	1696.093
1992.620	1701.845
1992.705	1703.908
1992.787	1701.389
1992.872	1695.696
1992.954	1688.132
1993.038	1678.870
1993.123	1673.079
1993.200	1673.831
1993.285	1676.649
1993.367	1682.453
1993.452	1691.041
1993.534	1696.972
1993.619	1699.224
1993.704	1702.133
1993.786	1702.341
1993.871	1695.915
1993.953	1689.316
1994.038	1682.152
1994.123	1675.777
1994.200	1675.555
1994.285	1679.043
1994.367	1683.843
1994.452	1692.373
1994.534	1700.754
1994.619	1704.890
1994.704	1707.216
1994.786	1707.963
1994.871	1704.749
1994.953	1698.721
1995.038	1691.495
1995.123	1684.964
1995.200	1684.185
1995.285	1689.563
1995.367	1692.681
1995.452	1696.854
1995.534	1705.213
1995.619	1709.881
1995.704	1712.090
1995.786	1713.843
1995.871	1710.415
1995.953	1703.630
1996.038	1694.942
1996.123	1687.886
1996.202	1687.436
1996.287	1690.814
1996.369	1695.825
1996.454	1702.372
1996.536	1709.041
1996.620	1714.028
1996.705	1715.575
1996.787	1715.279
1996.872	1710.985
1996.954	1701.128
1997.038	1692.568
1997.123	1690.203
1997.200	1692.892
1997.285	1697.143
1997.367	1702.356
1997.452	1710.179
1997.534	1716.310
1997.619	1720.557
1997.704	1722.953
1997.786	1721.852
1997.871	1717.635
1997.953	1711.515
1998.038	1704.699
1998.123	1699.316
1998.200	1698.079
1998.285	1700.988
1998.367	1707.075
1998.452	1715.388
1998.534	1722.901
1998.619	1728.487
1998.704	1732.023
1998.786	1732.833
1998.871	1728.368
1998.953	1720.557
1999.038	1713.928
1999.123	1710.057
1999.200	1709.773
1999.285	1713.217
1999.367	1719.411
1999.452	1727.093
1999.534	1734.121
1999.619	1738.851
1999.704	1740.764
1999.786	1739.862
1999.871	1736.289
1999.953	1728.645
2000.038	1719.738
2000.123	1713.587
2000.202	1711.674
2000.287	1714.424
2000.369	1720.857
2000.454	1728.579
2000.536	1734.927
2000.620	1740.758
2000.705	1742.859
2000.787	1740.312
2000.872	1734.414
2000.954	1726.321
2001.038	1718.414
2001.123	1713.202
2001.200	1711.292
2001.285	1714.374
2001.367	1722.859
2001.452	1730.883
2001.534	1736.397
2001.619	1741.063
2001.704	1742.879
2001.786	1740.054
2001.871	1734.890
2001.953	1727.312
2002.038	1717.753
2002.123	1711.614
2002.200	1711.934
2002.285	1717.106
2002.367	1723.255
2002.452	1731.157
2002.534	1738.023
2002.619	1742.167
2002.704	1744.179
2002.786	1742.686
2002.871	1737.901
2002.953	1729.607
2003.038	1719.402
2003.123	1713.561
2003.200	1714.371
2003.285	1718.308
2003.367	1723.498
2003.452	1729.830
2003.534	1736.484
2003.619	1742.996
2003.704	1744.905
2003.786	1741.894
2003.871	1737.308
2003.953	1730.138
2004.038	1719.782
2004.123	1713.200
2004.202	1713.871
2004.287	1716.439
2004.369	1719.935
2004.454	1728.919
2004.536	1737.547
2004.620	1741.893
2004.705	1743.855
2004.787	1742.857
2004.872	1738.377
2004.954	1729.814
2005.038	1719.521
2005.123	1713.717
2005.200	1713.054
2005.285	1715.141
2005.367	1720.351
2005.452	1727.437
2005.534	1733.976
2005.619	1738.268
2005.704	1740.781
2005.786	1742.713
2005.871	1739.134
2005.953	1728.966
2006.038	1718.465
2006.123	1713.166
2006.200	1713.044
2006.285	1716.719
2006.367	1722.343
2006.452	1728.300
2006.534	1736.957
2006.619	1744.995
2006.704	1745.716
2006.786	1741.551
2006.871	1735.540
2006.953	1728.428
2007.038	1719.873
2007.123	1713.830
2007.200	1714.109
2007.285	1720.010
2007.367	1728.168
2007.452	1735.369
2007.534	1742.073
2007.619	1747.188
2007.704	1749.041
2007.786	1748.827
2007.871	1745.420
2007.953	1737.503
2008.038	1729.972
2008.123	1727.189
2008.202	1726.332
2008.287	1731.634
2008.369	1740.433
2008.454	1744.036
2008.536	1747.868
2008.620	1752.592
2008.705	1754.806
2008.787	1754.746
2008.872	1749.882
2008.954	1740.126
2009.038	1734.248