"SH CH4, NOAA04 scale, spline to MarFarling-Meure and Etheridge ice core to 1984 then monthly mean CG (created 18 Oct 11)"
2309
1	655.494039
2	654.965266
3	654.436999
4	653.909542
5	653.383299
6	652.858676
7	652.336178
8	651.816008
9	651.298774
10	650.784779
11	650.274428
12	649.768227
13	649.266479
14	648.769590
15	648.278066
16	647.792311
17	647.312629
18	646.839426
19	646.373207
20	645.914376
21	645.463239
22	645.020401
23	644.585965
24	644.160639
25	643.744624
26	643.338530
27	642.942557
28	642.557111
29	642.182800
30	641.819926
31	641.468895
32	641.129808
33	640.802564
34	640.486859
35	640.182693
36	639.889762
37	639.608067
38	639.337404
39	639.077573
40	638.828268
41	638.589490
42	638.361137
43	638.142907
44	637.934698
45	637.736306
46	637.547632
47	637.368473
48	637.198727
49	637.038091
50	636.886463
51	636.743844
52	636.609829
53	636.484417
54	636.367306
55	636.258494
56	636.157679
57	636.064759
58	635.979633
59	635.902099
60	635.832257
61	635.770007
62	635.715145
63	635.667673
64	635.627691
65	635.594997
66	635.569591
67	635.551270
68	635.540237
69	635.536087
70	635.539124
71	635.549145
72	635.565947
73	635.589734
74	635.620100
75	635.657349
76	635.701278
77	635.751787
78	635.808774
79	635.872340
80	635.942283
81	636.018603
82	636.101300
83	636.190171
84	636.285216
85	636.386538
86	636.493831
87	636.607096
88	636.726434
89	636.851644
90	636.982723
91	637.119573
92	637.262091
93	637.410277
94	637.564131
95	637.723451
96	637.888339
97	638.058591
98	638.234208
99	638.415189
100	638.601434
101	638.792841
102	638.989410
103	639.191040
104	639.397630
105	639.609281
106	639.825791
107	640.046855
108	640.272171
109	640.501232
110	640.733431
111	640.968565
112	641.206128
113	641.445513
114	641.686316
115	641.928231
116	642.170552
117	642.413075
118	642.655193
119	642.896401
120	643.136495
121	643.374766
122	643.610811
123	643.844225
124	644.074500
125	644.301233
126	644.524018
127	644.742249
128	644.955519
129	645.163526
130	645.365663
131	645.561523
132	645.750501
133	645.932393
134	646.106593
135	646.272695
136	646.430295
137	646.578683
138	646.717861
139	646.847928
140	646.969494
141	647.082860
142	647.188432
143	647.286717
144	647.378220
145	647.463346
146	647.542399
147	647.615986
148	647.684512
149	647.748280
150	647.807899
151	647.863873
152	647.916407
153	647.966004
154	648.013173
155	648.058317
156	648.101943
157	648.144354
158	648.186259
159	648.227759
160	648.269462
161	648.311772
162	648.355094
163	648.400036
164	648.446901
165	648.496094
166	648.548121
167	648.603488
168	648.662499
169	648.725661
170	648.793275
171	648.864939
172	648.939842
173	649.017377
174	649.096531
175	649.176697
176	649.257066
177	649.337029
178	649.415475
179	649.491795
180	649.565280
181	649.635223
182	649.700713
183	649.760939
184	649.815193
185	649.862766
186	649.902849
187	649.934733
188	649.957609
189	649.970565
190	649.972995
191	649.964087
192	649.943033
193	649.909125
194	649.861551
195	649.799605
196	649.722374
197	649.629251
198	649.519428
199	649.391992
200	649.246437
201	649.081752
202	648.897228
203	648.692157
204	648.465829
205	648.218548
206	647.951631
207	647.666596
208	647.364758
209	647.047737
210	646.716848
211	646.373611
212	646.019341
213	645.655557
214	645.283573
215	644.905112
216	644.521285
217	644.133613
218	643.743713
219	643.352802
220	642.962396
221	642.574015
222	642.188974
223	641.808691
224	641.434784
225	641.068368
226	640.711162
227	640.364484
228	640.029850
229	639.708578
230	639.401881
231	639.109356
232	638.830798
233	638.565703
234	638.313766
235	638.074584
236	637.847750
237	637.632961
238	637.429711
239	637.237697
240	637.056513
241	636.885755
242	636.725119
243	636.573997
244	636.432390
245	636.299488
246	636.175292
247	636.059192
248	635.950786
249	635.849768
250	635.755735
251	635.668382
252	635.587203
253	635.511794
254	635.441953
255	635.377071
256	635.316946
257	635.260971
258	635.209147
259	635.160662
260	635.115417
261	635.072904
262	635.032821
263	634.994661
264	634.958121
265	634.922795
266	634.888380
267	634.854371
268	634.820361
269	634.786148
270	634.751227
271	634.715092
272	634.677640
273	634.638266
274	634.596664
275	634.552532
276	634.505364
277	634.454956
278	634.401411
279	634.344525
280	634.284198
281	634.220430
282	634.153017
283	634.081961
284	634.007159
285	633.928410
286	633.845814
287	633.759170
288	633.668376
289	633.573431
290	633.474135
291	633.370485
292	633.262382
293	633.149724
294	633.032411
295	632.910440
296	632.783612
297	632.651925
298	632.515176
299	632.373266
300	632.226396
301	632.074161
302	631.916561
303	631.753597
304	631.585167
305	631.411473
306	631.233225
307	631.050928
308	630.865088
309	630.676313
310	630.485007
311	630.291879
312	630.097435
313	629.902182
314	629.706625
315	629.511473
316	629.317029
317	629.124104
318	628.933001
319	628.744428
320	628.558891
321	628.376898
322	628.199054
323	628.025867
324	627.857842
325	627.695586
326	627.539707
327	627.390610
328	627.248902
329	627.115089
330	626.989779
331	626.873578
332	626.766386
333	626.668304
334	626.579332
335	626.499469
336	626.428716
337	626.366871
338	626.314237
339	626.270510
340	626.235892
341	626.210284
342	626.193582
343	626.185890
344	626.187307
345	626.197530
346	626.216762
347	626.244901
348	626.281947
349	626.327800
350	626.382661
351	626.446430
352	626.519005
353	626.600386
354	626.690674
355	626.789768
356	626.897669
357	627.014375
358	627.139787
359	627.274106
360	627.417029
361	627.568757
362	627.729292
363	627.898431
364	628.076376
365	628.262924
366	628.458177
367	628.661933
368	628.873888
369	629.093738
370	629.321078
371	629.555706
372	629.797116
373	630.045003
374	630.299167
375	630.559100
376	630.824701
377	631.095363
378	631.370884
379	631.650960
380	631.935186
381	632.223258
382	632.514873
383	632.809625
384	633.107313
385	633.407431
386	633.709775
387	634.013840
388	634.319423
389	634.626221
390	634.933929
391	635.241942
392	635.550258
393	635.858372
394	636.165979
395	636.472676
396	636.778259
397	637.082324
398	637.384466
399	637.684583
400	637.982069
401	638.276720
402	638.568132
403	638.856103
404	639.140127
405	639.420000
406	639.695419
407	639.965879
408	640.231177
409	640.490907
410	640.744767
411	640.992453
412	641.233660
413	641.467883
414	641.694919
415	641.914466
416	642.126015
417	642.329468
418	642.524316
419	642.710358
420	642.887088
421	643.054304
422	643.211600
423	643.358774
424	643.495319
425	643.620933
426	643.735312
427	643.838253
428	643.929148
429	644.007898
430	644.074095
431	644.128349
432	644.172076
433	644.206592
434	644.233011
435	644.252850
436	644.267324
437	644.277750
438	644.285443
439	644.291820
440	644.297994
441	644.305484
442	644.315606
443	644.329473
444	644.348604
445	644.374112
446	644.407615
447	644.450128
448	644.503066
449	644.567745
450	644.645584
451	644.737694
452	644.845493
453	644.970500
454	645.113625
455	645.276488
456	645.460303
457	645.666387
458	645.896055
459	646.150624
460	646.431408
461	646.739724
462	647.076888
463	647.444013
464	647.840188
465	648.263794
466	648.713210
467	649.186819
468	649.682999
469	650.199829
470	650.735991
471	651.289664
472	651.859229
473	652.443066
474	653.039454
475	653.646774
476	654.263407
477	654.887630
478	655.517826
479	656.152374
480	656.789655
481	657.427848
482	658.065534
483	658.700790
484	659.332201
485	659.958044
486	660.576599
487	661.186450
488	661.785571
489	662.372546
490	662.945755
491	663.503376
492	664.043890
493	664.565680
494	665.066820
495	665.546096
496	666.001485
497	666.431468
498	666.834526
499	667.208736
500	667.552682
501	667.864541
502	668.143604
503	668.390581
504	668.606686
505	668.792829
506	668.950226
507	669.079990
508	669.183032
509	669.260769
510	669.313809
511	669.343668
512	669.351260
513	669.337595
514	669.303889
515	669.251153
516	669.180502
517	669.093048
518	668.989803
519	668.871882
520	668.740397
521	668.596361
522	668.440887
523	668.275190
524	668.100080
525	667.916973
526	667.726679
527	667.530515
528	667.329390
529	667.124420
530	666.916716
531	666.707394
532	666.497463
533	666.288039
534	666.080234
535	665.875163
536	665.673836
537	665.477267
538	665.286771
539	665.102652
540	664.924808
541	664.752734
542	664.586126
543	664.424376
544	664.267384
545	664.114542
546	663.965546
547	663.819992
548	663.677474
549	663.537487
550	663.399828
551	663.264092
552	663.129773
553	662.996466
554	662.863969
555	662.731573
556	662.599177
557	662.466276
558	662.332463
559	662.197334
560	662.060485
561	661.921611
562	661.780206
563	661.635968
564	661.488389
565	661.337166
566	661.181996
567	661.022372
568	660.857789
569	660.688043
570	660.512628
571	660.331242
572	660.143479
573	659.948732
574	659.747000
575	659.537981
576	659.321573
577	659.097876
578	658.866791
579	658.628216
580	658.382150
581	658.128594
582	657.867345
583	657.598505
584	657.321870
585	657.037543
586	656.745422
587	656.445406
588	656.137495
589	655.821689
590	655.497886
591	655.165985
592	654.825987
593	654.477892
594	654.121496
595	653.756902
596	653.384007
597	653.002712
598	652.613622
599	652.217346
600	651.814996
601	651.407586
602	650.995823
603	650.581023
604	650.163794
605	649.745250
606	649.326401
607	648.908160
608	648.491336
609	648.077144
610	647.666292
611	647.259792
612	646.858759
613	646.464001
614	646.076429
615	645.697158
616	645.326895
617	644.966856
618	644.617849
619	644.280888
620	643.956883
621	643.646846
622	643.351688
623	643.072321
624	642.809756
625	642.564905
626	642.338780
627	642.132291
628	641.946350
629	641.781969
630	641.640261
631	641.521833
632	641.427800
633	641.359274
634	641.316660
635	641.299554
636	641.307146
637	641.338422
638	641.392676
639	641.468996
640	641.566674
641	641.684696
642	641.822254
643	641.978639
644	642.152839
645	642.344246
646	642.551645
647	642.774532
648	643.011893
649	643.262817
650	643.526698
651	643.802522
652	644.089582
653	644.386865
654	644.693663
655	645.008963
656	645.332159
657	645.662136
658	645.998288
659	646.339703
660	646.685470
661	647.034780
662	647.386824
663	647.740790
664	648.095667
665	648.450848
666	648.805321
667	649.158275
668	649.508901
669	649.856389
670	650.199829
671	650.539320
672	650.874359
673	651.204741
674	651.530568
675	651.851334
676	652.167039
677	652.477380
678	652.782153
679	653.081360
680	653.374594
681	653.661654
682	653.942438
683	654.216846
684	654.484572
685	654.745315
686	654.999074
687	655.245443
688	655.484525
689	655.715914
690	655.939407
691	656.154905
692	656.362102
693	656.561000
694	656.751192
695	656.932578
696	657.105057
697	657.268325
698	657.422078
699	657.566317
700	657.700838
701	657.825440
702	657.940527
703	658.045998
704	658.141955
705	658.228599
706	658.306134
707	658.374558
708	658.433974
709	658.484584
710	658.526388
711	658.559487
712	658.584286
713	658.600481
714	658.608478
715	658.608376
716	658.600076
717	658.583982
718	658.559993
719	658.528311
720	658.489139
721	658.442376
722	658.388324
723	658.326985
724	658.258560
725	658.183151
726	658.100758
727	658.011685
728	657.915829
729	657.813496
730	657.704786
731	657.589800
732	657.468538
733	657.341406
734	657.208403
735	657.069934
736	656.925999
737	656.777003
738	656.623149
739	656.464436
740	656.301168
741	656.133649
742	655.961980
743	655.786262
744	655.607001
745	655.424198
746	655.238054
747	655.048671
748	654.856556
749	654.661707
750	654.464328
751	654.264621
752	654.062991
753	653.859336
754	653.654062
755	653.447371
756	653.239263
757	653.030142
758	652.820212
759	652.609573
760	652.398529
761	652.187283
762	651.975936
763	651.764690
764	651.553849
765	651.343615
766	651.134190
767	650.925981
768	650.719998
769	650.517052
770	650.317952
771	650.123610
772	649.934936
773	649.752740
774	649.577730
775	649.411021
776	649.253320
777	649.105539
778	648.968589
779	648.843177
780	648.730317
781	648.630817
782	648.545388
783	648.475141
784	648.420887
785	648.383334
786	648.363394
787	648.362078
788	648.379994
789	648.418255
790	648.477672
791	648.558850
792	648.663005
793	648.790745
794	648.942980
795	649.120722
796	649.324680
797	649.555665
798	649.814687
799	650.102657
800	650.420185
801	650.768078
802	651.145021
803	651.548990
804	651.977960
805	652.429806
806	652.902605
807	653.394231
808	653.902557
809	654.425561
810	654.961319
811	655.507603
812	656.062491
813	656.623857
814	657.189677
815	657.757926
816	658.326479
817	658.893311
818	659.456398
819	660.013614
820	660.563036
821	661.102437
822	661.629895
823	662.143384
824	662.640779
825	663.119954
826	663.578987
827	664.015853
828	664.428324
829	664.814478
830	665.172089
831	665.499434
832	665.795604
833	666.061104
834	666.297250
835	666.504650
836	666.684113
837	666.836753
838	666.963480
839	667.064903
840	667.142133
841	667.195982
842	667.227361
843	667.237078
844	667.226045
845	667.195274
846	667.145474
847	667.077656
848	666.992631
849	666.891209
850	666.774502
851	666.643220
852	666.498172
853	666.340471
854	666.170826
855	665.990250
856	665.799551
857	665.599541
858	665.391331
859	665.175530
860	664.952846
861	664.723583
862	664.488145
863	664.246837
864	664.000163
865	663.748429
866	663.492039
867	663.231398
868	662.966808
869	662.698677
870	662.427407
871	662.153303
872	661.876770
873	661.598314
874	661.318137
875	661.036745
876	660.754342
877	660.471533
878	660.188623
879	659.905814
880	659.623714
881	659.342626
882	659.062753
883	658.784803
884	658.508877
885	658.235482
886	657.964921
887	657.697599
888	657.434022
889	657.174393
890	656.919116
891	656.668596
892	656.423340
893	656.183449
894	655.949529
895	655.721886
896	655.500922
897	655.286842
898	655.080353
899	654.881557
900	654.690656
901	654.507853
902	654.333147
903	654.166539
904	654.008130
905	653.858021
906	653.716110
907	653.582601
908	653.457493
909	653.340888
910	653.232886
911	653.133387
912	653.042592
913	652.960503
914	652.887118
915	652.822641
916	652.766970
917	652.720207
918	652.682452
919	652.653705
920	652.634068
921	652.623643
922	652.622428
923	652.630424
924	652.647834
925	652.674556
926	652.710692
927	652.756443
928	652.811709
929	652.876490
930	652.950988
931	653.035203
932	653.129237
933	653.233088
934	653.346758
935	653.470449
936	653.604161
937	653.747893
938	653.901849
939	654.065825
940	654.240227
941	654.424751
942	654.619701
943	654.824975
944	655.040776
945	655.267104
946	655.503858
947	655.750632
948	656.006213
949	656.269992
950	656.541059
951	656.818503
952	657.101312
953	657.388777
954	657.680088
955	657.974031
956	658.269998
957	658.567180
958	658.864463
959	659.161038
960	659.455993
961	659.748721
962	660.037907
963	660.322942
964	660.603018
965	660.877020
966	661.144241
967	661.403769
968	661.654592
969	661.896002
970	662.127290
971	662.348962
972	662.562536
973	662.769227
974	662.970351
975	663.167123
976	663.360858
977	663.552973
978	663.744785
979	663.937508
980	664.132357
981	664.330849
982	664.534099
983	664.743523
984	664.960336
985	665.185956
986	665.421495
987	665.668573
988	665.928202
989	666.201800
990	666.490580
991	666.795961
992	667.119156
993	667.461584
994	667.824457
995	668.209093
996	668.616808
997	669.048916
998	669.506633
999	669.991375
1000	670.504257
1001	671.046897
1002	671.620309
1003	672.226009
1004	672.865112
1005	673.538934
1006	674.248992
1007	674.995085
1008	675.772353
1009	676.574522
1010	677.395213
1011	678.228254
1012	679.067267
1013	679.906077
1014	680.738307
1015	681.557886
1016	682.358435
1017	683.133578
1018	683.877241
1019	684.582947
1020	685.244521
1021	685.855687
1022	686.410271
1023	686.901897
1024	687.324288
1025	687.671169
1026	687.936365
1027	688.114513
1028	688.209052
1029	688.226766
1030	688.174637
1031	688.059550
1032	687.888488
1033	687.668335
1034	687.405973
1035	687.108487
1036	686.782660
1037	686.435475
1038	686.073816
1039	685.703250
1040	685.326509
1041	684.945719
1042	684.562905
1043	684.180395
1044	683.800212
1045	683.424686
1046	683.055942
1047	682.696004
1048	682.347301
1049	682.011858
1050	681.691800
1051	681.389456
1052	681.106850
1053	680.846208
1054	680.609758
1055	680.399625
1056	680.217935
1057	680.066915
1058	679.948791
1059	679.865589
1060	679.818926
1061	679.807083
1062	679.828036
1063	679.879456
1064	679.959015
1065	680.064688
1066	680.194149
1067	680.345068
1068	680.515219
1069	680.702476
1070	680.904713
1071	681.119401
1072	681.344312
1073	681.577523
1074	681.816503
1075	682.059127
1076	682.303270
1077	682.546502
1078	682.786595
1079	683.021426
1080	683.248766
1081	683.466288
1082	683.671764
1083	683.863070
1084	684.037877
1085	684.193958
1086	684.328986
1087	684.440935
1088	684.527478
1089	684.586388
1090	684.618273
1091	684.626573
1092	684.614426
1093	684.585275
1094	684.542560
1095	684.489622
1096	684.429801
1097	684.366538
1098	684.303073
1099	684.242848
1100	684.189403
1101	684.145778
1102	684.115614
1103	684.102253
1104	684.108832
1105	684.138996
1106	684.196084
1107	684.283133
1108	684.400751
1109	684.547419
1110	684.721517
1111	684.921629
1112	685.145831
1113	685.392808
1114	685.660839
1115	685.948405
1116	686.253887
1117	686.575665
1118	686.912221
1119	687.261936
1120	687.623191
1121	687.994466
1122	688.374041
1123	688.760499
1124	689.152220
1125	689.547484
1126	689.944773
1127	690.342567
1128	690.739147
1129	691.133095
1130	691.522590
1131	691.906214
1132	692.282448
1133	692.649472
1134	693.005868
1135	693.350016
1136	693.680297
1137	693.995192
1138	694.292981
1139	694.572855
1140	694.834812
1141	695.079461
1142	695.307307
1143	695.518654
1144	695.713908
1145	695.893573
1146	696.058056
1147	696.207861
1148	696.343395
1149	696.465061
1150	696.573266
1151	696.668514
1152	696.751210
1153	696.821761
1154	696.880772
1155	696.928446
1156	696.965291
1157	696.991709
1158	697.008410
1159	697.015394
1160	697.013471
1161	697.002843
1162	696.983814
1163	696.956383
1164	696.920754
1165	696.876622
1166	696.824089
1167	696.763255
1168	696.694021
1169	696.616385
1170	696.530348
1171	696.436011
1172	696.333273
1173	696.222133
1174	696.102593
1175	695.974650
1176	695.838408
1177	695.693664
1178	695.540619
1179	695.379072
1180	695.209326
1181	695.030976
1182	694.844327
1183	694.649276
1184	694.445722
1185	694.233869
1186	694.013614
1187	693.784857
1188	693.547800
1189	693.302240
1190	693.048380
1191	692.786018
1192	692.515254
1193	692.236090
1194	691.948422
1195	691.651747
1196	691.344746
1197	691.025701
1198	690.693598
1199	690.346616
1200	689.983540
1201	689.602953
1202	689.203336
1203	688.783273
1204	688.341347
1205	687.876241
1206	687.386336
1207	686.870215
1208	686.326664
1209	685.754163
1210	685.153929
1211	684.528592
1212	683.880885
1213	683.213744
1214	682.530003
1215	681.832394
1216	681.123652
1217	680.406610
1218	679.684304
1219	678.959265
1220	678.234428
1221	677.512527
1222	676.796396
1223	676.088969
1224	675.392778
1225	674.710859
1226	674.046046
1227	673.400870
1228	672.778367
1229	672.181270
1230	671.612515
1231	671.074733
1232	670.570657
1233	670.103426
1234	669.675468
1235	669.289921
1236	668.949315
1237	668.656688
1238	668.414671
1239	668.226098
1240	668.093804
1241	668.020723
1242	668.009386
1243	668.062831
1244	668.183788
1245	668.375094
1246	668.639380
1247	668.979783
1248	669.398327
1249	669.892584
1250	670.457291
1251	671.087082
1252	671.776390
1253	672.519952
1254	673.312302
1255	674.148076
1256	675.021908
1257	675.928333
1258	676.861986
1259	677.817503
1260	678.790329
1261	679.777021
1262	680.774139
1263	681.778141
1264	682.785887
1265	683.793633
1266	684.798242
1267	685.796170
1268	686.784077
1269	687.758421
1270	688.715962
1271	689.653158
1272	690.566567
1273	691.452951
1274	692.308766
1275	693.130571
1276	693.915026
1277	694.658790
1278	695.359233
1279	696.016454
1280	696.630354
1281	697.201336
1282	697.729299
1283	698.214649
1284	698.657284
1285	699.057508
1286	699.415422
1287	699.731026
1288	700.004725
1289	700.236519
1290	700.426610
1291	700.574998
1292	700.682089
1293	700.747680
1294	700.772276
1295	700.755777
1296	700.698487
1297	700.600404
1298	700.461834
1299	700.282776
1300	700.063432
1301	699.804005
1302	699.504495
1303	699.165206
1304	698.786137
1305	698.367592
1306	697.909572
1307	697.412379
1308	696.876015
1309	696.302502
1310	695.695081
1311	695.057294
1312	694.392582
1313	693.704488
1314	692.996353
1315	692.271719
1316	691.534028
1317	690.786721
1318	690.033340
1319	689.277227
1320	688.522024
1321	687.770972
1322	687.027815
1323	686.295792
1324	685.578445
1325	684.879218
1326	684.201651
1327	683.549086
1328	682.925064
1329	682.333130
1330	681.776622
1331	681.259084
1332	680.783047
1333	680.347497
1334	679.949702
1335	679.586829
1336	679.256345
1337	678.955621
1338	678.682023
1339	678.432718
1340	678.205176
1341	677.996865
1342	677.804851
1343	677.626602
1344	677.459488
1345	677.300775
1346	677.147933
1347	676.998228
1348	676.849030
1349	676.697605
1350	676.541321
1351	676.377547
1352	676.208712
1353	676.045242
1354	675.898170
1355	675.779236
1356	675.699373
1357	675.670020
1358	675.702410
1359	675.806464
1360	675.981271
1361	676.221466
1362	676.521179
1363	676.874841
1364	677.276988
1365	677.721850
1366	678.204062
1367	678.717754
1368	679.257459
1369	679.817509
1370	680.392338
1371	680.976377
1372	681.563858
1373	682.149314
1374	682.727179
1375	683.291683
1376	683.837360
1377	684.358441
1378	684.849560
1379	685.304949
1380	685.718939
1381	686.086165
1382	686.400757
1383	686.657248
1384	686.849971
1385	686.973358
1386	687.021741
1387	686.989655
1388	686.871329
1389	686.661196
1390	686.353791
1391	685.943344
1392	685.424692
1393	684.802695
1394	684.091726
1395	683.307069
1396	682.463805
1397	681.576814
1398	680.661279
1399	679.732282
1400	678.804803
1401	677.893924
1402	677.014626
1403	676.182193
1404	675.411504
1405	674.717641
1406	674.115584
1407	673.620618
1408	673.247724
1409	673.011780
1410	672.928071
1411	673.011578
1412	673.277381
1413	673.738438
1414	674.386550
1415	675.201371
1416	676.161949
1417	677.247533
1418	678.437476
1419	679.710924
1420	681.047231
1421	682.425544
1422	683.825214
1423	685.225289
1424	686.605120
1425	687.944058
1426	689.221252
1427	690.415952
1428	691.507407
1429	692.474766
1430	693.297483
1431	693.956526
1432	694.453213
1433	694.800296
1434	695.010834
1435	695.097984
1436	695.074602
1437	694.953847
1438	694.748674
1439	694.472343
1440	694.137609
1441	693.757629
1442	693.345562
1443	692.914365
1444	692.476993
1445	692.046606
1446	691.636159
1447	691.258811
1448	690.927518
1449	690.655337
1450	690.455225
1451	690.335785
1452	690.280114
1453	690.263109
1454	690.259364
1455	690.243878
1456	690.191243
1457	690.076460
1458	689.874121
1459	689.559124
1460	689.106165
1461	688.501780
1462	687.766822
1463	686.928518
1464	686.014299
1465	685.051292
1466	684.066826
1467	683.088332
1468	682.142937
1469	681.257971
1470	680.460762
1471	679.778033
1472	679.221121
1473	678.786887
1474	678.471081
1475	678.269855
1476	678.178960
1477	678.194345
1478	678.312165
1479	678.528169
1480	678.838307
1481	679.238531
1482	679.724893
1483	680.293142
1484	680.939432
1485	681.659511
1486	682.449432
1487	683.305145
1488	684.222502
1489	685.197555
1490	686.226152
1491	687.304348
1492	688.427991
1493	689.593033
1494	690.795324
1495	692.031018
1496	693.295863
1497	694.585912
1498	695.897116
1499	697.225325
1500	698.566591
1501	699.916765
1502	701.271797
1503	702.627031
1504	703.963338
1505	705.246807
1506	706.443126
1507	707.518083
1508	708.442525
1509	709.216656
1510	709.849686
1511	710.351737
1512	710.732324
1513	711.001164
1514	711.167874
1515	711.242169
1516	711.233768
1517	711.152387
1518	711.007642
1519	710.809150
1520	710.566829
1521	710.290195
1522	709.988964
1523	709.672854
1524	709.351481
1525	709.034561
1526	708.731913
1527	708.453052
1528	708.207695
1529	708.005558
1530	707.856360
1531	707.769615
1532	707.747245
1533	707.778117
1534	707.849578
1535	707.949483
1536	708.065076
1537	708.185224
1538	708.310939
1539	708.450218
1540	708.611259
1541	708.802362
1542	709.031626
1543	709.307349
1544	709.637630
1545	710.030768
1546	710.495064
1547	711.038413
1548	711.669419
1549	712.395976
1550	713.226486
1551	714.168844
1552	715.209993
1553	716.301550
1554	717.391891
1555	718.428890
1556	719.360823
1557	720.135966
1558	720.702393
1559	721.008381
1560	721.001802
1561	720.631134
1562	719.848298
1563	718.662304
1564	717.126290
1565	715.294714
1566	713.221526
1567	710.961182
1568	708.567836
1569	706.095638
1570	703.599047
1571	701.132214
1572	698.749293
1573	696.504638
1574	694.452403
1575	692.633783
1576	691.036633
1577	689.635950
1578	688.406633
1579	687.323377
1580	686.361180
1581	685.494838
1582	684.699249
1583	683.949208
1584	683.219716
1585	682.485466
1586	681.721356
1587	680.902284
1588	680.003045
1589	678.998639
1590	677.871858
1591	676.690317
1592	675.570824
1593	674.616623
1594	673.852716
1595	673.277381
1596	672.889405
1597	672.686965
1598	672.668847
1599	672.833228
1600	673.178793
1601	673.704024
1602	674.407300
1603	675.287307
1604	676.342323
1605	677.568704
1606	678.931126
1607	680.369361
1608	681.822880
1609	683.230951
1610	684.533045
1611	685.668329
1612	686.579511
1613	687.259608
1614	687.740302
1615	688.054084
1616	688.233750
1617	688.311790
1618	688.320900
1619	688.293672
1620	688.262800
1621	688.260877
1622	688.320596
1623	688.474451
1624	688.755235
1625	689.184610
1626	689.740814
1627	690.391355
1628	691.103539
1629	691.844773
1630	692.582465
1631	693.287361
1632	693.939622
1633	694.521334
1634	695.014579
1635	695.401442
1636	695.664006
1637	695.784357
1638	695.744375
1639	695.526448
1640	695.112458
1641	694.484490
1642	693.632622
1643	692.589955
1644	691.404365
1645	690.123426
1646	688.794913
1647	687.466502
1648	686.186170
1649	685.001289
1650	683.959836
1651	683.104426
1652	682.441739
1653	681.961652
1654	681.654348
1655	681.509908
1656	681.518208
1657	681.669531
1658	681.953757
1659	682.360965
1660	682.881337
1661	683.504853
1662	684.221490
1663	685.021432
1664	685.894657
1665	686.831144
1666	687.821076
1667	688.854532
1668	689.921391
1669	691.009911
1670	692.105111
1671	693.191607
1672	694.254214
1673	695.277346
1674	696.245920
1675	697.144652
1676	697.958158
1677	698.671050
1678	699.268046
1679	699.733961
1680	700.053412
1681	700.211011
1682	700.191577
1683	699.979622
1684	699.565936
1685	698.958211
1686	698.167683
1687	697.205486
1688	696.082855
1689	694.810823
1690	693.400525
1691	691.863398
1692	690.222621
1693	688.516356
1694	686.783874
1695	685.064349
1696	683.393207
1697	681.783303
1698	680.240811
1699	678.771299
1700	677.380739
1701	676.075001
1702	674.859754
1703	673.740969
1704	672.724416
1705	671.815967
1706	671.021390
1707	670.346556
1708	669.797235
1709	669.379298
1710	669.098716
1711	668.961057
1712	668.972292
1713	669.138293
1714	669.464728
1715	669.957568
1716	670.622583
1717	671.465746
1718	672.492623
1719	673.709186
1720	675.121306
1721	676.734753
1722	678.555397
1723	680.589008
1724	682.841355
1725	685.302520
1726	687.927458
1727	690.666572
1728	693.470063
1729	696.288230
1730	699.071274
1731	701.769597
1732	704.333398
1733	706.712878
1734	708.858539
1735	710.720380
1736	712.255584
1737	713.456559
1738	714.328164
1739	714.875056
1740	715.101991
1741	715.013626
1742	714.614718
1743	713.910025
1744	712.904606
1745	711.641786
1746	710.228856
1747	708.779487
1748	707.407348
1749	706.226010
1750	705.349141
1751	704.870269
1752	704.733521
1753	704.816521
1754	705.017443
1755	705.319584
1756	705.727501
1757	706.245646
1758	706.878575
1759	707.630640
1760	708.506395
1761	709.510295
1762	710.646894
1763	711.920546
1764	713.335804
1765	714.874246
1766	716.482835
1767	718.119967
1768	719.744852
1769	721.316393
1770	722.793699
1771	724.135775
1772	725.301830
1773	726.250868
1774	726.941796
1775	727.334530
1776	727.438584
1777	727.348194
1778	727.165897
1779	726.993924
1780	726.934913
1781	727.088565
1782	727.456398
1783	727.914115
1784	728.331142
1785	728.577208
1786	728.566276
1787	728.342782
1788	727.975860
1789	727.534237
1790	727.086844
1791	726.702613
1792	726.450474
1793	726.399257
1794	726.617791
1795	727.175108
1796	728.137913
1797	729.541733
1798	731.367641
1799	733.433035
1800	735.500251
1801	737.346908
1802	738.906304
1803	740.204450
1804	741.268070
1805	742.124087
1806	742.799529
1807	743.321115
1808	743.715974
1809	744.010828
1810	744.232703
1811	744.408420
1812	744.565008
1813	744.729187
1814	744.928084
1815	745.188422
1816	745.537833
1817	746.009114
1818	746.637487
1819	747.457875
1820	748.505502
1821	749.815289
1822	751.401103
1823	753.190673
1824	755.090673
1825	757.007375
1826	758.847251
1827	760.516774
1828	761.922112
1829	763.011239
1830	763.860475
1831	764.570533
1832	765.241622
1833	765.974455
1834	766.869341
1835	768.013228
1836	769.364211
1837	770.763780
1838	772.203432
1839	773.684787
1840	775.216145
1841	776.832122
1842	778.573916
1843	780.459239
1844	782.411368
1845	784.329487
1846	786.145475
1847	787.920064
1848	789.746174
1849	791.694153
1850	793.315799
1851	793.879392
1852	793.569152
1853	792.819821
1854	792.100551
1855	791.617428
1856	791.456489
1857	791.817945
1858	792.698559
1859	794.032740
1860	795.755100
1861	797.800553
1862	800.105333
1863	802.606175
1864	805.208744
1865	807.693189
1866	809.871848
1867	811.810717
1868	813.639054
1869	815.486015
1870	817.480960
1871	819.709926
1872	822.046995
1873	824.372929
1874	826.590052
1875	828.600382
1876	830.342075
1877	831.897421
1878	833.384242
1879	834.920559
1880	836.598078
1881	838.403033
1882	840.295037
1883	842.233704
1884	844.178950
1885	846.033604
1886	847.507975
1887	848.619471
1888	849.636631
1889	850.773838
1890	852.006698
1891	853.292090
1892	854.753403
1893	856.555322
1894	858.790158
1895	861.198081
1896	863.614506
1897	866.186506
1898	869.076641
1899	872.239563
1900	875.577495
1901	879.039725
1902	882.761787
1903	886.874659
1904	891.393323
1905	896.317372
1906	901.636179
1907	907.319885
1908	913.265244
1909	918.918381
1910	923.610839
1911	926.901906
1912	929.259117
1913	931.374109
1914	933.852380
1915	937.203470
1916	941.792785
1917	947.578622
1918	954.355503
1919	961.659741
1920	968.966104
1921	975.910707
1922	982.437170
1923	988.536080
1924	994.197821
1925	999.397593
1926	1004.225686
1927	1008.967641
1928	1013.754739
1929	1018.647714
1930	1023.508298
1931	1028.246407
1932	1033.002734
1933	1037.952392
1934	1043.266442
1935	1049.023836
1936	1054.924962
1937	1060.656038
1938	1066.074345
1939	1071.118138
1940	1075.737818
1941	1079.909095
1942	1083.590466
1943	1086.581517
1944	1089.088736
1945	1091.793335
1946	1095.175095
1947	1099.409128
1948	1104.571348
1949	1110.541303
1950	1117.269397
1951	1124.790043
1952	1133.243937
1953	1142.613872
1954	1152.872519
1955	1164.120086
1956	1176.107570
1957	1187.499881
1958	1198.160372
1959	1208.983826
1960	1220.251637
1961	1231.968864
1962	1244.125386
1963	1256.566336
1964	1268.878737
1965	1280.902661
1966	1293.496453
1967	1307.425337
1968	1323.127596
1969	1340.095105
1970	1357.582884
1971	1374.957297
1972	1392.003757
1973	1408.624081
1974	1424.446792
1975	1439.751256
1976	1454.725742
1977	1469.399606
1978	1483.845724
1979	1498.404197
1980	1513.567965
1981	1529.869446
1982	1546.708405
1983	1563.398571
1984	1579.616039
1984.704918	1607.234000
1984.786885	1605.304000
1984.871585	1602.056000
1984.953552	1594.575000
1985.038356	1586.381000
1985.123288	1581.862000
1985.2	1582.527000
1985.284932	1589.735000
1985.367123	1597.808000
1985.452055	1602.511000
1985.534247	1610.165000
1985.619178	1617.762000
1985.70411	1619.452000
1985.786301	1619.369000
1985.871233	1615.094000
1985.953425	1605.927000
1986.038356	1600.199000
1986.123288	1599.296000
1986.2	1599.763000
1986.284932	1604.965000
1986.367123	1612.558000
1986.452055	1618.513000
1986.534247	1625.761000
1986.619178	1631.648000
1986.70411	1633.354000
1986.786301	1632.440000
1986.871233	1629.205000
1986.953425	1622.817000
1987.038356	1614.930000
1987.123288	1611.200000
1987.2	1612.407000
1987.284932	1619.796000
1987.367123	1628.945000
1987.452055	1633.317000
1987.534247	1639.100000
1987.619178	1645.056000
1987.70411	1646.376000
1987.786301	1646.231000
1987.871233	1643.570000
1987.953425	1637.310000
1988.038251	1629.441000
1988.122951	1622.096000
1988.202186	1622.626000
1988.286885	1630.284000
1988.368852	1636.829000
1988.453552	1642.774000
1988.535519	1649.687000
1988.620219	1654.763000
1988.704918	1657.909000
1988.786885	1657.798000
1988.871585	1651.481000
1988.953552	1644.919000
1989.038356	1643.436000
1989.123288	1642.699000
1989.2	1640.099000
1989.284932	1641.764000
1989.367123	1649.556000
1989.452055	1657.299000
1989.534247	1663.569000
1989.619178	1668.160000
1989.70411	1669.210000
1989.786301	1668.104000
1989.871233	1664.345000
1989.953425	1656.783000
1990.038356	1648.369000
1990.123288	1644.022000
1990.2	1645.172000
1990.284932	1650.604000
1990.367123	1658.996000
1990.452055	1666.039000
1990.534247	1670.750000
1990.619178	1674.389000
1990.70411	1676.227000
1990.786301	1676.182000
1990.871233	1673.533000
1990.953425	1665.538000
1991.038356	1655.402000
1991.123288	1652.267000
1991.2	1654.244000
1991.284932	1659.776000
1991.367123	1669.155000
1991.452055	1675.772000
1991.534247	1681.187000
1991.619178	1685.592000
1991.70411	1688.785000
1991.786301	1693.584000
1991.871233	1690.540000
1991.953425	1680.967000
1992.038251	1674.940000
1992.122951	1672.700000
1992.202186	1673.233000
1992.286885	1676.689000
1992.368852	1682.803000
1992.453552	1689.748000
1992.535519	1696.034000
1992.620219	1701.064000
1992.704918	1702.713000
1992.786885	1698.707000
1992.871585	1692.922000
1992.953552	1687.040000
1993.038356	1677.224000
1993.123288	1671.746000
1993.2	1673.900000
1993.284932	1679.512000
1993.367123	1686.555000
1993.452055	1692.227000
1993.534247	1696.791000
1993.619178	1701.492000
1993.70411	1703.292000
1993.786301	1701.606000
1993.871233	1697.150000
1993.953425	1690.432000
1994.038356	1682.157000
1994.123288	1676.542000
1994.2	1676.580000
1994.284932	1681.857000
1994.367123	1690.420000
1994.452055	1697.900000
1994.534247	1703.602000
1994.619178	1707.172000
1994.70411	1707.650000
1994.786301	1708.416000
1994.871233	1705.299000
1994.953425	1697.417000
1995.038356	1690.273000
1995.123288	1685.968000
1995.2	1684.865000
1995.284932	1688.476000
1995.367123	1695.659000
1995.452055	1701.736000
1995.534247	1706.402000
1995.619178	1712.046000
1995.70411	1715.265000
1995.786301	1713.933000
1995.871233	1710.561000
1995.953425	1703.431000
1996.038251	1693.698000
1996.122951	1687.084000
1996.202186	1685.124000
1996.286885	1690.158000
1996.368852	1698.650000
1996.453552	1704.108000
1996.535519	1709.184000
1996.620219	1714.965000
1996.704918	1715.886000
1996.786885	1713.578000
1996.871585	1710.101000
1996.953552	1702.865000
1997.038356	1694.775000
1997.123288	1691.785000
1997.2	1695.677000
1997.284932	1700.281000
1997.367123	1705.767000
1997.452055	1712.837000
1997.534247	1717.853000
1997.619178	1722.565000
1997.70411	1723.691000
1997.786301	1720.613000
1997.871233	1716.195000
1997.953425	1711.462000
1998.038356	1704.937000
1998.123288	1699.335000
1998.2	1697.932000
1998.284932	1701.198000
1998.367123	1710.164000
1998.452055	1719.171000
1998.534247	1724.423000
1998.619178	1729.497000
1998.70411	1733.337000
1998.786301	1732.931000
1998.871233	1728.506000
1998.953425	1721.337000
1999.038356	1714.204000
1999.123288	1710.080000
1999.2	1709.928000
1999.284932	1714.776000
1999.367123	1722.902000
1999.452055	1730.608000
1999.534247	1736.223000
1999.619178	1739.553000
1999.70411	1741.615000
1999.786301	1741.724000
1999.871233	1736.154000
1999.953425	1727.007000
2000.038251	1718.298000
2000.122951	1712.474000
2000.202186	1712.437000
2000.286885	1718.398000
2000.368852	1725.548000
2000.453552	1732.739000
2000.535519	1738.352000
2000.620219	1740.414000
2000.704918	1741.295000
2000.786885	1740.734000
2000.871585	1736.086000
2000.953552	1727.377000
2001.038356	1717.349000
2001.123288	1711.068000
2001.2	1711.221000
2001.284932	1715.810000
2001.367123	1723.743000
2001.452055	1731.974000
2001.534247	1737.636000
2001.619178	1740.819000
2001.70411	1741.992000
2001.786301	1739.288000
2001.871233	1732.526000
2001.953425	1724.490000
2002.038356	1715.784000
2002.123288	1711.556000
2002.2	1712.803000
2002.284932	1717.583000
2002.367123	1725.315000
2002.452055	1733.278000
2002.534247	1738.984000
2002.619178	1742.310000
2002.70411	1743.490000
2002.786301	1742.212000
2002.871233	1737.721000
2002.953425	1729.241000
2003.038356	1719.480000
2003.123288	1713.472000
2003.2	1713.089000
2003.284932	1718.876000
2003.367123	1727.274000
2003.452055	1733.191000
2003.534247	1737.559000
2003.619178	1742.472000
2003.70411	1745.365000
2003.786301	1742.885000
2003.871233	1736.555000
2003.953425	1729.996000
2004.038251	1721.529000
2004.122951	1713.923000
2004.202186	1711.709000
2004.286885	1716.925000
2004.368852	1725.777000
2004.453552	1732.479000
2004.535519	1738.802000
2004.620219	1743.684000
2004.704918	1743.954000
2004.786885	1741.446000
2004.871585	1735.296000
2004.953552	1726.899000
2005.038356	1718.018000
2005.123288	1711.965000
2005.2	1712.100000
2005.284932	1717.439000
2005.367123	1725.922000
2005.452055	1731.674000
2005.534247	1735.446000
2005.619178	1740.962000
2005.70411	1742.617000
2005.786301	1740.579000
2005.871233	1736.371000
2005.953425	1728.471000
2006.038356	1718.650000
2006.123288	1712.342000
2006.2	1712.226000
2006.284932	1717.071000
2006.367123	1723.632000
2006.452055	1730.112000
2006.534247	1734.918000
2006.619178	1738.211000
2006.70411	1740.745000
2006.786301	1740.165000
2006.871233	1735.977000
2006.953425	1728.106000
2007.038356	1718.222000
2007.123288	1712.940000
2007.2	1714.209000
2007.284932	1719.974000
2007.367123	1728.165000
2007.452055	1736.539000
2007.534247	1742.472000
2007.619178	1745.942000
2007.70411	1748.909000
2007.786301	1748.838000
2007.871233	1744.246000
2007.953425	1736.925000
2008.038251	1729.285000
2008.122951	1724.618000
2008.202186	1726.150000
2008.286885	1732.792000
2008.368852	1738.321000
2008.453552	1742.789000
2008.535519	1750.353000
2008.620219	1755.908000
2008.704918	1755.952000
2008.786885	1754.373000
2008.871585	1749.067000
2008.953552	1738.813000
2009.038356	1730.281000
2009.123288	1726.141000
2009.2	1726.627000
2009.284932	1731.914000
2009.367123	1738.789000
2009.452055	1745.955000
2009.534247	1752.550000
2009.619178	1758.048000
2009.70411	1760.372000
2009.786301	1759.067000
2009.871233	1753.733000
2009.953425	1743.553000
2010.038356	1735.437000
2010.123288	1732.153000
2010.2	1732.266000
2010.284932	1736.368000
2010.367123	1742.330000
2010.452055	1751.756000
2010.534247	1761.826000
2010.619178	1765.803000
2010.70411	1766.318000
2010.786301	1765.660000
2010.871233	1761.868000
2010.953425	1754.452000
2011.038356	1744.801000
2011.123288	1739.283000
2011.2	1741.967000
2011.284932	1749.278000
2011.367123	1753.602000
2011.452055	1758.184000
2011.534247	1764.814000
2011.619178	1770.093000
2011.70411	1772.533000
