"CFC-113 SH scenario from Patricia Martinerie SIO05 scale 31/8/11"
784	
1800	0
1944.04	0
1944.13	0
1944.21	9.58E-04
1944.29	1.04E-03
1944.38	2.00E-03
1944.46	2.96E-03
1944.54	4.04E-03
1944.63	5.13E-03
1944.71	6.00E-03
1944.79	7.00E-03
1944.88	7.00E-03
1944.96	7.21E-03
1945.04	8.00E-03
1945.13	9.00E-03
1945.21	1.02E-02
1945.29	1.23E-02
1945.38	1.48E-02
1945.46	1.75E-02
1945.54	2.03E-02
1945.63	2.24E-02
1945.71	2.45E-02
1945.79	2.65E-02
1945.88	2.75E-02
1945.96	2.85E-02
1946.04	2.95E-02
1946.13	3.16E-02
1946.21	3.37E-02
1946.29	3.71E-02
1946.38	4.03E-02
1946.46	4.44E-02
1946.54	4.78E-02
1946.63	5.07E-02
1946.71	5.37E-02
1946.79	5.50E-02
1946.88	5.69E-02
1946.96	5.80E-02
1947.04	5.88E-02
1947.13	6.09E-02
1947.21	6.39E-02
1947.29	6.71E-02
1947.38	7.08E-02
1947.46	7.49E-02
1947.54	7.91E-02
1947.63	8.31E-02
1947.71	8.52E-02
1947.79	8.70E-02
1947.88	8.81E-02
1947.96	8.92E-02
1948.04	9.13E-02
1948.13	9.31E-02
1948.21	9.64E-02
1948.29	0.10058
1948.38	0.10475
1948.46	0.10992
1948.54	0.11358
1948.63	0.11775
1948.71	0.12146
1948.79	0.12354
1948.88	0.1245
1948.96	0.12646
1949.04	0.12754
1949.13	0.13025
1949.21	0.13442
1949.29	0.13808
1949.38	0.14325
1949.46	0.14842
1949.54	0.15358
1949.63	0.1574
1949.71	0.16142
1949.79	0.16379
1949.88	0.16588
1949.96	0.16696
1950.04	0.16879
1950.13	0.17175
1950.21	0.17592
1950.29	0.18113
1950.38	0.1858
1950.46	0.19188
1950.54	0.19813
1950.63	0.20325
1950.71	0.20733
1950.79	0.21004
1950.88	0.21213
1950.96	0.21321
1951.04	0.21558
1951.13	0.21838
1951.21	0.22363
1951.29	0.22988
1951.38	0.2365
1951.46	0.24383
1951.54	0.24988
1951.63	0.25575
1951.71	0.26046
1951.79	0.26354
1951.88	0.2655
1951.96	0.26746
1952.04	0.26954
1952.13	0.27325
1952.21	0.27913
1952.29	0.28517
1952.38	0.2935
1952.46	0.30083
1952.54	0.30917
1952.63	0.3151
1952.71	0.32042
1952.79	0.32379
1952.88	0.32688
1952.96	0.32896
1953.04	0.33158
1953.13	0.33563
1953.21	0.34188
1953.29	0.35017
1953.38	0.3576
1953.46	0.36683
1953.54	0.37617
1953.63	0.38338
1953.71	0.38933
1953.79	0.39304
1953.88	0.39613
1953.96	0.39821
1954.04	0.40129
1954.13	0.40538
1954.21	0.41283
1954.29	0.42146
1954.38	0.43188
1954.46	0.44229
1954.54	0.45117
1954.63	0.4595
1954.71	0.46638
1954.79	0.47108
1954.88	0.4735
1954.96	0.47646
1955.04	0.48008
1955.13	0.4855
1955.21	0.49383
1955.29	0.50271
1955.38	0.51375
1955.46	0.52625
1955.54	0.53775
1955.63	0.5468
1955.71	0.55413
1955.79	0.56038
1955.88	0.56375
1955.96	0.56696
1956.04	0.57058
1956.13	0.5775
1956.21	0.58679
1956.29	0.59829
1956.38	0.6104
1956.46	0.62471
1956.54	0.63821
1956.63	0.64963
1956.71	0.6585
1956.79	0.66408
1956.88	0.66725
1956.96	0.67142
1957.04	0.67588
1957.13	0.68263
1957.21	0.69325
1957.29	0.70704
1957.38	0.722
1957.46	0.73821
1957.54	0.75204
1957.63	0.76488
1957.71	0.77483
1957.79	0.78208
1957.88	0.786
1957.96	0.78992
1958.04	0.79563
1958.13	0.80413
1958.21	0.81696
1958.29	0.83033
1958.38	0.84763
1958.46	0.86538
1958.54	0.88233
1958.63	0.8959
1958.71	0.90754
1958.79	0.91538
1958.88	0.92075
1958.96	0.92592
1959.04	0.93138
1959.13	0.94125
1959.21	0.95571
1959.29	0.97242
1959.38	0.991
1959.46	1.0116
1959.54	1.0314
1959.63	1.0489
1959.71	1.0618
1959.79	1.0701
1959.88	1.0754
1959.96	1.0806
1960.04	1.0882
1960.13	1.0979
1960.21	1.1139
1960.29	1.1342
1960.38	1.1575
1960.46	1.1815
1960.54	1.2019
1960.63	1.221
1960.71	1.2368
1960.79	1.2472
1960.88	1.2535
1960.96	1.2594
1961.04	1.2672
1961.13	1.28
1961.21	1.2991
1961.29	1.319
1961.38	1.3451
1961.46	1.3722
1961.54	1.3985
1961.63	1.418
1961.71	1.4357
1961.79	1.448
1961.88	1.4565
1961.96	1.4638
1962.04	1.472
1962.13	1.4859
1962.21	1.5075
1962.29	1.5336
1962.38	1.5596
1962.46	1.5904
1962.54	1.6195
1962.63	1.6453
1962.71	1.6643
1962.79	1.6762
1962.88	1.6845
1962.96	1.6928
1963.04	1.7028
1963.13	1.7173
1963.21	1.7409
1963.29	1.7707
1963.38	1.8054
1963.46	1.8408
1963.54	1.8714
1963.63	1.8995
1963.71	1.9226
1963.79	1.9383
1963.88	1.9475
1963.96	1.9563
1964.04	1.9683
1964.13	1.9869
1964.21	2.0156
1964.29	2.0452
1964.38	2.0845
1964.46	2.1252
1964.54	2.1635
1964.63	2.1935
1964.71	2.2195
1964.79	2.2383
1964.88	2.2504
1964.96	2.2618
1965.04	2.2735
1965.13	2.2945
1965.21	2.3273
1965.29	2.3659
1965.38	2.4067
1965.46	2.4511
1965.54	2.4968
1965.63	2.5349
1965.71	2.5638
1965.79	2.5823
1965.88	2.5946
1965.96	2.6063
1966.04	2.6209
1966.13	2.643
1966.21	2.6792
1966.29	2.724
1966.38	2.7758
1966.46	2.8289
1966.54	2.8737
1966.63	2.9178
1966.71	2.9514
1966.79	2.9749
1966.88	2.9885
1966.96	3.0022
1967.04	3.0194
1967.13	3.0476
1967.21	3.0906
1967.29	3.1351
1967.38	3.1931
1967.46	3.2535
1967.54	3.3114
1967.63	3.3557
1967.71	3.3948
1967.79	3.4227
1967.88	3.441
1967.96	3.4577
1968.04	3.4749
1968.13	3.5066
1968.21	3.556
1968.29	3.6133
1968.38	3.6737
1968.46	3.7417
1968.54	3.8082
1968.63	3.8659
1968.71	3.9088
1968.79	3.9364
1968.88	3.9541
1968.96	3.9721
1969.04	3.9951
1969.13	4.027
1969.21	4.0813
1969.29	4.1485
1969.38	4.226
1969.46	4.3064
1969.54	4.3739
1969.63	4.4385
1969.71	4.4896
1969.79	4.524
1969.88	4.545
1969.96	4.565
1970.04	4.5911
1970.13	4.6336
1970.21	4.6981
1970.29	4.7647
1970.38	4.8531
1970.46	4.9435
1970.54	5.0307
1970.63	5.0974
1970.71	5.1554
1970.79	5.1985
1970.88	5.2246
1970.96	5.2505
1971.04	5.2767
1971.13	5.3245
1971.21	5.3984
1971.29	5.485
1971.38	5.576
1971.46	5.677
1971.54	5.7778
1971.63	5.8644
1971.71	5.9292
1971.79	5.9706
1971.88	5.9976
1971.96	6.0241
1972.04	6.0581
1972.13	6.1074
1972.21	6.1892
1972.29	6.2898
1972.38	6.4071
1972.46	6.5276
1972.54	6.6289
1972.63	6.7268
1972.71	6.8042
1972.79	6.8563
1972.88	6.888
1972.96	6.9183
1973.04	6.9569
1973.13	7.0214
1973.21	7.1181
1973.29	7.2195
1973.38	7.3519
1973.46	7.488
1973.54	7.6195
1973.63	7.7196
1973.71	7.8066
1973.79	7.8716
1973.88	7.9118
1973.96	7.9492
1974.04	7.9892
1974.13	8.0608
1974.21	8.1726
1974.29	8.303
1974.38	8.4395
1974.46	8.592
1974.54	8.7447
1974.63	8.8736
1974.71	8.9722
1974.79	9.0339
1974.88	9.0753
1974.96	9.1156
1975.04	9.166
1975.13	9.2398
1975.21	9.363
1975.29	9.5143
1975.38	9.6904
1975.46	9.8714
1975.54	10.024
1975.63	10.171
1975.71	10.287
1975.79	10.366
1975.88	10.413
1975.96	10.458
1976.04	10.517
1976.13	10.613
1976.21	10.759
1976.29	10.911
1976.38	11.11
1976.46	11.315
1976.54	11.512
1976.63	11.663
1976.71	11.795
1976.79	11.891
1976.88	11.952
1976.96	12.009
1977.04	12.069
1977.13	12.176
1977.21	12.344
1977.29	12.541
1977.38	12.747
1977.46	12.976
1977.54	13.205
1977.63	13.4
1977.71	13.548
1977.79	13.641
1977.88	13.703
1977.96	13.763
1978.04	13.84
1978.13	13.951
1978.21	14.136
1978.29	14.364
1978.38	14.629
1978.46	14.901
1978.54	15.131
1978.63	15.353
1978.71	15.526
1978.79	15.645
1978.88	15.717
1978.96	15.784
1979.04	15.872
1979.13	16.017
1979.21	16.235
1979.29	16.464
1979.38	16.763
1979.46	17.071
1979.54	17.368
1979.63	17.595
1979.71	17.792
1979.79	17.938
1979.88	18.028
1979.96	18.114
1980.04	18.205
1980.13	18.366
1980.21	18.619
1980.29	18.915
1980.38	19.222
1980.46	19.568
1980.54	19.912
1980.63	20.205
1980.71	20.427
1980.79	20.566
1980.88	20.659
1980.96	20.75
1981.04	20.865
1981.13	21.029
1981.21	21.303
1981.29	21.64
1981.38	22.028
1981.46	22.425
1981.54	22.757
1981.63	23.076
1981.71	23.325
1981.79	23.496
1981.88	23.597
1981.96	23.693
1982.04	23.817
1982.13	24.019
1982.21	24.323
1982.29	24.638
1982.38	25.045
1982.46	25.459
1982.54	25.854
1982.63	26.152
1982.71	26.409
1982.79	26.598
1982.88	26.714
1982.96	26.823
1983.04	26.938
1983.13	27.145
1983.21	27.47
1983.29	27.849
1983.38	28.242
1983.46	28.68
1983.54	29.115
1983.63	29.483
1983.71	29.761
1983.79	29.934
1983.88	30.047
1983.96	30.158
1984.04	30.302
1984.13	30.512
1984.21	30.869
1984.29	31.314
1984.38	31.836
1984.46	32.377
1984.54	32.837
1984.63	33.281
1984.71	33.631
1984.79	33.871
1984.88	34.015
1984.96	34.151
1985.04	34.331
1985.13	34.629
1985.21	35.079
1985.29	35.551
1985.38	36.174
1985.46	36.817
1985.54	37.437
1985.63	37.912
1985.71	38.325
1985.79	38.631
1985.88	38.822
1985.96	39.002
1986.04	39.19
1986.13	39.522
1986.21	40.041
1986.29	40.64
1986.38	41.258
1986.46	41.944
1986.54	42.623
1986.63	43.195
1986.71	43.627
1986.79	43.896
1986.88	44.072
1986.96	44.245
1987.04	44.465
1987.13	44.779
1987.21	45.308
1987.29	45.953
1987.37	44.96
1987.46	45.89
1987.54	46.88
1987.62	47.87
1987.71	49.16
1987.79	48.98
1987.87	49.85
1987.96	50.32
1988.04	50.94
1988.12	50.44
1988.21	51.38
1988.29	52.18
1988.37	52.54
1988.46	52.74
1988.54	52.8
1988.63	53.5
1988.71	54.2
1988.79	54.66
1988.87	55.8
1988.96	56.68
1989.04	56.93
1989.12	56.94
1989.21	58.45
1989.29	58.67
1989.37	59.14
1989.46	60
1989.54	60.14
1989.62	60.72
1989.71	61.26
1989.79	62.03
1989.87	62.22
1989.96	61.93
1990.04	62.38
1990.12	63.2
1990.21	64.03
1990.29	64.86
1990.37	65.35
1990.46	67.56
1990.54	68.22
1990.62	67.94
1990.71	68.24
1990.79	68.66
1990.87	69.13
1990.96	69.31
1991.04	69.1
1991.12	69.35
1991.21	69.68
1991.29	70.35
1991.37	71.21
1991.46	71.94
1991.54	71.57
1991.62	71.82
1991.71	72.43
1991.79	72.88
1991.87	73.06
1991.96	73.58
1992.04	73.63
1992.12	74.22
1992.21	77.04
1992.29	77.76
1992.37	76.79
1992.46	76.51
1992.54	77.37
1992.62	78.04
1992.71	77.98
1992.79	78.47
1992.87	78.46
1992.96	78.71
1993.04	78.74
1993.12	78.96
1993.21	79.1
1993.29	79.43
1993.37	79.83
1993.46	80.11
1993.54	80.18
1993.62	81.083
1993.71	80.802
1993.79	80.784
1993.87	80.939
1993.96	80.901
1994.04	80.969
1994.12	81.169
1994.21	81.396
1994.29	81.527
1994.37	81.628
1994.46	81.736
1994.54	81.973
1994.62	82.214
1994.71	82.493
1994.79	82.564
1994.87	82.614
1994.96	82.443
1995.04	82.299
1995.12	82.363
1995.21	82.538
1995.29	82.347
1995.37	82.357
1995.46	82.505
1995.54	82.57
1995.62	82.628
1995.71	82.696
1995.79	82.732
1995.87	82.745
1995.96	82.739
1996.04	82.691
1996.12	82.656
1996.21	82.717
1996.29	82.776
1996.37	82.939
1996.46	82.931
1996.54	82.925
1996.62	83.002
1996.71	83.108
1996.79	83.197
1996.87	83.12
1996.96	83.033
1997.04	82.997
1997.12	82.866
1997.21	82.837
1997.29	82.811
1997.37	82.791
1997.46	82.839
1997.54	82.878
1997.62	82.937
1997.71	82.949
1997.79	82.946
1997.87	82.919
1997.96	82.897
1998.04	82.845
1998.12	82.73
1998.21	82.608
1998.29	82.498
1998.37	82.597
1998.46	82.658
1998.54	82.705
1998.62	82.708
1998.71	82.711
1998.79	82.735
1998.87	82.691
1998.96	82.737
1999.04	82.692
1999.12	82.579
1999.21	82.425
1999.29	82.353
1999.37	82.276
1999.46	82.238
1999.54	82.27
1999.62	82.29
1999.71	82.229
1999.79	82.122
1999.87	82.063
1999.96	81.982
2000.04	81.896
2000.12	81.852
2000.21	81.84
2000.29	81.787
2000.37	81.733
2000.46	81.726
2000.54	81.465
2000.62	81.519
2000.71	81.519
2000.79	81.502
2000.87	81.517
2000.96	81.49
2001.04	81.72
2001.12	81.409
2001.21	81.17
2001.29	81.135
2001.37	81.11
2001.46	81.137
2001.54	81.178
2001.62	81.22
2001.71	81.172
2001.79	81.169
2001.87	81.095
2001.96	80.959
2002.04	80.856
2002.12	80.681
2002.21	80.593
2002.29	80.515
2002.37	80.449
2002.46	80.431
2002.54	80.38
2002.62	80.193
2002.71	80.19
2002.79	80.223
2002.87	80.205
2002.96	80.152
2003.04	80.031
2003.12	79.871
2003.21	79.834
2003.29	79.753
2003.37	79.552
2003.46	79.528
2003.54	79.651
2003.62	79.786
2003.71	79.813
2003.79	79.78
2003.87	79.704
2003.96	79.607
2004.04	79.535
2004.12	79.423
2004.21	79.282
2004.29	79.217
2004.37	79.211
2004.46	79.079
2004.54	79.027
2004.62	79.009
2004.71	78.953
2004.79	78.875
2004.87	78.835
2004.96	78.845
2005.04	78.682
2005.12	78.501
2005.21	78.339
2005.29	78.267
2005.37	78.305
2005.46	78.419
2005.54	78.442
2005.62	78.4
2005.71	78.377
2005.79	78.318
2005.87	78.286
2005.96	78.146
2006.04	78.097
2006.12	78.001
2006.21	77.893
2006.29	77.817
2006.37	77.757
2006.46	77.748
2006.54	77.754
2006.62	77.754
2006.71	77.707
2006.79	77.665
2006.87	77.608
2006.96	77.552
2007.04	77.425
2007.12	77.326
2007.21	77.217
2007.29	77.12
2007.37	77.069
2007.46	77.029
2007.54	76.994
2007.62	77.028
2007.71	76.97
2007.79	76.957
2007.87	76.877
2007.96	76.796
2008.04	76.734
2008.12	76.659
2008.21	76.544
2008.29	76.478
2008.37	76.488
2008.46	76.515
2008.54	76.484
2008.62	76.428
2008.71	76.386
2008.79	76.331
2008.87	76.281
2008.96	76.215
2009.04	76.078
2009.12	75.856
2009.21	75.7
