"SH CO2 from 20y spline to LD, monthly CGO from 1991, 5 Oct 11"
2234	
1	276.7015
2	276.761
3	276.8203
4	276.8793
5	276.9379
6	276.9961
7	277.0535
8	277.1102
9	277.166
10	277.2208
11	277.2744
12	277.3267
13	277.3776
14	277.4269
15	277.4745
16	277.5204
17	277.5642
18	277.606
19	277.6457
20	277.6829
21	277.7177
22	277.75
23	277.7795
24	277.8062
25	277.8299
26	277.8504
27	277.8678
28	277.8817
29	277.8922
30	277.8991
31	277.9024
32	277.9023
33	277.899
34	277.8927
35	277.8836
36	277.8719
37	277.8578
38	277.8416
39	277.8234
40	277.8033
41	277.7817
42	277.7587
43	277.7345
44	277.7094
45	277.6834
46	277.6568
47	277.6299
48	277.6027
49	277.5756
50	277.5487
51	277.5222
52	277.4963
53	277.4712
54	277.4471
55	277.4243
56	277.4028
57	277.383
58	277.3647
59	277.3479
60	277.3326
61	277.3188
62	277.3063
63	277.2952
64	277.2855
65	277.277
66	277.2697
67	277.2637
68	277.2588
69	277.2549
70	277.2522
71	277.2505
72	277.2498
73	277.25
74	277.2511
75	277.2531
76	277.2559
77	277.2594
78	277.2637
79	277.2687
80	277.2743
81	277.2805
82	277.2873
83	277.2946
84	277.3024
85	277.3106
86	277.3192
87	277.3282
88	277.3375
89	277.3471
90	277.3568
91	277.3668
92	277.3769
93	277.3871
94	277.3974
95	277.4077
96	277.4179
97	277.4281
98	277.4382
99	277.4482
100	277.4579
101	277.4674
102	277.4766
103	277.4856
104	277.4941
105	277.5023
106	277.51
107	277.5176
108	277.5249
109	277.5323
110	277.5396
111	277.5472
112	277.555
113	277.5632
114	277.5719
115	277.5812
116	277.5912
117	277.602
118	277.6137
119	277.6264
120	277.6403
121	277.6554
122	277.6718
123	277.6897
124	277.7092
125	277.7303
126	277.7533
127	277.778
128	277.8048
129	277.8337
130	277.8648
131	277.8982
132	277.934
133	277.9723
134	278.0133
135	278.057
136	278.1036
137	278.153
138	278.2053
139	278.26
140	278.3172
141	278.3765
142	278.4378
143	278.5009
144	278.5656
145	278.6317
146	278.699
147	278.7672
148	278.8363
149	278.906
150	278.9761
151	279.0465
152	279.1169
153	279.187
154	279.2569
155	279.3262
156	279.3947
157	279.4623
158	279.5287
159	279.5938
160	279.6573
161	279.7192
162	279.7791
163	279.8369
164	279.8924
165	279.9453
166	279.9956
167	280.043
168	280.0873
169	280.1283
170	280.1661
171	280.2009
172	280.2328
173	280.2621
174	280.2888
175	280.3132
176	280.3353
177	280.3555
178	280.3738
179	280.3904
180	280.4055
181	280.4192
182	280.4318
183	280.4433
184	280.454
185	280.464
186	280.4735
187	280.4826
188	280.4916
189	280.5005
190	280.5096
191	280.519
192	280.529
193	280.5396
194	280.5509
195	280.5633
196	280.5769
197	280.5918
198	280.6081
199	280.6262
200	280.646
201	280.6679
202	280.6919
203	280.7183
204	280.7469
205	280.7776
206	280.8101
207	280.8442
208	280.8796
209	280.9161
210	280.9535
211	280.9915
212	281.0298
213	281.0682
214	281.1066
215	281.1446
216	281.182
217	281.2185
218	281.254
219	281.2882
220	281.3208
221	281.3516
222	281.3804
223	281.4069
224	281.4308
225	281.452
226	281.4702
227	281.4852
228	281.4966
229	281.5045
230	281.5087
231	281.5096
232	281.5071
233	281.5014
234	281.4927
235	281.4811
236	281.4666
237	281.4495
238	281.4299
239	281.4078
240	281.3835
241	281.357
242	281.3285
243	281.2981
244	281.2658
245	281.232
246	281.1966
247	281.1599
248	281.1219
249	281.0827
250	281.0425
251	281.0015
252	280.9597
253	280.9172
254	280.8743
255	280.831
256	280.7875
257	280.7438
258	280.7002
259	280.6567
260	280.6135
261	280.5706
262	280.5284
263	280.4867
264	280.4458
265	280.4059
266	280.3669
267	280.3291
268	280.2927
269	280.2576
270	280.2241
271	280.1922
272	280.1622
273	280.1341
274	280.108
275	280.0841
276	280.0623
277	280.0425
278	280.0245
279	280.0082
280	279.9936
281	279.9803
282	279.9684
283	279.9576
284	279.9479
285	279.9391
286	279.9312
287	279.9238
288	279.917
289	279.9106
290	279.9044
291	279.8983
292	279.8923
293	279.8861
294	279.8797
295	279.8728
296	279.8654
297	279.8574
298	279.8485
299	279.8388
300	279.828
301	279.8159
302	279.8026
303	279.7878
304	279.7716
305	279.7538
306	279.7346
307	279.714
308	279.6918
309	279.6683
310	279.6433
311	279.6169
312	279.5891
313	279.5598
314	279.5292
315	279.4972
316	279.4638
317	279.4291
318	279.393
319	279.3556
320	279.3168
321	279.2767
322	279.2353
323	279.1925
324	279.1485
325	279.1032
326	279.0566
327	279.0087
328	278.9596
329	278.9092
330	278.8576
331	278.8048
332	278.7509
333	278.6961
334	278.6404
335	278.5839
336	278.5267
337	278.4689
338	278.4106
339	278.3519
340	278.2928
341	278.2336
342	278.1741
343	278.1147
344	278.0553
345	277.9961
346	277.9371
347	277.8784
348	277.8202
349	277.7625
350	277.7054
351	277.649
352	277.5934
353	277.5388
354	277.4851
355	277.4325
356	277.3811
357	277.331
358	277.2823
359	277.235
360	277.1893
361	277.1452
362	277.1028
363	277.0624
364	277.0238
365	276.9873
366	276.9528
367	276.9204
368	276.8899
369	276.8614
370	276.8347
371	276.8098
372	276.7868
373	276.7654
374	276.7458
375	276.7278
376	276.7115
377	276.6966
378	276.6833
379	276.6714
380	276.6609
381	276.6519
382	276.644
383	276.6375
384	276.6322
385	276.6281
386	276.6251
387	276.6232
388	276.6223
389	276.6225
390	276.6235
391	276.6255
392	276.6283
393	276.6319
394	276.6362
395	276.6413
396	276.647
397	276.6534
398	276.6602
399	276.6677
400	276.6755
401	276.6839
402	276.6926
403	276.7016
404	276.7109
405	276.7205
406	276.7302
407	276.7401
408	276.7501
409	276.7601
410	276.7702
411	276.7802
412	276.7901
413	276.7999
414	276.8095
415	276.8188
416	276.8279
417	276.8367
418	276.8451
419	276.8531
420	276.8606
421	276.8676
422	276.874
423	276.8799
424	276.885
425	276.8896
426	276.8933
427	276.8962
428	276.8983
429	276.8996
430	276.8999
431	276.8994
432	276.8982
433	276.8961
434	276.8934
435	276.89
436	276.8859
437	276.8813
438	276.8761
439	276.8704
440	276.8643
441	276.8577
442	276.8508
443	276.8435
444	276.8359
445	276.8281
446	276.82
447	276.8118
448	276.8035
449	276.795
450	276.7866
451	276.7781
452	276.7696
453	276.7613
454	276.753
455	276.7449
456	276.7371
457	276.7294
458	276.7221
459	276.7151
460	276.7084
461	276.7022
462	276.6964
463	276.6911
464	276.6861
465	276.6815
466	276.6772
467	276.6731
468	276.6692
469	276.6655
470	276.6619
471	276.6584
472	276.655
473	276.6515
474	276.6479
475	276.6443
476	276.6406
477	276.6366
478	276.6324
479	276.628
480	276.6232
481	276.618
482	276.6125
483	276.6065
484	276.6
485	276.593
486	276.5854
487	276.5772
488	276.5683
489	276.5587
490	276.5483
491	276.5372
492	276.5252
493	276.5123
494	276.4985
495	276.4837
496	276.4679
497	276.451
498	276.4331
499	276.4139
500	276.3936
501	276.3721
502	276.3496
503	276.3261
504	276.3019
505	276.277
506	276.2517
507	276.226
508	276.2002
509	276.1743
510	276.1484
511	276.1229
512	276.0977
513	276.073
514	276.049
515	276.0259
516	276.0037
517	275.9826
518	275.9627
519	275.9443
520	275.9274
521	275.9121
522	275.8987
523	275.8873
524	275.878
525	275.8709
526	275.8663
527	275.8642
528	275.8647
529	275.8682
530	275.8746
531	275.8841
532	275.8969
533	275.9131
534	275.9328
535	275.9563
536	275.9836
537	276.0149
538	276.0501
539	276.0891
540	276.1315
541	276.1771
542	276.2255
543	276.2765
544	276.3298
545	276.3851
546	276.4421
547	276.5005
548	276.5601
549	276.6205
550	276.6815
551	276.7429
552	276.8042
553	276.8652
554	276.9257
555	276.9853
556	277.0437
557	277.1008
558	277.1561
559	277.2094
560	277.2605
561	277.309
562	277.3546
563	277.3971
564	277.4362
565	277.4716
566	277.5029
567	277.53
568	277.5525
569	277.5702
570	277.5827
571	277.5898
572	277.5912
573	277.5867
574	277.5767
575	277.5616
576	277.5419
577	277.5181
578	277.4906
579	277.46
580	277.4266
581	277.391
582	277.3535
583	277.3148
584	277.2751
585	277.2351
586	277.1952
587	277.1558
588	277.1174
589	277.0805
590	277.0456
591	277.013
592	276.9834
593	276.9571
594	276.9345
595	276.9163
596	276.9028
597	276.8943
598	276.8905
599	276.8913
600	276.8965
601	276.9059
602	276.9194
603	276.9367
604	276.9577
605	276.9822
606	277.01
607	277.041
608	277.0749
609	277.1115
610	277.1508
611	277.1924
612	277.2362
613	277.2821
614	277.3298
615	277.3792
616	277.4301
617	277.4823
618	277.5356
619	277.5898
620	277.6448
621	277.7004
622	277.7564
623	277.8125
624	277.8687
625	277.9248
626	277.9805
627	278.0356
628	278.0901
629	278.1437
630	278.1962
631	278.2474
632	278.2972
633	278.3455
634	278.3922
635	278.4373
636	278.481
637	278.5233
638	278.5641
639	278.6037
640	278.642
641	278.6791
642	278.7151
643	278.7499
644	278.7836
645	278.8163
646	278.8481
647	278.879
648	278.909
649	278.9381
650	278.9665
651	278.9942
652	279.0212
653	279.0476
654	279.0735
655	279.0988
656	279.1237
657	279.1481
658	279.1722
659	279.196
660	279.2195
661	279.2428
662	279.266
663	279.289
664	279.3119
665	279.3349
666	279.3579
667	279.381
668	279.4041
669	279.4275
670	279.451
671	279.4743
672	279.4976
673	279.5206
674	279.5432
675	279.5654
676	279.587
677	279.608
678	279.6281
679	279.6474
680	279.6657
681	279.6829
682	279.6989
683	279.7135
684	279.7268
685	279.7385
686	279.7486
687	279.757
688	279.7635
689	279.7681
690	279.7707
691	279.7711
692	279.7692
693	279.765
694	279.7582
695	279.7489
696	279.737
697	279.7222
698	279.7045
699	279.6839
700	279.6603
701	279.6339
702	279.605
703	279.5737
704	279.5402
705	279.5047
706	279.4673
707	279.4283
708	279.3878
709	279.3461
710	279.3032
711	279.2594
712	279.2148
713	279.1698
714	279.1243
715	279.0786
716	279.033
717	278.9875
718	278.9424
719	278.8978
720	278.854
721	278.811
722	278.7692
723	278.7286
724	278.6895
725	278.652
726	278.6164
727	278.5827
728	278.5513
729	278.5222
730	278.4957
731	278.4718
732	278.4505
733	278.4316
734	278.4151
735	278.4008
736	278.3886
737	278.3785
738	278.3703
739	278.3639
740	278.3593
741	278.3562
742	278.3547
743	278.3546
744	278.3558
745	278.3582
746	278.3618
747	278.3663
748	278.3717
749	278.3779
750	278.3848
751	278.3923
752	278.4002
753	278.4086
754	278.4172
755	278.426
756	278.4348
757	278.4436
758	278.4523
759	278.4607
760	278.4688
761	278.4764
762	278.4835
763	278.49
764	278.4956
765	278.5004
766	278.5043
767	278.5074
768	278.5097
769	278.5113
770	278.5123
771	278.5126
772	278.5123
773	278.5116
774	278.5104
775	278.5089
776	278.507
777	278.5048
778	278.5024
779	278.4998
780	278.4972
781	278.4944
782	278.4917
783	278.489
784	278.4865
785	278.4841
786	278.482
787	278.4801
788	278.4786
789	278.4774
790	278.4767
791	278.4766
792	278.4769
793	278.4779
794	278.4796
795	278.4819
796	278.4851
797	278.4891
798	278.494
799	278.4998
800	278.5067
801	278.5145
802	278.5233
803	278.5329
804	278.5435
805	278.5548
806	278.567
807	278.5799
808	278.5934
809	278.6077
810	278.6226
811	278.6381
812	278.6541
813	278.6707
814	278.6877
815	278.7051
816	278.7229
817	278.7411
818	278.7595
819	278.7783
820	278.7973
821	278.8164
822	278.8358
823	278.8552
824	278.8747
825	278.8942
826	278.9138
827	278.9332
828	278.9526
829	278.9719
830	278.991
831	279.0099
832	279.0285
833	279.0469
834	279.0649
835	279.0826
836	279.0999
837	279.1167
838	279.1331
839	279.1489
840	279.1642
841	279.1788
842	279.1928
843	279.2062
844	279.2188
845	279.2307
846	279.2417
847	279.2519
848	279.2612
849	279.2697
850	279.2771
851	279.2836
852	279.289
853	279.2933
854	279.2965
855	279.2986
856	279.2995
857	279.2991
858	279.2975
859	279.2946
860	279.2906
861	279.2854
862	279.2792
863	279.2719
864	279.2638
865	279.2549
866	279.2451
867	279.2346
868	279.2234
869	279.2117
870	279.1994
871	279.1866
872	279.1735
873	279.16
874	279.1462
875	279.1322
876	279.1181
877	279.1039
878	279.0896
879	279.0755
880	279.0614
881	279.0475
882	279.0339
883	279.0205
884	279.0075
885	278.995
886	278.983
887	278.9715
888	278.9607
889	278.9505
890	278.9412
891	278.9326
892	278.9249
893	278.9182
894	278.9125
895	278.9079
896	278.9044
897	278.9021
898	278.9011
899	278.9014
900	278.9028
901	278.9054
902	278.909
903	278.9136
904	278.9191
905	278.9255
906	278.9326
907	278.9405
908	278.949
909	278.9581
910	278.9677
911	278.9777
912	278.988
913	278.9987
914	279.0096
915	279.0206
916	279.0318
917	279.0429
918	279.054
919	279.065
920	279.0758
921	279.0864
922	279.0966
923	279.1065
924	279.1158
925	279.1247
926	279.1329
927	279.1405
928	279.1474
929	279.1534
930	279.1586
931	279.1628
932	279.166
933	279.1681
934	279.1691
935	279.1689
936	279.1674
937	279.1645
938	279.1602
939	279.1544
940	279.147
941	279.138
942	279.1273
943	279.1149
944	279.1006
945	279.0844
946	279.0664
947	279.0468
948	279.0256
949	279.0031
950	278.9793
951	278.9544
952	278.9286
953	278.902
954	278.8748
955	278.847
956	278.8189
957	278.7905
958	278.7621
959	278.7337
960	278.7055
961	278.6777
962	278.6504
963	278.6237
964	278.5978
965	278.5728
966	278.5489
967	278.5262
968	278.5049
969	278.485
970	278.4668
971	278.4502
972	278.4354
973	278.4223
974	278.4112
975	278.402
976	278.3948
977	278.3898
978	278.387
979	278.3864
980	278.3882
981	278.3924
982	278.399
983	278.4083
984	278.4201
985	278.4347
986	278.4521
987	278.4723
988	278.4955
989	278.5217
990	278.551
991	278.5834
992	278.6191
993	278.6581
994	278.7005
995	278.7463
996	278.7957
997	278.8488
998	278.9054
999	278.9659
1000	279.0302
1001	279.0984
1002	279.1706
1003	279.2469
1004	279.3273
1005	279.4119
1006	279.5006
1007	279.5927
1008	279.6872
1009	279.7832
1010	279.8798
1011	279.9759
1012	280.0707
1013	280.1632
1014	280.2526
1015	280.3378
1016	280.418
1017	280.4921
1018	280.5593
1019	280.6186
1020	280.6691
1021	280.7098
1022	280.7399
1023	280.7583
1024	280.7642
1025	280.7565
1026	280.7348
1027	280.7009
1028	280.6578
1029	280.6086
1030	280.5563
1031	280.504
1032	280.4546
1033	280.4112
1034	280.3769
1035	280.3546
1036	280.3474
1037	280.3584
1038	280.3893
1039	280.4387
1040	280.5052
1041	280.5871
1042	280.6827
1043	280.7906
1044	280.909
1045	281.0364
1046	281.1711
1047	281.3116
1048	281.4561
1049	281.6031
1050	281.7511
1051	281.8983
1052	282.0432
1053	282.1841
1054	282.3195
1055	282.4477
1056	282.5671
1057	282.6761
1058	282.773
1059	282.8568
1060	282.9276
1061	282.9861
1062	283.033
1063	283.069
1064	283.0947
1065	283.1109
1066	283.1182
1067	283.1173
1068	283.1089
1069	283.0937
1070	283.0722
1071	283.0453
1072	283.0136
1073	282.9777
1074	282.9384
1075	282.8963
1076	282.8521
1077	282.8065
1078	282.7601
1079	282.7137
1080	282.6678
1081	282.6233
1082	282.5807
1083	282.5408
1084	282.5042
1085	282.4716
1086	282.4438
1087	282.4212
1088	282.4047
1089	282.3943
1090	282.3898
1091	282.3908
1092	282.3969
1093	282.4078
1094	282.4231
1095	282.4424
1096	282.4655
1097	282.4919
1098	282.5212
1099	282.5532
1100	282.5874
1101	282.6236
1102	282.6613
1103	282.7002
1104	282.74
1105	282.7802
1106	282.8206
1107	282.8609
1108	282.9011
1109	282.9412
1110	282.981
1111	283.0207
1112	283.06
1113	283.099
1114	283.1375
1115	283.1757
1116	283.2133
1117	283.2504
1118	283.2869
1119	283.3228
1120	283.3579
1121	283.3923
1122	283.426
1123	283.4587
1124	283.4906
1125	283.5216
1126	283.5515
1127	283.5804
1128	283.6083
1129	283.6349
1130	283.6605
1131	283.6847
1132	283.7077
1133	283.7293
1134	283.7495
1135	283.7684
1136	283.7857
1137	283.8015
1138	283.8157
1139	283.8285
1140	283.8398
1141	283.8499
1142	283.8587
1143	283.8664
1144	283.873
1145	283.8786
1146	283.8834
1147	283.8873
1148	283.8905
1149	283.893
1150	283.895
1151	283.8965
1152	283.8976
1153	283.8983
1154	283.8989
1155	283.8993
1156	283.8996
1157	283.8999
1158	283.9003
1159	283.9009
1160	283.9017
1161	283.9029
1162	283.9043
1163	283.9059
1164	283.9077
1165	283.9098
1166	283.9119
1167	283.9141
1168	283.9164
1169	283.9187
1170	283.9211
1171	283.9234
1172	283.9256
1173	283.9277
1174	283.9297
1175	283.9316
1176	283.9332
1177	283.9347
1178	283.9358
1179	283.9367
1180	283.9372
1181	283.9374
1182	283.9372
1183	283.9366
1184	283.9355
1185	283.9339
1186	283.9317
1187	283.9291
1188	283.9258
1189	283.9219
1190	283.9174
1191	283.9122
1192	283.9063
1193	283.8995
1194	283.892
1195	283.8833
1196	283.8733
1197	283.8618
1198	283.8484
1199	283.8331
1200	283.8156
1201	283.7955
1202	283.7728
1203	283.7472
1204	283.7184
1205	283.6862
1206	283.6504
1207	283.6107
1208	283.567
1209	283.5194
1210	283.468
1211	283.4133
1212	283.3555
1213	283.295
1214	283.2319
1215	283.1667
1216	283.0997
1217	283.031
1218	282.9612
1219	282.8903
1220	282.8188
1221	282.7469
1222	282.675
1223	282.6033
1224	282.5321
1225	282.4618
1226	282.3927
1227	282.325
1228	282.2591
1229	282.1952
1230	282.1337
1231	282.0748
1232	282.0189
1233	281.9663
1234	281.9172
1235	281.872
1236	281.831
1237	281.7944
1238	281.7627
1239	281.736
1240	281.7146
1241	281.699
1242	281.6893
1243	281.6859
1244	281.6891
1245	281.6992
1246	281.7164
1247	281.7411
1248	281.7721
1249	281.8079
1250	281.8469
1251	281.8872
1252	281.9274
1253	281.9657
1254	282.0005
1255	282.03
1256	282.0528
1257	282.067
1258	282.0712
1259	282.0646
1260	282.048
1261	282.0222
1262	281.9881
1263	281.9465
1264	281.8982
1265	281.844
1266	281.7847
1267	281.7213
1268	281.6544
1269	281.5849
1270	281.5137
1271	281.4416
1272	281.3694
1273	281.2978
1274	281.2278
1275	281.1602
1276	281.0958
1277	281.0352
1278	280.9786
1279	280.9261
1280	280.8777
1281	280.8337
1282	280.7941
1283	280.7591
1284	280.7287
1285	280.7031
1286	280.6823
1287	280.6666
1288	280.6559
1289	280.6505
1290	280.6504
1291	280.6557
1292	280.6665
1293	280.683
1294	280.7053
1295	280.7335
1296	280.7676
1297	280.8079
1298	280.8543
1299	280.9071
1300	280.9663
1301	281.0321
1302	281.1045
1303	281.1837
1304	281.2698
1305	281.3629
1306	281.4631
1307	281.5705
1308	281.6844
1309	281.8039
1310	281.9275
1311	282.054
1312	282.1822
1313	282.3109
1314	282.4388
1315	282.5648
1316	282.6874
1317	282.8056
1318	282.9181
1319	283.0236
1320	283.1209
1321	283.2087
1322	283.2859
1323	283.3512
1324	283.4034
1325	283.4411
1326	283.4632
1327	283.4685
1328	283.4556
1329	283.4234
1330	283.3707
1331	283.2965
1332	283.202
1333	283.0889
1334	282.9592
1335	282.8145
1336	282.6568
1337	282.4878
1338	282.3092
1339	282.123
1340	281.9309
1341	281.7346
1342	281.5362
1343	281.3372
1344	281.1395
1345	280.945
1346	280.7553
1347	280.5725
1348	280.3981
1349	280.2341
1350	280.0822
1351	279.9435
1352	279.8175
1353	279.704
1354	279.6024
1355	279.5123
1356	279.4333
1357	279.3649
1358	279.3067
1359	279.2582
1360	279.219
1361	279.1887
1362	279.1668
1363	279.1529
1364	279.1465
1365	279.1472
1366	279.1546
1367	279.1682
1368	279.1875
1369	279.2122
1370	279.2419
1371	279.2759
1372	279.3139
1373	279.3556
1374	279.4003
1375	279.4478
1376	279.4975
1377	279.549
1378	279.6019
1379	279.6557
1380	279.71
1381	279.7643
1382	279.8183
1383	279.8714
1384	279.9232
1385	279.9733
1386	280.0213
1387	280.0667
1388	280.109
1389	280.1478
1390	280.1827
1391	280.2133
1392	280.2392
1393	280.2602
1394	280.2761
1395	280.2868
1396	280.2919
1397	280.2914
1398	280.285
1399	280.2726
1400	280.2538
1401	280.2286
1402	280.1967
1403	280.158
1404	280.1121
1405	280.059
1406	279.9984
1407	279.9302
1408	279.854
1409	279.7698
1410	279.6774
1411	279.5764
1412	279.4671
1413	279.3522
1414	279.2363
1415	279.1238
1416	279.0194
1417	278.9275
1418	278.8527
1419	278.7994
1420	278.7722
1421	278.7757
1422	278.8143
1423	278.8926
1424	279.015
1425	279.1862
1426	279.4107
1427	279.6929
1428	280.0374
1429	280.4487
1430	280.9261
1431	281.4142
1432	281.8413
1433	282.1963
1434	282.4838
1435	282.7083
1436	282.8743
1437	282.9863
1438	283.049
1439	283.0667
1440	283.044
1441	282.9854
1442	282.8955
1443	282.7787
1444	282.6396
1445	282.4827
1446	282.3125
1447	282.1336
1448	281.9504
1449	281.7675
1450	281.5888
1451	281.4157
1452	281.2484
1453	281.0874
1454	280.9328
1455	280.785
1456	280.6444
1457	280.5114
1458	280.386
1459	280.2689
1460	280.1601
1461	280.0602
1462	279.9693
1463	279.8878
1464	279.8161
1465	279.7545
1466	279.7032
1467	279.6628
1468	279.6333
1469	279.6151
1470	279.6087
1471	279.6138
1472	279.6299
1473	279.6565
1474	279.6929
1475	279.7386
1476	279.7931
1477	279.8558
1478	279.9261
1479	280.0034
1480	280.0872
1481	280.177
1482	280.2721
1483	280.372
1484	280.4762
1485	280.584
1486	280.6949
1487	280.8084
1488	280.9238
1489	281.0407
1490	281.1584
1491	281.2764
1492	281.3941
1493	281.511
1494	281.6264
1495	281.7399
1496	281.8508
1497	281.9587
1498	282.0629
1499	282.1628
1500	282.258
1501	282.3477
1502	282.4316
1503	282.5095
1504	282.5815
1505	282.6479
1506	282.709
1507	282.7649
1508	282.816
1509	282.8625
1510	282.9047
1511	282.9427
1512	282.9769
1513	283.0074
1514	283.0346
1515	283.0587
1516	283.0798
1517	283.0984
1518	283.1145
1519	283.1285
1520	283.1406
1521	283.1511
1522	283.1601
1523	283.168
1524	283.175
1525	283.1813
1526	283.1871
1527	283.1928
1528	283.1986
1529	283.2047
1530	283.2114
1531	283.2186
1532	283.2258
1533	283.2325
1534	283.2381
1535	283.2421
1536	283.244
1537	283.2432
1538	283.2391
1539	283.2312
1540	283.219
1541	283.2019
1542	283.1794
1543	283.1509
1544	283.1159
1545	283.0738
1546	283.0241
1547	282.9663
1548	282.8998
1549	282.824
1550	282.7384
1551	282.6436
1552	282.5417
1553	282.4353
1554	282.3266
1555	282.2181
1556	282.1123
1557	282.0115
1558	281.9182
1559	281.8348
1560	281.7637
1561	281.7071
1562	281.6657
1563	281.6385
1564	281.6245
1565	281.623
1566	281.6329
1567	281.6534
1568	281.6836
1569	281.7224
1570	281.7691
1571	281.8227
1572	281.8822
1573	281.9469
1574	282.015
1575	282.0824
1576	282.1441
1577	282.1953
1578	282.231
1579	282.2465
1580	282.2366
1581	282.1967
1582	282.1217
1583	282.0067
1584	281.847
1585	281.6374
1586	281.3733
1587	281.0496
1588	280.6615
1589	280.2063
1590	279.7049
1591	279.1921
1592	278.6982
1593	278.2289
1594	277.7816
1595	277.3536
1596	276.9423
1597	276.5452
1598	276.1595
1599	275.7827
1600	275.4121
1601	275.0452
1602	274.6793
1603	274.3117
1604	273.9402
1605	273.569
1606	273.2068
1607	272.8627
1608	272.5456
1609	272.2645
1610	272.0283
1611	271.8456
1612	271.7181
1613	271.6423
1614	271.6146
1615	271.6312
1616	271.6886
1617	271.7832
1618	271.9112
1619	272.069
1620	272.253
1621	272.4595
1622	272.685
1623	272.9257
1624	273.1779
1625	273.4382
1626	273.7028
1627	273.968
1628	274.2302
1629	274.4858
1630	274.732
1631	274.9678
1632	275.1931
1633	275.4077
1634	275.611
1635	275.8029
1636	275.9831
1637	276.1512
1638	276.307
1639	276.4501
1640	276.5803
1641	276.6973
1642	276.8014
1643	276.8927
1644	276.9717
1645	277.0387
1646	277.094
1647	277.138
1648	277.1709
1649	277.1931
1650	277.2049
1651	277.2069
1652	277.1998
1653	277.1841
1654	277.1606
1655	277.1299
1656	277.0925
1657	277.0493
1658	277.0008
1659	276.9476
1660	276.8904
1661	276.83
1662	276.7668
1663	276.7015
1664	276.6348
1665	276.5674
1666	276.4999
1667	276.4329
1668	276.3671
1669	276.303
1670	276.2415
1671	276.1831
1672	276.1284
1673	276.0782
1674	276.033
1675	275.9935
1676	275.9604
1677	275.9342
1678	275.9157
1679	275.9055
1680	275.9042
1681	275.9125
1682	275.931
1683	275.9598
1684	275.9975
1685	276.0422
1686	276.0922
1687	276.1456
1688	276.2007
1689	276.2556
1690	276.3087
1691	276.3585
1692	276.4042
1693	276.4452
1694	276.4805
1695	276.5097
1696	276.5331
1697	276.5512
1698	276.5648
1699	276.5745
1700	276.5808
1701	276.5844
1702	276.5859
1703	276.5861
1704	276.5854
1705	276.5845
1706	276.584
1707	276.5847
1708	276.587
1709	276.5917
1710	276.5993
1711	276.6105
1712	276.6259
1713	276.6462
1714	276.6719
1715	276.7038
1716	276.7423
1717	276.7882
1718	276.8421
1719	276.9046
1720	276.9763
1721	277.058
1722	277.15
1723	277.2532
1724	277.3667
1725	277.486
1726	277.6065
1727	277.7234
1728	277.8319
1729	277.9273
1730	278.0048
1731	278.0597
1732	278.0872
1733	278.0826
1734	278.041
1735	277.9595
1736	277.8442
1737	277.7044
1738	277.5495
1739	277.3887
1740	277.2314
1741	277.0868
1742	276.9642
1743	276.8729
1744	276.8163
1745	276.788
1746	276.7805
1747	276.7864
1748	276.7983
1749	276.8089
1750	276.8113
1751	276.8036
1752	276.7861
1753	276.7594
1754	276.7257
1755	276.6876
1756	276.6476
1757	276.6085
1758	276.5726
1759	276.5427
1760	276.5213
1761	276.511
1762	276.5145
1763	276.5343
1764	276.5766
1765	276.6468
1766	276.7409
1767	276.8547
1768	276.9839
1769	277.1243
1770	277.2715
1771	277.4213
1772	277.5695
1773	277.7117
1774	277.8437
1775	277.9611
1776	278.0591
1777	278.1329
1778	278.178
1779	278.1894
1780	278.1638
1781	278.1429
1782	278.1816
1783	278.2775
1784	278.4238
1785	278.6138
1786	278.8408
1787	279.0981
1788	279.379
1789	279.6768
1790	279.9847
1791	280.2962
1792	280.6045
1793	280.9029
1794	281.1847
1795	281.4438
1796	281.6837
1797	281.9142
1798	282.1393
1799	282.3609
1800	282.5807
1801	282.7976
1802	283.0091
1803	283.2125
1804	283.4052
1805	283.5845
1806	283.7478
1807	283.8925
1808	284.016
1809	284.1155
1810	284.1885
1811	284.2323
1812	284.2443
1813	284.2219
1814	284.1624
1815	284.0643
1816	283.9343
1817	283.783
1818	283.6207
1819	283.4579
1820	283.3052
1821	283.173
1822	283.0717
1823	283.0118
1824	283.0038
1825	283.0583
1826	283.1855
1827	283.3821
1828	283.5745
1829	283.7396
1830	283.8727
1831	283.9686
1832	284.0223
1833	284.0288
1834	283.9898
1835	283.9331
1836	283.8826
1837	283.8517
1838	283.8531
1839	283.9031
1840	284.032
1841	284.2735
1842	284.6435
1843	285.0855
1844	285.525
1845	285.9012
1846	286.2089
1847	286.4564
1848	286.6513
1849	286.7824
1850	286.833
1851	286.8372
1852	286.8191
1853	286.7188
1854	286.5435
1855	286.36
1856	286.2413
1857	286.1837
1858	286.1631
1859	286.1553
1860	286.141
1861	286.1205
1862	286.0987
1863	286.0881
1864	286.1291
1865	286.2593
1866	286.4747
1867	286.761
1868	287.1041
1869	287.4895
1870	287.9049
1871	288.3401
1872	288.7596
1873	289.1206
1874	289.3804
1875	289.5122
1876	289.5525
1877	289.5539
1878	289.5688
1879	289.6388
1880	289.7618
1881	289.9251
1882	290.1156
1883	290.3206
1884	290.5495
1885	290.8856
1886	291.3156
1887	291.757
1888	292.1531
1889	292.5574
1890	293.0309
1891	293.5544
1892	294.0888
1893	294.6004
1894	295.0871
1895	295.5388
1896	295.8727
1897	296.0204
1898	296.0457
1899	296.0453
1900	296.0982
1901	296.2137
1902	296.3909
1903	296.6459
1904	296.9969
1905	297.4355
1906	297.8857
1907	298.3279
1908	298.7333
1909	299.0681
1910	299.3174
1911	299.5416
1912	299.8178
1913	300.1715
1914	300.5837
1915	301.0568
1916	301.574
1917	302.1082
1918	302.6165
1919	303.0527
1920	303.3927
1921	303.6622
1922	303.8961
1923	304.1292
1924	304.3837
1925	304.6621
1926	304.9893
1927	305.3695
1928	305.7971
1929	306.2304
1930	306.6186
1931	306.9717
1932	307.3085
1933	307.6479
1934	308.0044
1935	308.3752
1936	308.7491
1937	309.1461
1938	309.5895
1939	310.0341
1940	310.4102
1941	310.6848
1942	310.8621
1943	310.9361
1944	310.9175
1945	310.835
1946	310.7945
1947	310.8066
1948	310.8866
1949	311.0475
1950	311.2695
1951	311.51
1952	311.7926
1953	312.1596
1954	312.6526
1955	313.2629
1956	313.8414
1957	314.3838
1958	314.9284
1959	315.4842
1960	316.0365
1961	316.6089
1962	317.2152
1963	317.8319
1964	318.4434
1965	319.0818
1966	319.8085
1967	320.6701
1968	321.6389
1969	322.6685
1970	323.7269
1971	324.8335
1972	325.9992
1973	327.2185
1974	328.4103
1975	329.575
1976	330.7229
1977	331.8672
1978	333.0464
1979	334.2753
1980	335.5314
1981	336.8006
1982	338.0986
1983	339.4609
1984	340.9022
1985	342.4033
1986	343.9436
1987	345.5131
1988	347.098
1989	348.6677
1990	350.2001
1991.452055	353.706
1991.534247	353.968
1991.619178	354.229
1991.70411	354.249
1991.786301	354.049
1991.871233	353.81
1991.953425	353.696
1992.038251	353.479
1992.122951	353.378
1992.202186	353.31
1992.286885	353.47
1992.368852	353.851
1992.453552	354.299
1992.535519	354.75
1992.620219	354.869
1992.704918	354.986
1992.786885	355.035
1992.871585	354.814
1992.953552	354.553
1993.038356	354.215
1993.123288	354.145
1993.2	354.36
1993.284932	354.287
1993.367123	354.265
1993.452055	354.698
1993.534247	355.158
1993.619178	355.579
1993.70411	355.802
1993.786301	355.834
1993.871233	355.735
1993.953425	355.394
1994.038356	355.017
1994.123288	355.025
1994.2	355.348
1994.284932	355.621
1994.367123	355.846
1994.452055	356.11
1994.534247	356.581
1994.619178	357.147
1994.70411	357.467
1994.786301	357.472
1994.871233	357.363
1994.953425	357.327
1995.038356	357.386
1995.123288	357.493
1995.2	357.517
1995.284932	357.485
1995.367123	357.769
1995.452055	358.177
1995.534247	358.456
1995.619178	358.797
1995.70411	359.084
1995.786301	359.189
1995.871233	359.267
1995.953425	359.527
1996.038251	359.421
1996.122951	359.091
1996.202186	359.085
1996.286885	359.123
1996.368852	359.32
1996.453552	359.82
1996.535519	360.239
1996.620219	360.58
1996.704918	360.724
1996.786885	360.59
1996.871585	360.443
1996.953552	360.316
1997.038356	360.333
1997.123288	360.467
1997.2	360.509
1997.284932	360.564
1997.367123	360.737
1997.452055	360.948
1997.534247	361.337
1997.619178	361.806
1997.70411	362.072
1997.786301	362.197
1997.871233	362.17
1997.953425	362.079
1998.038356	362.018
1998.123288	362.165
1998.2	362.47
1998.284932	362.743
1998.367123	363.111
1998.452055	363.542
1998.534247	364.057
1998.619178	364.698
1998.70411	365.055
1998.786301	365.012
1998.871233	364.912
1998.953425	364.88
1999.038356	365.015
1999.123288	365.076
1999.2	364.891
1999.284932	364.943
1999.367123	365.191
1999.452055	365.348
1999.534247	365.63
1999.619178	366.077
1999.70411	366.45
1999.786301	366.601
1999.871233	366.534
1999.953425	366.535
2000.038251	366.6
2000.122951	366.43
2000.202186	366.188
2000.286885	366.11
2000.368852	366.329
2000.453552	366.773
2000.535519	367.183
2000.620219	367.448
2000.704918	367.674
2000.786885	367.794
2000.871585	367.732
2000.953552	367.641
2001.038356	367.585
2001.123288	367.541
2001.2	367.532
2001.284932	367.691
2001.367123	367.94
2001.452055	368.202
2001.534247	368.616
2001.619178	369.167
2001.70411	369.66
2001.786301	369.739
2001.871233	369.462
2001.953425	369.295
2002.038356	369.37
2002.123288	369.441
2002.2	369.494
2002.284932	369.647
2002.367123	369.907
2002.452055	370.374
2002.534247	370.937
2002.619178	371.433
2002.70411	371.772
2002.786301	371.899
2002.871233	371.792
2002.953425	371.6
2003.038356	371.566
2003.123288	371.656
2003.2	371.855
2003.284932	372.129
2003.367123	372.426
2003.452055	372.771
2003.534247	373.223
2003.619178	373.765
2003.70411	374.062
2003.786301	373.981
2003.871233	373.771
2003.953425	373.587
2004.038251	373.551
2004.122951	373.695
2004.202186	373.778
2004.286885	373.902
2004.368852	374.302
2004.453552	374.787
2004.535519	375.182
2004.620219	375.529
2004.704918	375.682
2004.786885	375.697
2004.871585	375.702
2004.953552	375.538
2005.038356	375.38
2005.123288	375.414
2005.2	375.432
2005.284932	375.556
2005.367123	376.17
2005.452055	376.931
2005.534247	377.29
2005.619178	377.586
2005.70411	377.861
2005.786301	377.927
2005.871233	377.879
2005.953425	377.762
2006.038356	377.842
2006.123288	377.985
2006.2	377.999
2006.284932	378.051
2006.367123	378.187
2006.452055	378.42
2006.534247	378.799
2006.619178	379.255
2006.70411	379.479
2006.786301	379.462
2006.871233	379.426
2006.953425	379.436
2007.038356	379.359
2007.123288	379.346
2007.2	379.442
2007.284932	379.621
2007.367123	380.011
2007.452055	380.406
2007.534247	380.897
2007.619178	381.32
2007.70411	381.533
2007.786301	381.652
2007.871233	381.636
2007.953425	381.585
2008.038251	381.639
2008.122951	381.734
2008.202186	381.739
2008.286885	381.823
2008.368852	382.107
2008.453552	382.598
2008.535519	382.909
2008.620219	383.286
2008.704918	383.708
2008.786885	383.664
2008.871585	383.512
2008.953552	383.551
2009.038356	383.793
2009.123288	383.804
2009.2	383.472
2009.284932	383.361
2009.367123	383.6
2009.452055	383.889
2009.534247	384.277
2009.619178	384.75
2009.70411	384.98
2009.786301	385.102
2009.871233	385.086
2009.953425	384.999
2010.038356	384.962
2010.123288	384.718
2010.2	384.615
2010.284932	384.899
2010.367123	385.296
2010.452055	385.798
2010.534247	386.447
2010.619178	387.097
2010.70411	387.441
2010.786301	387.429
2010.871233	387.285
2010.953425	387.043
2011.038356	386.888
2011.123288	386.912
2011.2	386.944
2011.284932	386.998
2011.367123	387.283
2011.452055	387.703
2011.534247	388.055
2011.619178	388.5
2011.70411	388.79
