"SF6 SH scenario from Patricia Martinerie 31/8/11, NOAA scale"
725	
1500	0
1950.04	0
1950.13	0
1950.21	0
1950.29	0
1950.38	0
1950.46	0
1950.54	0
1950.63	0
1950.71	0
1950.79	0
1950.88	0
1950.96	0
1951.04	0
1951.13	0
1951.21	0
1951.29	0
1951.38	0
1951.46	0
1951.54	0
1951.63	0
1951.71	0
1951.79	0
1951.88	0
1951.96	0
1952.04	0
1952.13	0
1952.21	0
1952.29	0
1952.38	0
1952.46	6.73E-04
1952.54	9.50E-04
1952.63	9.50E-04
1952.71	9.50E-04
1952.79	9.50E-04
1952.88	9.50E-04
1952.96	9.50E-04
1953.04	9.50E-04
1953.13	9.50E-04
1953.21	9.50E-04
1953.29	9.50E-04
1953.38	9.50E-04
1953.46	9.50E-04
1953.54	9.50E-04
1953.63	9.50E-04
1953.71	9.50E-04
1953.79	9.50E-04
1953.88	9.50E-04
1953.96	9.50E-04
1954.04	9.50E-04
1954.13	9.50E-04
1954.21	9.50E-04
1954.29	9.50E-04
1954.38	9.50E-04
1954.46	9.50E-04
1954.54	9.50E-04
1954.63	9.50E-04
1954.71	9.50E-04
1954.79	1.46E-03
1954.88	1.90E-03
1954.96	1.90E-03
1955.04	1.90E-03
1955.13	1.90E-03
1955.21	1.90E-03
1955.29	1.90E-03
1955.38	1.90E-03
1955.46	1.90E-03
1955.54	1.90E-03
1955.63	1.90E-03
1955.71	1.90E-03
1955.79	1.90E-03
1955.88	2.85E-03
1955.96	2.85E-03
1956.04	2.85E-03
1956.13	2.85E-03
1956.21	2.85E-03
1956.29	2.85E-03
1956.38	2.85E-03
1956.46	2.85E-03
1956.54	2.85E-03
1956.63	2.97E-03
1956.71	3.80E-03
1956.79	3.80E-03
1956.88	3.80E-03
1956.96	3.80E-03
1957.04	3.80E-03
1957.13	3.80E-03
1957.21	3.80E-03
1957.29	3.80E-03
1957.38	3.80E-03
1957.46	4.75E-03
1957.54	4.75E-03
1957.63	4.75E-03
1957.71	4.75E-03
1957.79	4.75E-03
1957.88	4.75E-03
1957.96	5.70E-03
1958.04	5.70E-03
1958.13	5.70E-03
1958.21	5.70E-03
1958.29	5.70E-03
1958.38	5.70E-03
1958.46	5.70E-03
1958.54	6.65E-03
1958.63	6.65E-03
1958.71	6.65E-03
1958.79	7.60E-03
1958.88	7.60E-03
1958.96	7.60E-03
1959.04	7.60E-03
1959.13	7.60E-03
1959.21	8.55E-03
1959.29	8.55E-03
1959.38	8.55E-03
1959.46	9.46E-03
1959.54	9.50E-03
1959.63	1.05E-02
1959.71	1.05E-02
1959.79	1.14E-02
1959.88	1.14E-02
1959.96	1.14E-02
1960.04	1.24E-02
1960.13	1.24E-02
1960.21	1.24E-02
1960.29	1.33E-02
1960.38	1.33E-02
1960.46	1.37E-02
1960.54	1.43E-02
1960.63	1.52E-02
1960.71	1.56E-02
1960.79	1.62E-02
1960.88	1.66E-02
1960.96	1.71E-02
1961.04	1.71E-02
1961.13	1.71E-02
1961.21	1.81E-02
1961.29	1.81E-02
1961.38	1.86E-02
1961.46	1.90E-02
1961.54	2.00E-02
1961.63	2.06E-02
1961.71	2.09E-02
1961.79	2.19E-02
1961.88	2.19E-02
1961.96	2.28E-02
1962.04	2.28E-02
1962.13	2.28E-02
1962.21	2.38E-02
1962.29	2.38E-02
1962.38	2.47E-02
1962.46	2.56E-02
1962.54	2.66E-02
1962.63	2.76E-02
1962.71	2.85E-02
1962.79	2.95E-02
1962.88	3.04E-02
1962.96	3.06E-02
1963.04	3.14E-02
1963.13	3.15E-02
1963.21	3.23E-02
1963.29	3.33E-02
1963.38	3.42E-02
1963.46	3.52E-02
1963.54	3.64E-02
1963.63	3.80E-02
1963.71	3.94E-02
1963.79	4.04E-02
1963.88	4.18E-02
1963.96	4.28E-02
1964.04	4.33E-02
1964.13	4.37E-02
1964.21	4.47E-02
1964.29	4.56E-02
1964.38	4.71E-02
1964.46	4.82E-02
1964.54	5.02E-02
1964.63	5.20E-02
1964.71	5.39E-02
1964.79	5.51E-02
1964.88	5.69E-02
1964.96	5.79E-02
1965.04	5.87E-02
1965.13	5.97E-02
1965.21	6.08E-02
1965.29	6.18E-02
1965.38	6.36E-02
1965.46	6.55E-02
1965.54	6.75E-02
1965.63	6.95E-02
1965.71	7.24E-02
1965.79	7.41E-02
1965.88	7.52E-02
1965.96	7.70E-02
1966.04	7.82E-02
1966.13	7.90E-02
1966.21	8.00E-02
1966.29	8.20E-02
1966.38	8.40E-02
1966.46	8.59E-02
1966.54	8.80E-02
1966.63	9.06E-02
1966.71	9.35E-02
1966.79	9.55E-02
1966.88	9.74E-02
1966.96	9.88E-02
1967.04	0.10026
1967.13	0.1013
1967.21	0.10232
1967.29	0.10406
1967.38	0.10605
1967.46	0.10802
1967.54	0.11095
1967.63	0.11343
1967.71	0.11562
1967.79	0.11835
1967.88	0.1197
1967.96	0.12156
1968.04	0.12255
1968.13	0.12434
1968.21	0.12536
1968.29	0.12734
1968.38	0.1291
1968.46	0.13106
1968.54	0.13399
1968.63	0.13597
1968.71	0.13886
1968.79	0.14064
1968.88	0.14262
1968.96	0.14365
1969.04	0.14535
1969.13	0.1463
1969.21	0.14745
1969.29	0.14915
1969.38	0.15141
1969.46	0.15339
1969.54	0.15608
1969.63	0.15841
1969.71	0.16142
1969.79	0.16391
1969.88	0.16577
1969.96	0.1672
1970.04	0.16866
1970.13	0.1697
1970.21	0.17167
1970.29	0.17298
1970.38	0.1754
1970.46	0.17805
1970.54	0.18105
1970.63	0.18373
1970.71	0.1866
1970.79	0.1896
1970.88	0.19179
1970.96	0.19376
1971.04	0.19475
1971.13	0.19654
1971.21	0.1976
1971.29	0.20049
1971.38	0.20225
1971.46	0.20516
1971.54	0.20908
1971.63	0.21292
1971.71	0.21596
1971.79	0.21949
1971.88	0.22147
1971.96	0.22345
1972.04	0.22543
1972.13	0.22717
1972.21	0.22915
1972.29	0.2314
1972.38	0.23441
1972.46	0.23837
1972.54	0.24185
1972.63	0.24581
1972.71	0.24977
1972.79	0.25373
1972.88	0.25602
1972.96	0.25884
1973.04	0.26081
1973.13	0.2628
1973.21	0.26477
1973.29	0.26703
1973.38	0.2704
1973.46	0.27467
1973.54	0.2789
1973.63	0.28348
1973.71	0.28825
1973.79	0.2922
1973.88	0.29616
1973.96	0.29826
1974.04	0.30095
1974.13	0.30294
1974.21	0.30582
1974.29	0.30883
1974.38	0.31236
1974.46	0.31719
1974.54	0.32217
1974.63	0.32716
1974.71	0.33281
1974.79	0.33638
1974.88	0.34034
1974.96	0.34335
1975.04	0.34608
1975.13	0.34794
1975.21	0.35095
1975.29	0.3549
1975.38	0.35886
1975.46	0.36421
1975.54	0.36944
1975.63	0.37537
1975.71	0.38131
1975.79	0.38725
1975.88	0.3914
1975.96	0.39512
1976.04	0.39813
1976.13	0.40114
1976.21	0.40415
1976.29	0.40815
1976.38	0.41314
1976.46	0.41974
1976.54	0.42691
1976.63	0.43396
1976.71	0.44092
1976.79	0.44781
1976.88	0.45375
1976.96	0.45782
1977.04	0.4613
1977.13	0.46526
1977.21	0.46922
1977.29	0.47417
1977.38	0.48032
1977.46	0.48719
1977.54	0.49606
1977.63	0.50492
1977.71	0.51269
1977.79	0.51981
1977.88	0.52654
1977.96	0.53145
1978.04	0.5092
1978.12	0.51669
1978.21	0.52424
1978.29	0.53185
1978.37	0.53951
1978.46	0.54722
1978.54	0.55499
1978.62	0.56282
1978.71	0.57069
1978.79	0.57863
1978.87	0.58661
1978.96	0.59465
1979.04	0.60275
1979.12	0.6109
1979.21	0.61911
1979.29	0.62737
1979.37	0.63568
1979.46	0.64406
1979.54	0.65248
1979.62	0.66096
1979.71	0.6695
1979.79	0.67809
1979.87	0.68674
1979.96	0.69544
1980.04	0.70419
1980.12	0.71299
1980.21	0.72185
1980.29	0.73078
1980.37	0.73974
1980.46	0.74878
1980.54	0.75786
1980.62	0.767
1980.71	0.77619
1980.79	0.78544
1980.87	0.79473
1980.96	0.8041
1981.04	0.8135
1981.12	0.82297
1981.21	0.83249
1981.29	0.84207
1981.37	0.8517
1981.46	0.86138
1981.54	0.87112
1981.62	0.88091
1981.71	0.89077
1981.79	0.90067
1981.87	0.91063
1981.96	0.92064
1982.04	0.93071
1982.12	0.94083
1982.21	0.95101
1982.29	0.96124
1982.37	0.97153
1982.46	0.98187
1982.54	0.99227
1982.62	1.0027
1982.71	1.0132
1982.79	1.0238
1982.87	1.0344
1982.96	1.0451
1983.04	1.0558
1983.12	1.0666
1983.21	1.0774
1983.29	1.0883
1983.37	1.0993
1983.46	1.1103
1983.54	1.1213
1983.62	1.1324
1983.71	1.1435
1983.79	1.1547
1983.87	1.1661
1983.96	1.1774
1984.04	1.1888
1984.12	1.2002
1984.21	1.2117
1984.29	1.2233
1984.37	1.2348
1984.46	1.2465
1984.54	1.2582
1984.62	1.27
1984.71	1.2818
1984.79	1.2937
1984.87	1.3056
1984.96	1.3176
1985.04	1.3297
1985.12	1.3417
1985.21	1.3538
1985.29	1.3661
1985.37	1.3783
1985.46	1.3907
1985.54	1.403
1985.62	1.4155
1985.71	1.4279
1985.79	1.4404
1985.87	1.453
1985.96	1.4656
1986.04	1.4784
1986.12	1.4911
1986.21	1.5039
1986.29	1.5168
1986.37	1.5297
1986.46	1.5426
1986.54	1.5557
1986.62	1.5688
1986.71	1.5819
1986.79	1.5951
1986.87	1.6083
1986.96	1.6217
1987.04	1.635
1987.12	1.6484
1987.21	1.6619
1987.29	1.6753
1987.37	1.6889
1987.46	1.7026
1987.54	1.7163
1987.62	1.73
1987.71	1.7438
1987.79	1.7577
1987.87	1.7715
1987.96	1.7855
1988.04	1.7995
1988.12	1.8136
1988.21	1.8277
1988.29	1.8419
1988.37	1.8561
1988.46	1.8704
1988.54	1.8848
1988.62	1.8991
1988.71	1.9135
1988.79	1.9281
1988.87	1.9426
1988.96	1.9573
1989.04	1.9719
1989.12	1.9867
1989.21	2.0014
1989.29	2.0162
1989.37	2.0311
1989.46	2.0461
1989.54	2.0611
1989.62	2.0761
1989.71	2.0912
1989.79	2.1064
1989.87	2.1216
1989.96	2.1369
1990.04	2.1522
1990.12	2.1676
1990.21	2.183
1990.29	2.1985
1990.37	2.214
1990.46	2.2296
1990.54	2.2453
1990.62	2.261
1990.71	2.2767
1990.79	2.2926
1990.87	2.3085
1990.96	2.3244
1991.04	2.3404
1991.12	2.3564
1991.21	2.3725
1991.29	2.3886
1991.37	2.4049
1991.46	2.4211
1991.54	2.4374
1991.62	2.4537
1991.71	2.4701
1991.79	2.4867
1991.87	2.5032
1991.96	2.5198
1992.04	2.5364
1992.12	2.5531
1992.21	2.5699
1992.29	2.5866
1992.37	2.6035
1992.46	2.6204
1992.54	2.6374
1992.62	2.6544
1992.71	2.6715
1992.79	2.6886
1992.87	2.7059
1992.96	2.7231
1993.04	2.7403
1993.12	2.7577
1993.21	2.7751
1993.29	2.7926
1993.37	2.8101
1993.46	2.8276
1993.54	2.8453
1993.62	2.8629
1993.71	2.8807
1993.79	2.8984
1993.87	2.9163
1993.96	2.9342
1994.04	2.9522
1994.12	2.9701
1994.21	2.9882
1994.29	3.0063
1994.37	3.0245
1994.46	3.0428
1994.54	3.061
1994.62	3.0794
1994.71	3.0977
1994.79	3.1162
1994.87	3.1347
1994.96	3.1532
1995.04	3.298
1995.12	3.23
1995.21	3.232
1995.29	3.247
1995.37	3.278
1995.46	3.295
1995.54	3.293
1995.62	3.297
1995.71	3.315
1995.79	3.343
1995.87	3.377
1995.96	3.406
1996.04	3.426
1996.12	3.439
1996.21	3.445
1996.29	3.454
1996.37	3.477
1996.46	3.499
1996.54	3.507
1996.62	3.527
1996.71	3.568
1996.79	3.599
1996.87	3.603
1996.96	3.607
1997.04	3.632
1997.12	3.667
1997.21	3.695
1997.29	3.719
1997.37	3.746
1997.46	3.775
1997.54	3.794
1997.62	3.807
1997.71	3.829
1997.79	3.855
1997.87	3.867
1997.96	3.866
1998.04	3.871
1998.12	3.898
1998.21	3.936
1998.29	3.958
1998.37	3.974
1998.46	3.995
1998.54	4.013
1998.62	4.036
1998.71	4.064
1998.79	4.083
1998.87	4.094
1998.96	4.107
1999.04	4.125
1999.12	4.144
1999.21	4.165
1999.29	4.185
1999.37	4.198
1999.46	4.212
1999.54	4.232
1999.62	4.261
1999.71	4.29
1999.79	4.308
1999.87	4.31
1999.96	4.313
2000.04	4.328
2000.12	4.35
2000.21	4.373
2000.29	4.396
2000.37	4.413
2000.46	4.428
2000.54	4.45
2000.62	4.472
2000.71	4.486
2000.79	4.498
2000.87	4.51
2000.96	4.524
2001.04	4.541
2001.12	4.563
2001.21	4.585
2001.29	4.602
2001.37	4.617
2001.46	4.642
2001.54	4.672
2001.62	4.692
2001.71	4.705
2001.79	4.72
2001.87	4.735
2001.96	4.744
2002.04	4.751
2002.12	4.764
2002.21	4.784
2002.29	4.801
2002.37	4.817
2002.46	4.841
2002.54	4.869
2002.62	4.896
2002.71	4.921
2002.79	4.941
2002.87	4.952
2002.96	4.958
2003.04	4.969
2003.12	4.983
2003.21	4.994
2003.29	5.006
2003.37	5.024
2003.46	5.048
2003.54	5.077
2003.62	5.101
2003.71	5.119
2003.79	5.137
2003.87	5.16
2003.96	5.183
2004.04	5.197
2004.12	5.205
2004.21	5.217
2004.29	5.235
2004.37	5.257
2004.46	5.281
2004.54	5.301
2004.62	5.313
2004.71	5.324
2004.79	5.336
2004.87	5.352
2004.96	5.367
2005.04	5.38
2005.12	5.393
2005.21	5.41
2005.29	5.433
2005.37	5.458
2005.46	5.477
2005.54	5.489
2005.62	5.505
2005.71	5.526
2005.79	5.546
2005.87	5.567
2005.96	5.591
2006.04	5.611
2006.12	5.625
2006.21	5.642
2006.29	5.665
2006.37	5.691
2006.46	5.717
2006.54	5.741
2006.62	5.763
2006.71	5.782
2006.79	5.797
2006.87	5.808
2006.96	5.822
2007.04	5.842
2007.12	5.866
2007.21	5.898
2007.29	5.934
2007.37	5.966
2007.46	5.993
2007.54	6.016
2007.62	6.034
2007.71	6.054
2007.79	6.074
2007.87	6.087
2007.96	6.1
2008.04	6.121
2008.12	6.147
2008.21	6.175
2008.29	6.199
2008.37	6.22
2008.46	6.246
2008.54	6.274
2008.62	6.298
2008.71	6.321
2008.79	6.342
2008.87	6.356
2008.96	6.363
2009.04	6.378
2009.12	6.4
2009.21	6.425
2009.29	6.457
2009.37	6.493
2009.46	6.524
2009.54	6.548
2009.62	6.57
2009.71	6.596
2009.79	6.623
2009.87	6.643
2009.96	6.657
2010.04	6.671
2010.12	6.691
2010.21	6.715
2010.29	6.738
