Line 1 hold
Line 2 hold
1800.04	1.00	0.00
1800.13	1.00	0.00
1800.21	1.00	0.00
1800.29	1.00	0.00
1800.38	1.00	0.00
1800.46	1.00	0.00
1800.54	1.00	0.00
1800.63	1.00	0.00
1800.71	1.00	0.00
1800.79	1.00	0.00
1800.88	1.00	0.00
1800.96	1.00	0.00
1801.04	1.00	0.00
1801.13	1.00	0.00
1801.21	1.00	0.00
1801.29	1.00	0.00
1801.38	1.00	0.00
1801.46	1.00	0.00
1801.54	1.00	0.00
1801.63	1.00	0.00
1801.71	1.00	0.00
1801.79	1.00	0.00
1801.88	1.00	0.00
1801.96	1.00	0.00
1802.04	1.00	0.00
1802.13	1.00	0.00
1802.21	1.00	0.00
1802.29	1.00	0.00
1802.38	1.00	0.00
1802.46	1.00	0.00
1802.54	1.00	0.00
1802.63	1.00	0.00
1802.71	1.00	0.00
1802.79	1.00	0.00
1802.88	1.00	0.00
1802.96	1.00	0.00
1803.04	1.00	0.00
1803.13	1.00	0.00
1803.21	1.00	0.00
1803.29	1.00	0.00
1803.38	1.00	0.00
1803.46	1.00	0.00
1803.54	1.00	0.00
1803.63	1.00	0.00
1803.71	1.00	0.00
1803.79	1.00	0.00
1803.88	1.00	0.00
1803.96	1.00	0.00
1804.04	1.00	0.00
1804.13	1.00	0.00
1804.21	1.00	0.00
1804.29	1.00	0.00
1804.38	1.00	0.00
1804.46	1.00	0.00
1804.54	1.00	0.00
1804.63	1.00	0.00
1804.71	1.00	0.00
1804.79	1.00	0.00
1804.88	1.00	0.00
1804.96	1.00	0.00
1805.04	1.00	0.00
1805.13	1.00	0.00
1805.21	1.00	0.00
1805.29	1.00	0.00
1805.38	1.00	0.00
1805.46	1.00	0.00
1805.54	1.00	0.00
1805.63	1.00	0.00
1805.71	1.00	0.00
1805.79	1.00	0.00
1805.88	1.00	0.00
1805.96	1.00	0.00
1806.04	1.00	0.00
1806.13	1.00	0.00
1806.21	1.00	0.00
1806.29	1.00	0.00
1806.38	1.00	0.00
1806.46	1.00	0.00
1806.54	1.00	0.00
1806.63	1.00	0.00
1806.71	1.00	0.00
1806.79	1.00	0.00
1806.88	1.00	0.00
1806.96	1.00	0.00
1807.04	1.00	0.00
1807.13	1.00	0.00
1807.21	1.00	0.00
1807.29	1.00	0.00
1807.38	1.00	0.00
1807.46	1.00	0.00
1807.54	1.00	0.00
1807.63	1.00	0.00
1807.71	1.00	0.00
1807.79	1.00	0.00
1807.88	1.00	0.00
1807.96	1.00	0.00
1808.04	1.00	0.00
1808.13	1.00	0.00
1808.21	1.00	0.00
1808.29	1.00	0.00
1808.38	1.00	0.00
1808.46	1.00	0.00
1808.54	1.00	0.00
1808.63	1.00	0.00
1808.71	1.00	0.00
1808.79	1.00	0.00
1808.88	1.00	0.00
1808.96	1.00	0.00
1809.04	1.00	0.00
1809.13	1.00	0.00
1809.21	1.00	0.00
1809.29	1.00	0.00
1809.38	1.00	0.00
1809.46	1.00	0.00
1809.54	1.00	0.00
1809.63	1.00	0.00
1809.71	1.00	0.00
1809.79	1.00	0.00
1809.88	1.00	0.00
1809.96	1.00	0.00
1810.04	1.00	0.00
1810.13	1.00	0.00
1810.21	1.00	0.00
1810.29	1.00	0.00
1810.38	1.00	0.00
1810.46	1.00	0.00
1810.54	1.00	0.00
1810.63	1.00	0.00
1810.71	1.00	0.00
1810.79	1.00	0.00
1810.88	1.00	0.00
1810.96	1.00	0.00
1811.04	1.00	0.00
1811.13	1.00	0.00
1811.21	1.00	0.00
1811.29	1.00	0.00
1811.38	1.00	0.00
1811.46	1.00	0.00
1811.54	1.00	0.00
1811.63	1.00	0.00
1811.71	1.00	0.00
1811.79	1.00	0.00
1811.88	1.00	0.00
1811.96	1.00	0.00
1812.04	1.00	0.00
1812.13	1.00	0.00
1812.21	1.00	0.00
1812.29	1.00	0.00
1812.38	1.00	0.00
1812.46	1.00	0.00
1812.54	1.00	0.00
1812.63	1.00	0.00
1812.71	1.00	0.00
1812.79	1.00	0.00
1812.88	1.00	0.00
1812.96	1.00	0.00
1813.04	1.00	0.00
1813.13	1.00	0.00
1813.21	1.00	0.00
1813.29	1.00	0.00
1813.38	1.00	0.00
1813.46	1.00	0.00
1813.54	1.00	0.00
1813.63	1.00	0.00
1813.71	1.00	0.00
1813.79	1.00	0.00
1813.88	1.00	0.00
1813.96	1.00	0.00
1814.04	1.00	0.00
1814.13	1.00	0.00
1814.21	1.00	0.00
1814.29	1.00	0.00
1814.38	1.00	0.00
1814.46	1.00	0.00
1814.54	1.00	0.00
1814.63	1.00	0.00
1814.71	1.00	0.00
1814.79	1.00	0.00
1814.88	1.00	0.00
1814.96	1.00	0.00
1815.04	1.00	0.00
1815.13	1.00	0.00
1815.21	1.00	0.00
1815.29	1.00	0.00
1815.38	1.00	0.00
1815.46	1.00	0.00
1815.54	1.00	0.00
1815.63	1.00	0.00
1815.71	1.00	0.00
1815.79	1.00	0.00
1815.88	1.00	0.00
1815.96	1.00	0.00
1816.04	1.00	0.00
1816.13	1.00	0.00
1816.21	1.00	0.00
1816.29	1.00	0.00
1816.38	1.00	0.00
1816.46	1.00	0.00
1816.54	1.00	0.00
1816.63	1.00	0.00
1816.71	1.00	0.00
1816.79	1.00	0.00
1816.88	1.00	0.00
1816.96	1.00	0.00
1817.04	1.00	0.00
1817.13	1.00	0.00
1817.21	1.00	0.00
1817.29	1.00	0.00
1817.38	1.00	0.00
1817.46	1.00	0.00
1817.54	1.00	0.00
1817.63	1.00	0.00
1817.71	1.00	0.00
1817.79	1.00	0.00
1817.88	1.00	0.00
1817.96	1.00	0.00
1818.04	1.00	0.00
1818.13	1.00	0.00
1818.21	1.00	0.00
1818.29	1.00	0.00
1818.38	1.00	0.00
1818.46	1.00	0.00
1818.54	1.00	0.00
1818.63	1.00	0.00
1818.71	1.00	0.00
1818.79	1.00	0.00
1818.88	1.00	0.00
1818.96	1.00	0.00
1819.04	1.00	0.00
1819.13	1.00	0.00
1819.21	1.00	0.00
1819.29	1.00	0.00
1819.38	1.00	0.00
1819.46	1.00	0.00
1819.54	1.00	0.00
1819.63	1.00	0.00
1819.71	1.00	0.00
1819.79	1.00	0.00
1819.88	1.00	0.00
1819.96	1.00	0.00
1820.04	1.00	0.00
1820.13	1.00	0.00
1820.21	1.00	0.00
1820.29	1.00	0.00
1820.38	1.00	0.00
1820.46	1.00	0.00
1820.54	1.00	0.00
1820.63	1.00	0.00
1820.71	1.00	0.00
1820.79	1.00	0.00
1820.88	1.00	0.00
1820.96	1.00	0.00
1821.04	1.00	0.00
1821.13	1.00	0.00
1821.21	1.00	0.00
1821.29	1.00	0.00
1821.38	1.00	0.00
1821.46	1.00	0.00
1821.54	1.00	0.00
1821.63	1.00	0.00
1821.71	1.00	0.00
1821.79	1.00	0.00
1821.88	1.00	0.00
1821.96	1.00	0.00
1822.04	1.00	0.00
1822.13	1.00	0.00
1822.21	1.00	0.00
1822.29	1.00	0.00
1822.38	1.00	0.00
1822.46	1.00	0.00
1822.54	1.00	0.00
1822.63	1.00	0.00
1822.71	1.00	0.00
1822.79	1.00	0.00
1822.88	1.00	0.00
1822.96	1.00	0.00
1823.04	1.00	0.00
1823.13	1.00	0.00
1823.21	1.00	0.00
1823.29	1.00	0.00
1823.38	1.00	0.00
1823.46	1.00	0.00
1823.54	1.00	0.00
1823.63	1.00	0.00
1823.71	1.00	0.00
1823.79	1.00	0.00
1823.88	1.00	0.00
1823.96	1.00	0.00
1824.04	1.00	0.00
1824.13	1.00	0.00
1824.21	1.00	0.00
1824.29	1.00	0.00
1824.38	1.00	0.00
1824.46	1.00	0.00
1824.54	1.00	0.00
1824.63	1.00	0.00
1824.71	1.00	0.00
1824.79	1.00	0.00
1824.88	1.00	0.00
1824.96	1.00	0.00
1825.04	1.00	0.00
1825.13	1.00	0.00
1825.21	1.00	0.00
1825.29	1.00	0.00
1825.38	1.00	0.00
1825.46	1.00	0.00
1825.54	1.00	0.00
1825.63	1.00	0.00
1825.71	1.00	0.00
1825.79	1.00	0.00
1825.88	1.00	0.00
1825.96	1.00	0.00
1826.04	1.00	0.00
1826.13	1.00	0.00
1826.21	1.00	0.00
1826.29	1.00	0.00
1826.38	1.00	0.00
1826.46	1.00	0.00
1826.54	1.00	0.00
1826.63	1.00	0.00
1826.71	1.00	0.00
1826.79	1.00	0.00
1826.88	1.00	0.00
1826.96	1.00	0.00
1827.04	1.00	0.00
1827.13	1.00	0.00
1827.21	1.00	0.00
1827.29	1.00	0.00
1827.38	1.00	0.00
1827.46	1.00	0.00
1827.54	1.00	0.00
1827.63	1.00	0.00
1827.71	1.00	0.00
1827.79	1.00	0.00
1827.88	1.00	0.00
1827.96	1.00	0.00
1828.04	1.00	0.00
1828.13	1.00	0.00
1828.21	1.00	0.00
1828.29	1.00	0.00
1828.38	1.00	0.00
1828.46	1.00	0.00
1828.54	1.00	0.00
1828.63	1.00	0.00
1828.71	1.00	0.00
1828.79	1.00	0.00
1828.88	1.00	0.00
1828.96	1.00	0.00
1829.04	1.00	0.00
1829.13	1.00	0.00
1829.21	1.00	0.00
1829.29	1.00	0.00
1829.38	1.00	0.00
1829.46	1.00	0.00
1829.54	1.00	0.00
1829.63	1.00	0.00
1829.71	1.00	0.00
1829.79	1.00	0.00
1829.88	1.00	0.00
1829.96	1.00	0.00
1830.04	1.00	0.00
1830.13	1.00	0.00
1830.21	1.00	0.00
1830.29	1.00	0.00
1830.38	1.00	0.00
1830.46	1.00	0.00
1830.54	1.00	0.00
1830.63	1.00	0.00
1830.71	1.00	0.00
1830.79	1.00	0.00
1830.88	1.00	0.00
1830.96	1.00	0.00
1831.04	1.00	0.00
1831.13	1.00	0.00
1831.21	1.00	0.00
1831.29	1.00	0.00
1831.38	1.00	0.00
1831.46	1.00	0.00
1831.54	1.00	0.00
1831.63	1.00	0.00
1831.71	1.00	0.00
1831.79	1.00	0.00
1831.88	1.00	0.00
1831.96	1.00	0.00
1832.04	1.00	0.00
1832.13	1.00	0.00
1832.21	1.00	0.00
1832.29	1.00	0.00
1832.38	1.00	0.00
1832.46	1.00	0.00
1832.54	1.00	0.00
1832.63	1.00	0.00
1832.71	1.00	0.00
1832.79	1.00	0.00
1832.88	1.00	0.00
1832.96	1.00	0.00
1833.04	1.00	0.00
1833.13	1.00	0.00
1833.21	1.00	0.00
1833.29	1.00	0.00
1833.38	1.00	0.00
1833.46	1.00	0.00
1833.54	1.00	0.00
1833.63	1.00	0.00
1833.71	1.00	0.00
1833.79	1.00	0.00
1833.88	1.00	0.00
1833.96	1.00	0.00
1834.04	1.00	0.00
1834.13	1.00	0.00
1834.21	1.00	0.00
1834.29	1.00	0.00
1834.38	1.00	0.00
1834.46	1.00	0.00
1834.54	1.00	0.00
1834.63	1.00	0.00
1834.71	1.00	0.00
1834.79	1.00	0.00
1834.88	1.00	0.00
1834.96	1.00	0.00
1835.04	1.00	0.00
1835.13	1.00	0.00
1835.21	1.00	0.00
1835.29	1.00	0.00
1835.38	1.00	0.00
1835.46	1.00	0.00
1835.54	1.00	0.00
1835.63	1.00	0.00
1835.71	1.00	0.00
1835.79	1.00	0.00
1835.88	1.00	0.00
1835.96	1.00	0.00
1836.04	1.00	0.00
1836.13	1.00	0.00
1836.21	1.00	0.00
1836.29	1.00	0.00
1836.38	1.00	0.00
1836.46	1.00	0.00
1836.54	1.00	0.00
1836.63	1.00	0.00
1836.71	1.00	0.00
1836.79	1.00	0.00
1836.88	1.00	0.00
1836.96	1.00	0.00
1837.04	1.00	0.00
1837.13	1.00	0.00
1837.21	1.00	0.00
1837.29	1.00	0.00
1837.38	1.00	0.00
1837.46	1.00	0.00
1837.54	1.00	0.00
1837.63	1.00	0.00
1837.71	1.00	0.00
1837.79	1.00	0.00
1837.88	1.00	0.00
1837.96	1.00	0.00
1838.04	1.00	0.00
1838.13	1.00	0.00
1838.21	1.00	0.00
1838.29	1.00	0.00
1838.38	1.00	0.00
1838.46	1.00	0.00
1838.54	1.00	0.00
1838.63	1.00	0.00
1838.71	1.00	0.00
1838.79	1.00	0.00
1838.88	1.00	0.00
1838.96	1.00	0.00
1839.04	1.00	0.00
1839.13	1.00	0.00
1839.21	1.00	0.00
1839.29	1.00	0.00
1839.38	1.00	0.00
1839.46	1.00	0.00
1839.54	1.00	0.00
1839.63	1.00	0.00
1839.71	1.00	0.00
1839.79	1.00	0.00
1839.88	1.00	0.00
1839.96	1.00	0.00
1840.04	1.00	0.00
1840.13	1.00	0.00
1840.21	1.00	0.00
1840.29	1.00	0.00
1840.38	1.00	0.00
1840.46	1.00	0.00
1840.54	1.00	0.00
1840.63	1.00	0.00
1840.71	1.00	0.00
1840.79	1.00	0.00
1840.88	1.00	0.00
1840.96	1.00	0.00
1841.04	1.00	0.00
1841.13	1.00	0.00
1841.21	1.00	0.00
1841.29	1.00	0.00
1841.38	1.00	0.00
1841.46	1.00	0.00
1841.54	1.00	0.00
1841.63	1.00	0.00
1841.71	1.00	0.00
1841.79	1.00	0.00
1841.88	1.00	0.00
1841.96	1.00	0.00
1842.04	1.00	0.00
1842.13	1.00	0.00
1842.21	1.00	0.00
1842.29	1.00	0.00
1842.38	1.00	0.00
1842.46	1.00	0.00
1842.54	1.00	0.00
1842.63	1.00	0.00
1842.71	1.00	0.00
1842.79	1.00	0.00
1842.88	1.00	0.00
1842.96	1.00	0.00
1843.04	1.00	0.00
1843.13	1.00	0.00
1843.21	1.00	0.00
1843.29	1.00	0.00
1843.38	1.00	0.00
1843.46	1.00	0.00
1843.54	1.00	0.00
1843.63	1.00	0.00
1843.71	1.00	0.00
1843.79	1.00	0.00
1843.88	1.00	0.00
1843.96	1.00	0.00
1844.04	1.00	0.00
1844.13	1.00	0.00
1844.21	1.00	0.00
1844.29	1.00	0.00
1844.38	1.00	0.00
1844.46	1.00	0.00
1844.54	1.00	0.00
1844.63	1.00	0.00
1844.71	1.00	0.00
1844.79	1.00	0.00
1844.88	1.00	0.00
1844.96	1.00	0.00
1845.04	1.00	0.00
1845.13	1.00	0.00
1845.21	1.00	0.00
1845.29	1.00	0.00
1845.38	1.00	0.00
1845.46	1.00	0.00
1845.54	1.00	0.00
1845.63	1.00	0.00
1845.71	1.00	0.00
1845.79	1.00	0.00
1845.88	1.00	0.00
1845.96	1.00	0.00
1846.04	1.00	0.00
1846.13	1.00	0.00
1846.21	1.00	0.00
1846.29	1.00	0.00
1846.38	1.00	0.00
1846.46	1.00	0.00
1846.54	1.00	0.00
1846.63	1.00	0.00
1846.71	1.00	0.00
1846.79	1.00	0.00
1846.88	1.00	0.00
1846.96	1.00	0.00
1847.04	1.00	0.00
1847.13	1.00	0.00
1847.21	1.00	0.00
1847.29	1.00	0.00
1847.38	1.00	0.00
1847.46	1.00	0.00
1847.54	1.00	0.00
1847.63	1.00	0.00
1847.71	1.00	0.00
1847.79	1.00	0.00
1847.88	1.00	0.00
1847.96	1.00	0.00
1848.04	1.00	0.00
1848.13	1.00	0.00
1848.21	1.00	0.00
1848.29	1.00	0.00
1848.38	1.00	0.00
1848.46	1.00	0.00
1848.54	1.00	0.00
1848.63	1.00	0.00
1848.71	1.00	0.00
1848.79	1.00	0.00
1848.88	1.00	0.00
1848.96	1.00	0.00
1849.04	1.00	0.00
1849.13	1.00	0.00
1849.21	1.00	0.00
1849.29	1.00	0.00
1849.38	1.00	0.00
1849.46	1.00	0.00
1849.54	1.00	0.00
1849.63	1.00	0.00
1849.71	1.00	0.00
1849.79	1.00	0.00
1849.88	1.00	0.00
1849.96	1.00	0.00
1850.04	1.00	0.00
1850.13	1.00	0.00
1850.21	1.00	0.00
1850.29	1.00	0.00
1850.38	1.00	0.00
1850.46	1.00	0.00
1850.54	1.00	0.00
1850.63	1.00	0.00
1850.71	1.00	0.00
1850.79	1.00	0.00
1850.88	1.00	0.00
1850.96	1.00	0.00
1851.04	1.00	0.00
1851.13	1.00	0.00
1851.21	1.00	0.00
1851.29	1.00	0.00
1851.38	1.00	0.00
1851.46	1.00	0.00
1851.54	1.00	0.00
1851.63	1.00	0.00
1851.71	1.00	0.00
1851.79	1.00	0.00
1851.88	1.00	0.00
1851.96	1.00	0.00
1852.04	1.00	0.00
1852.13	1.00	0.00
1852.21	1.00	0.00
1852.29	1.00	0.00
1852.38	1.00	0.00
1852.46	1.00	0.00
1852.54	1.00	0.00
1852.63	1.00	0.00
1852.71	1.00	0.00
1852.79	1.00	0.00
1852.88	1.00	0.00
1852.96	1.00	0.00
1853.04	1.00	0.00
1853.13	1.00	0.00
1853.21	1.00	0.00
1853.29	1.00	0.00
1853.38	1.00	0.00
1853.46	1.00	0.00
1853.54	1.00	0.00
1853.63	1.00	0.00
1853.71	1.00	0.00
1853.79	1.00	0.00
1853.88	1.00	0.00
1853.96	1.00	0.00
1854.04	1.00	0.00
1854.13	1.00	0.00
1854.21	1.00	0.00
1854.29	1.00	0.00
1854.38	1.00	0.00
1854.46	1.00	0.00
1854.54	1.00	0.00
1854.63	1.00	0.00
1854.71	1.00	0.00
1854.79	1.00	0.00
1854.88	1.00	0.00
1854.96	1.00	0.00
1855.04	1.00	0.00
1855.13	1.00	0.00
1855.21	1.00	0.00
1855.29	1.00	0.00
1855.38	1.00	0.00
1855.46	1.00	0.00
1855.54	1.00	0.00
1855.63	1.00	0.00
1855.71	1.00	0.00
1855.79	1.00	0.00
1855.88	1.00	0.00
1855.96	1.00	0.00
1856.04	1.00	0.00
1856.13	1.00	0.00
1856.21	1.00	0.00
1856.29	1.00	0.00
1856.38	1.00	0.00
1856.46	1.00	0.00
1856.54	1.00	0.00
1856.63	1.00	0.00
1856.71	1.00	0.00
1856.79	1.00	0.00
1856.88	1.00	0.00
1856.96	1.00	0.00
1857.04	1.00	0.00
1857.13	1.00	0.00
1857.21	1.00	0.00
1857.29	1.00	0.00
1857.38	1.00	0.00
1857.46	1.00	0.00
1857.54	1.00	0.00
1857.63	1.00	0.00
1857.71	1.00	0.00
1857.79	1.00	0.00
1857.88	1.00	0.00
1857.96	1.00	0.00
1858.04	1.00	0.00
1858.13	1.00	0.00
1858.21	1.00	0.00
1858.29	1.00	0.00
1858.38	1.00	0.00
1858.46	1.00	0.00
1858.54	1.00	0.00
1858.63	1.00	0.00
1858.71	1.00	0.00
1858.79	1.00	0.00
1858.88	1.00	0.00
1858.96	1.00	0.00
1859.04	1.00	0.00
1859.13	1.00	0.00
1859.21	1.00	0.00
1859.29	1.00	0.00
1859.38	1.00	0.00
1859.46	1.00	0.00
1859.54	1.00	0.00
1859.63	1.00	0.00
1859.71	1.00	0.00
1859.79	1.00	0.00
1859.88	1.00	0.00
1859.96	1.00	0.00
1860.04	1.00	0.00
1860.13	1.00	0.00
1860.21	1.00	0.00
1860.29	1.00	0.00
1860.38	1.00	0.00
1860.46	1.00	0.00
1860.54	1.00	0.00
1860.63	1.00	0.00
1860.71	1.00	0.00
1860.79	1.00	0.00
1860.88	1.00	0.00
1860.96	1.00	0.00
1861.04	1.00	0.00
1861.13	1.00	0.00
1861.21	1.00	0.00
1861.29	1.00	0.00
1861.38	1.00	0.00
1861.46	1.00	0.00
1861.54	1.00	0.00
1861.63	1.00	0.00
1861.71	1.00	0.00
1861.79	1.00	0.00
1861.88	1.00	0.00
1861.96	1.00	0.00
1862.04	1.00	0.00
1862.13	1.00	0.00
1862.21	1.00	0.00
1862.29	1.00	0.00
1862.38	1.00	0.00
1862.46	1.00	0.00
1862.54	1.00	0.00
1862.63	1.00	0.00
1862.71	1.00	0.00
1862.79	1.00	0.00
1862.88	1.00	0.00
1862.96	1.00	0.00
1863.04	1.00	0.00
1863.13	1.00	0.00
1863.21	1.00	0.00
1863.29	1.00	0.00
1863.38	1.00	0.00
1863.46	1.00	0.00
1863.54	1.00	0.00
1863.63	1.00	0.00
1863.71	1.00	0.00
1863.79	1.00	0.00
1863.88	1.00	0.00
1863.96	1.00	0.00
1864.04	1.00	0.00
1864.13	1.00	0.00
1864.21	1.00	0.00
1864.29	1.00	0.00
1864.38	1.00	0.00
1864.46	1.00	0.00
1864.54	1.00	0.00
1864.63	1.00	0.00
1864.71	1.00	0.00
1864.79	1.00	0.00
1864.88	1.00	0.00
1864.96	1.00	0.00
1865.04	1.00	0.00
1865.13	1.00	0.00
1865.21	1.00	0.00
1865.29	1.00	0.00
1865.38	1.00	0.00
1865.46	1.00	0.00
1865.54	1.00	0.00
1865.63	1.00	0.00
1865.71	1.00	0.00
1865.79	1.00	0.00
1865.88	1.00	0.00
1865.96	1.00	0.00
1866.04	1.00	0.00
1866.13	1.00	0.00
1866.21	1.00	0.00
1866.29	1.00	0.00
1866.38	1.00	0.00
1866.46	1.00	0.00
1866.54	1.00	0.00
1866.63	1.00	0.00
1866.71	1.00	0.00
1866.79	1.00	0.00
1866.88	1.00	0.00
1866.96	1.00	0.00
1867.04	1.00	0.00
1867.13	1.00	0.00
1867.21	1.00	0.00
1867.29	1.00	0.00
1867.38	1.00	0.00
1867.46	1.00	0.00
1867.54	1.00	0.00
1867.63	1.00	0.00
1867.71	1.00	0.00
1867.79	1.00	0.00
1867.88	1.00	0.00
1867.96	1.00	0.00
1868.04	1.00	0.00
1868.13	1.00	0.00
1868.21	1.00	0.00
1868.29	1.00	0.00
1868.38	1.00	0.00
1868.46	1.00	0.00
1868.54	1.00	0.00
1868.63	1.00	0.00
1868.71	1.00	0.00
1868.79	1.00	0.00
1868.88	1.00	0.00
1868.96	1.00	0.00
1869.04	1.00	0.00
1869.13	1.00	0.00
1869.21	1.00	0.00
1869.29	1.00	0.00
1869.38	1.00	0.00
1869.46	1.00	0.00
1869.54	1.00	0.00
1869.63	1.00	0.00
1869.71	1.00	0.00
1869.79	1.00	0.00
1869.88	1.00	0.00
1869.96	1.00	0.00
1870.04	1.00	0.00
1870.13	1.00	0.00
1870.21	1.00	0.00
1870.29	1.00	0.00
1870.38	1.00	0.00
1870.46	1.00	0.00
1870.54	1.00	0.00
1870.63	1.00	0.00
1870.71	1.00	0.00
1870.79	1.00	0.00
1870.88	1.00	0.00
1870.96	1.00	0.00
1871.04	1.00	0.00
1871.13	1.00	0.00
1871.21	1.00	0.00
1871.29	1.00	0.00
1871.38	1.00	0.00
1871.46	1.00	0.00
1871.54	1.00	0.00
1871.63	1.00	0.00
1871.71	1.00	0.00
1871.79	1.00	0.00
1871.88	1.00	0.00
1871.96	1.00	0.00
1872.04	1.00	0.00
1872.13	1.00	0.00
1872.21	1.00	0.00
1872.29	1.00	0.00
1872.38	1.00	0.00
1872.46	1.00	0.00
1872.54	1.00	0.00
1872.63	1.00	0.00
1872.71	1.00	0.00
1872.79	1.00	0.00
1872.88	1.00	0.00
1872.96	1.00	0.00
1873.04	1.00	0.00
1873.13	1.00	0.00
1873.21	1.00	0.00
1873.29	1.00	0.00
1873.38	1.00	0.00
1873.46	1.00	0.00
1873.54	1.00	0.00
1873.63	1.00	0.00
1873.71	1.00	0.00
1873.79	1.00	0.00
1873.88	1.00	0.00
1873.96	1.00	0.00
1874.04	1.00	0.00
1874.13	1.00	0.00
1874.21	1.00	0.00
1874.29	1.00	0.00
1874.38	1.00	0.00
1874.46	1.00	0.00
1874.54	1.00	0.00
1874.63	1.00	0.00
1874.71	1.00	0.00
1874.79	1.00	0.00
1874.88	1.00	0.00
1874.96	1.00	0.00
1875.04	1.00	0.00
1875.13	1.00	0.00
1875.21	1.00	0.00
1875.29	1.00	0.00
1875.38	1.00	0.00
1875.46	1.00	0.00
1875.54	1.00	0.00
1875.63	1.00	0.00
1875.71	1.00	0.00
1875.79	1.00	0.00
1875.88	1.00	0.00
1875.96	1.00	0.00
1876.04	1.00	0.00
1876.13	1.00	0.00
1876.21	1.00	0.00
1876.29	1.00	0.00
1876.38	1.00	0.00
1876.46	1.00	0.00
1876.54	1.00	0.00
1876.63	1.00	0.00
1876.71	1.00	0.00
1876.79	1.00	0.00
1876.88	1.00	0.00
1876.96	1.00	0.00
1877.04	1.00	0.00
1877.13	1.00	0.00
1877.21	1.00	0.00
1877.29	1.00	0.00
1877.38	1.00	0.00
1877.46	1.00	0.00
1877.54	1.00	0.00
1877.63	1.00	0.00
1877.71	1.00	0.00
1877.79	1.00	0.00
1877.88	1.00	0.00
1877.96	1.00	0.00
1878.04	1.00	0.00
1878.13	1.00	0.00
1878.21	1.00	0.00
1878.29	1.00	0.00
1878.38	1.00	0.00
1878.46	1.00	0.00
1878.54	1.00	0.00
1878.63	1.00	0.00
1878.71	1.00	0.00
1878.79	1.00	0.00
1878.88	1.00	0.00
1878.96	1.00	0.00
1879.04	1.00	0.00
1879.13	1.00	0.00
1879.21	1.00	0.00
1879.29	1.00	0.00
1879.38	1.00	0.00
1879.46	1.00	0.00
1879.54	1.00	0.00
1879.63	1.00	0.00
1879.71	1.00	0.00
1879.79	1.00	0.00
1879.88	1.00	0.00
1879.96	1.00	0.00
1880.04	1.00	0.00
1880.13	1.00	0.00
1880.21	1.00	0.00
1880.29	1.00	0.00
1880.38	1.00	0.00
1880.46	1.00	0.00
1880.54	1.00	0.00
1880.63	1.00	0.00
1880.71	1.00	0.00
1880.79	1.00	0.00
1880.88	1.00	0.00
1880.96	1.00	0.00
1881.04	1.00	0.00
1881.13	1.00	0.00
1881.21	1.00	0.00
1881.29	1.00	0.00
1881.38	1.00	0.00
1881.46	1.00	0.00
1881.54	1.00	0.00
1881.63	1.00	0.00
1881.71	1.00	0.00
1881.79	1.00	0.00
1881.88	1.00	0.00
1881.96	1.00	0.00
1882.04	1.00	0.00
1882.13	1.00	0.00
1882.21	1.00	0.00
1882.29	1.00	0.00
1882.38	1.00	0.00
1882.46	1.00	0.00
1882.54	1.00	0.00
1882.63	1.00	0.00
1882.71	1.00	0.00
1882.79	1.00	0.00
1882.88	1.00	0.00
1882.96	1.00	0.00
1883.04	1.00	0.00
1883.13	1.00	0.00
1883.21	1.00	0.00
1883.29	1.00	0.00
1883.38	1.00	0.00
1883.46	1.00	0.00
1883.54	1.00	0.00
1883.63	1.00	0.00
1883.71	1.00	0.00
1883.79	1.00	0.00
1883.88	1.00	0.00
1883.96	1.00	0.00
1884.04	1.00	0.00
1884.13	1.00	0.00
1884.21	1.00	0.00
1884.29	1.00	0.00
1884.38	1.00	0.00
1884.46	1.00	0.00
1884.54	1.00	0.00
1884.63	1.00	0.00
1884.71	1.00	0.00
1884.79	1.00	0.00
1884.88	1.00	0.00
1884.96	1.00	0.00
1885.04	1.00	0.00
1885.13	1.00	0.00
1885.21	1.00	0.00
1885.29	1.00	0.00
1885.38	1.00	0.00
1885.46	1.00	0.00
1885.54	1.00	0.00
1885.63	1.00	0.00
1885.71	1.00	0.00
1885.79	1.00	0.00
1885.88	1.00	0.00
1885.96	1.00	0.00
1886.04	1.00	0.00
1886.13	1.00	0.00
1886.21	1.00	0.00
1886.29	1.00	0.00
1886.38	1.00	0.00
1886.46	1.00	0.00
1886.54	1.00	0.00
1886.63	1.00	0.00
1886.71	1.00	0.00
1886.79	1.00	0.00
1886.88	1.00	0.00
1886.96	1.00	0.00
1887.04	1.00	0.00
1887.13	1.00	0.00
1887.21	1.00	0.00
1887.29	1.00	0.00
1887.38	1.00	0.00
1887.46	1.00	0.00
1887.54	1.00	0.00
1887.63	1.00	0.00
1887.71	1.00	0.00
1887.79	1.00	0.00
1887.88	1.00	0.00
1887.96	1.00	0.00
1888.04	1.00	0.00
1888.13	1.00	0.00
1888.21	1.00	0.00
1888.29	1.00	0.00
1888.38	1.00	0.00
1888.46	1.00	0.00
1888.54	1.00	0.00
1888.63	1.00	0.00
1888.71	1.00	0.00
1888.79	1.00	0.00
1888.88	1.00	0.00
1888.96	1.00	0.00
1889.04	1.00	0.00
1889.13	1.00	0.00
1889.21	1.00	0.00
1889.29	1.00	0.00
1889.38	1.00	0.00
1889.46	1.00	0.00
1889.54	1.00	0.00
1889.63	1.00	0.00
1889.71	1.00	0.00
1889.79	1.00	0.00
1889.88	1.00	0.00
1889.96	1.00	0.00
1890.04	1.00	0.00
1890.13	1.00	0.00
1890.21	1.00	0.00
1890.29	1.00	0.00
1890.38	1.00	0.00
1890.46	1.00	0.00
1890.54	1.00	0.00
1890.63	1.00	0.00
1890.71	1.00	0.00
1890.79	1.00	0.00
1890.88	1.00	0.00
1890.96	1.00	0.00
1891.04	1.00	0.00
1891.13	1.00	0.00
1891.21	1.00	0.00
1891.29	1.00	0.00
1891.38	1.00	0.00
1891.46	1.00	0.00
1891.54	1.00	0.00
1891.63	1.00	0.00
1891.71	1.00	0.00
1891.79	1.00	0.00
1891.88	1.00	0.00
1891.96	1.00	0.00
1892.04	1.00	0.00
1892.13	1.00	0.00
1892.21	1.00	0.00
1892.29	1.00	0.00
1892.38	1.00	0.00
1892.46	1.00	0.00
1892.54	1.00	0.00
1892.63	1.00	0.00
1892.71	1.00	0.00
1892.79	1.00	0.00
1892.88	1.00	0.00
1892.96	1.00	0.00
1893.04	1.00	0.00
1893.13	1.00	0.00
1893.21	1.00	0.00
1893.29	1.00	0.00
1893.38	1.00	0.00
1893.46	1.00	0.00
1893.54	1.00	0.00
1893.63	1.00	0.00
1893.71	1.00	0.00
1893.79	1.00	0.00
1893.88	1.00	0.00
1893.96	1.00	0.00
1894.04	1.00	0.00
1894.13	1.00	0.00
1894.21	1.00	0.00
1894.29	1.00	0.00
1894.38	1.00	0.00
1894.46	1.00	0.00
1894.54	1.00	0.00
1894.63	1.00	0.00
1894.71	1.00	0.00
1894.79	1.00	0.00
1894.88	1.00	0.00
1894.96	1.00	0.00
1895.04	1.00	0.00
1895.13	1.00	0.00
1895.21	1.00	0.00
1895.29	1.00	0.00
1895.38	1.00	0.00
1895.46	1.00	0.00
1895.54	1.00	0.00
1895.63	1.00	0.00
1895.71	1.00	0.00
1895.79	1.00	0.00
1895.88	1.00	0.00
1895.96	1.00	0.00
1896.04	1.00	0.00
1896.13	1.00	0.00
1896.21	1.00	0.00
1896.29	1.00	0.00
1896.38	1.00	0.00
1896.46	1.00	0.00
1896.54	1.00	0.00
1896.63	1.00	0.00
1896.71	1.00	0.00
1896.79	1.00	0.00
1896.88	1.00	0.00
1896.96	1.00	0.00
1897.04	1.00	0.00
1897.13	1.00	0.00
1897.21	1.00	0.00
1897.29	1.00	0.00
1897.38	1.00	0.00
1897.46	1.00	0.00
1897.54	1.00	0.00
1897.63	1.00	0.00
1897.71	1.00	0.00
1897.79	1.00	0.00
1897.88	1.00	0.00
1897.96	1.00	0.00
1898.04	1.00	0.00
1898.13	1.00	0.00
1898.21	1.00	0.00
1898.29	1.00	0.00
1898.38	1.00	0.00
1898.46	1.00	0.00
1898.54	1.00	0.00
1898.63	1.00	0.00
1898.71	1.00	0.00
1898.79	1.00	0.00
1898.88	1.00	0.00
1898.96	1.00	0.00
1899.04	1.00	0.00
1899.13	1.00	0.00
1899.21	1.00	0.00
1899.29	1.00	0.00
1899.38	1.00	0.00
1899.46	1.00	0.00
1899.54	1.00	0.00
1899.63	1.00	0.00
1899.71	1.00	0.00
1899.79	1.00	0.00
1899.88	1.00	0.00
1899.96	1.00	0.00
1900.04	1.00	0.00
1900.13	1.00	0.00
1900.21	1.00	0.00
1900.29	1.00	0.00
1900.38	1.00	0.00
1900.46	1.00	0.00
1900.54	1.00	0.00
1900.63	1.00	0.00
1900.71	1.00	0.00
1900.79	1.00	0.00
1900.88	1.00	0.00
1900.96	1.00	0.00
1901.04	1.00	0.00
1901.13	1.00	0.00
1901.21	1.00	0.00
1901.29	1.00	0.00
1901.38	1.00	0.00
1901.46	1.00	0.00
1901.54	1.00	0.00
1901.63	1.00	0.00
1901.71	1.00	0.00
1901.79	1.00	0.00
1901.88	1.00	0.00
1901.96	1.00	0.00
1902.04	1.00	0.00
1902.13	1.00	0.00
1902.21	1.00	0.00
1902.29	1.00	0.00
1902.38	1.00	0.00
1902.46	1.00	0.00
1902.54	1.00	0.00
1902.63	1.00	0.00
1902.71	1.00	0.00
1902.79	1.00	0.00
1902.88	1.00	0.00
1902.96	1.00	0.00
1903.04	1.00	0.00
1903.13	1.00	0.00
1903.21	1.00	0.00
1903.29	1.00	0.00
1903.38	1.00	0.00
1903.46	1.00	0.00
1903.54	1.00	0.00
1903.63	1.00	0.00
1903.71	1.00	0.00
1903.79	1.00	0.00
1903.88	1.00	0.00
1903.96	1.00	0.00
1904.04	1.00	0.00
1904.13	1.00	0.00
1904.21	1.00	0.00
1904.29	1.00	0.00
1904.38	1.00	0.00
1904.46	1.00	0.00
1904.54	1.00	0.00
1904.63	1.00	0.00
1904.71	1.00	0.00
1904.79	1.00	0.00
1904.88	1.00	0.00
1904.96	1.00	0.00
1905.04	1.00	0.00
1905.13	1.00	0.00
1905.21	1.00	0.00
1905.29	1.00	0.00
1905.38	1.00	0.00
1905.46	1.00	0.00
1905.54	1.00	0.00
1905.63	1.00	0.00
1905.71	1.00	0.00
1905.79	1.00	0.00
1905.88	1.00	0.00
1905.96	1.00	0.00
1906.04	1.00	0.00
1906.13	1.00	0.00
1906.21	1.00	0.00
1906.29	1.00	0.00
1906.38	1.00	0.00
1906.46	1.00	0.00
1906.54	1.00	0.00
1906.63	1.00	0.00
1906.71	1.00	0.00
1906.79	1.00	0.00
1906.88	1.00	0.00
1906.96	1.00	0.00
1907.04	1.00	0.00
1907.13	1.00	0.00
1907.21	1.00	0.00
1907.29	1.00	0.00
1907.38	1.00	0.00
1907.46	1.00	0.00
1907.54	1.00	0.00
1907.63	1.00	0.00
1907.71	1.00	0.00
1907.79	1.00	0.00
1907.88	1.00	0.00
1907.96	1.00	0.00
1908.04	1.00	0.00
1908.13	1.00	0.00
1908.21	1.00	0.00
1908.29	1.00	0.00
1908.38	1.00	0.00
1908.46	1.00	0.00
1908.54	1.00	0.00
1908.63	1.00	0.00
1908.71	1.00	0.00
1908.79	1.00	0.00
1908.88	1.00	0.00
1908.96	1.00	0.00
1909.04	1.00	0.00
1909.13	1.00	0.00
1909.21	1.00	0.00
1909.29	1.00	0.00
1909.38	1.00	0.00
1909.46	1.00	0.00
1909.54	1.00	0.00
1909.63	1.00	0.00
1909.71	1.00	0.00
1909.79	1.00	0.00
1909.88	1.00	0.00
1909.96	1.00	0.00
1910.04	1.00	0.00
1910.13	1.00	0.00
1910.21	1.00	0.00
1910.29	1.00	0.00
1910.38	1.00	0.00
1910.46	1.00	0.00
1910.54	1.00	0.00
1910.63	1.00	0.00
1910.71	1.00	0.00
1910.79	1.00	0.00
1910.88	1.00	0.00
1910.96	1.00	0.00
1911.04	1.00	0.00
1911.13	1.00	0.00
1911.21	1.00	0.00
1911.29	1.00	0.00
1911.38	1.00	0.00
1911.46	1.00	0.00
1911.54	1.00	0.00
1911.63	1.00	0.00
1911.71	1.00	0.00
1911.79	1.00	0.00
1911.88	1.00	0.00
1911.96	1.00	0.00
1912.04	1.00	0.00
1912.13	1.00	0.00
1912.21	1.00	0.00
1912.29	1.00	0.00
1912.38	1.00	0.00
1912.46	1.00	0.00
1912.54	1.00	0.00
1912.63	1.00	0.00
1912.71	1.00	0.00
1912.79	1.00	0.00
1912.88	1.00	0.00
1912.96	1.00	0.00
1913.04	1.00	0.00
1913.13	1.00	0.00
1913.21	1.00	0.00
1913.29	1.00	0.00
1913.38	1.00	0.00
1913.46	1.00	0.00
1913.54	1.00	0.00
1913.63	1.00	0.00
1913.71	1.00	0.00
1913.79	1.00	0.00
1913.88	1.00	0.00
1913.96	1.00	0.00
1914.04	1.00	0.00
1914.13	1.00	0.00
1914.21	1.00	0.00
1914.29	1.00	0.00
1914.38	1.00	0.00
1914.46	1.00	0.00
1914.54	1.00	0.00
1914.63	1.00	0.00
1914.71	1.00	0.00
1914.79	1.00	0.00
1914.88	1.00	0.00
1914.96	1.00	0.00
1915.04	1.00	0.00
1915.13	1.00	0.00
1915.21	1.00	0.00
1915.29	1.00	0.00
1915.38	1.00	0.00
1915.46	1.00	0.00
1915.54	1.00	0.00
1915.63	1.00	0.00
1915.71	1.00	0.00
1915.79	1.00	0.00
1915.88	1.00	0.00
1915.96	1.00	0.00
1916.04	1.00	0.00
1916.13	1.00	0.00
1916.21	1.00	0.00
1916.29	1.00	0.00
1916.38	1.00	0.00
1916.46	1.00	0.00
1916.54	1.00	0.00
1916.63	1.00	0.00
1916.71	1.00	0.00
1916.79	1.00	0.00
1916.88	1.00	0.00
1916.96	1.00	0.00
1917.04	1.00	0.00
1917.13	1.00	0.00
1917.21	1.00	0.00
1917.29	1.00	0.00
1917.38	1.00	0.00
1917.46	1.00	0.00
1917.54	1.00	0.00
1917.63	1.00	0.00
1917.71	1.00	0.00
1917.79	1.00	0.00
1917.88	1.00	0.00
1917.96	1.00	0.00
1918.04	1.00	0.00
1918.13	1.00	0.00
1918.21	1.00	0.00
1918.29	1.00	0.00
1918.38	1.00	0.00
1918.46	1.00	0.00
1918.54	1.00	0.00
1918.63	1.00	0.00
1918.71	1.00	0.00
1918.79	1.00	0.00
1918.88	1.00	0.00
1918.96	1.00	0.00
1919.04	1.00	0.00
1919.13	1.00	0.00
1919.21	1.00	0.00
1919.29	1.00	0.00
1919.38	1.00	0.00
1919.46	1.00	0.00
1919.54	1.00	0.00
1919.63	1.00	0.00
1919.71	1.00	0.00
1919.79	1.00	0.00
1919.88	1.00	0.00
1919.96	1.00	0.00
1920.04	1.00	0.00
1920.13	1.00	0.00
1920.21	1.00	0.00
1920.29	1.00	0.00
1920.38	1.00	0.00
1920.46	1.00	0.00
1920.54	1.00	0.00
1920.63	1.00	0.00
1920.71	1.00	0.00
1920.79	1.00	0.00
1920.88	1.00	0.00
1920.96	1.00	0.00
1921.04	1.00	0.00
1921.13	1.00	0.00
1921.21	1.00	0.00
1921.29	1.00	0.00
1921.38	1.00	0.00
1921.46	1.00	0.00
1921.54	1.00	0.00
1921.63	1.00	0.00
1921.71	1.00	0.00
1921.79	1.00	0.00
1921.88	1.00	0.00
1921.96	1.00	0.00
1922.04	1.00	0.00
1922.13	1.00	0.00
1922.21	1.00	0.00
1922.29	1.00	0.00
1922.38	1.00	0.00
1922.46	1.00	0.00
1922.54	1.00	0.00
1922.63	1.00	0.00
1922.71	1.00	0.00
1922.79	1.00	0.00
1922.88	1.00	0.00
1922.96	1.00	0.00
1923.04	1.00	0.00
1923.13	1.00	0.00
1923.21	1.00	0.00
1923.29	1.00	0.00
1923.38	1.00	0.00
1923.46	1.00	0.00
1923.54	1.00	0.00
1923.63	1.00	0.00
1923.71	1.00	0.00
1923.79	1.00	0.00
1923.88	1.00	0.00
1923.96	1.00	0.00
1924.04	1.00	0.00
1924.13	1.00	0.00
1924.21	1.00	0.00
1924.29	1.00	0.00
1924.38	1.00	0.00
1924.46	1.00	0.00
1924.54	1.00	0.00
1924.63	1.00	0.00
1924.71	1.00	0.00
1924.79	1.00	0.00
1924.88	1.00	0.00
1924.96	1.00	0.00
1925.04	1.00	0.00
1925.13	1.00	0.00
1925.21	1.00	0.00
1925.29	1.00	0.00
1925.38	1.00	0.00
1925.46	1.00	0.00
1925.54	1.00	0.00
1925.63	1.00	0.00
1925.71	1.00	0.00
1925.79	1.00	0.00
1925.88	1.00	0.00
1925.96	1.00	0.00
1926.04	1.00	0.00
1926.13	1.00	0.00
1926.21	1.00	0.00
1926.29	1.00	0.00
1926.38	1.00	0.00
1926.46	1.00	0.00
1926.54	1.00	0.00
1926.63	1.00	0.00
1926.71	1.00	0.00
1926.79	1.00	0.00
1926.88	1.00	0.00
1926.96	1.00	0.00
1927.04	1.00	0.00
1927.13	1.00	0.00
1927.21	1.00	0.00
1927.29	1.00	0.00
1927.38	1.00	0.00
1927.46	1.00	0.00
1927.54	1.00	0.00
1927.63	1.00	0.00
1927.71	1.00	0.00
1927.79	1.00	0.00
1927.88	1.00	0.00
1927.96	1.00	0.00
1928.04	1.00	0.00
1928.13	1.00	0.00
1928.21	1.00	0.00
1928.29	1.00	0.00
1928.38	1.00	0.00
1928.46	1.00	0.00
1928.54	1.00	0.00
1928.63	1.00	0.00
1928.71	1.00	0.00
1928.79	1.00	0.00
1928.88	1.00	0.00
1928.96	1.00	0.00
1929.04	1.00	0.00
1929.13	1.00	0.00
1929.21	1.00	0.00
1929.29	1.00	0.00
1929.38	1.00	0.00
1929.46	1.00	0.00
1929.54	1.00	0.00
1929.63	1.00	0.00
1929.71	1.00	0.00
1929.79	1.00	0.00
1929.88	1.00	0.00
1929.96	1.00	0.00
1930.04	1.00	0.00
1930.13	1.00	0.00
1930.21	1.00	0.00
1930.29	1.00	0.00
1930.38	1.00	0.00
1930.46	1.00	0.00
1930.54	1.00	0.00
1930.63	1.00	0.00
1930.71	1.00	0.00
1930.79	1.00	0.00
1930.88	1.00	0.00
1930.96	1.00	0.00
1931.04	1.00	0.00
1931.13	1.00	0.00
1931.21	1.00	0.00
1931.29	1.00	0.00
1931.38	1.00	0.00
1931.46	1.00	0.00
1931.54	1.00	0.00
1931.63	1.00	0.00
1931.71	1.00	0.00
1931.79	1.00	0.00
1931.88	1.00	0.00
1931.96	1.00	0.00
1932.04	1.00	0.00
1932.13	1.00	0.00
1932.21	1.00	0.00
1932.29	1.00	0.00
1932.38	1.00	0.00
1932.46	1.00	0.00
1932.54	1.00	0.00
1932.63	1.00	0.00
1932.71	1.00	0.00
1932.79	1.00	0.00
1932.88	1.00	0.00
1932.96	1.00	0.00
1933.04	1.00	0.00
1933.13	1.00	0.00
1933.21	1.00	0.00
1933.29	1.00	0.00
1933.38	1.00	0.00
1933.46	1.00	0.00
1933.54	1.00	0.00
1933.63	1.00	0.00
1933.71	1.00	0.00
1933.79	1.00	0.00
1933.88	1.00	0.00
1933.96	1.00	0.00
1934.04	1.00	0.00
1934.13	1.00	0.00
1934.21	1.00	0.00
1934.29	1.00	0.00
1934.38	1.00	0.00
1934.46	1.00	0.00
1934.54	1.00	0.00
1934.63	1.00	0.00
1934.71	1.00	0.00
1934.79	1.00	0.00
1934.88	1.00	0.00
1934.96	1.00	0.00
1935.04	1.00	0.00
1935.13	1.00	0.00
1935.21	1.00	0.00
1935.29	1.00	0.00
1935.38	1.00	0.00
1935.46	1.00	0.00
1935.54	1.00	0.00
1935.63	1.00	0.00
1935.71	1.00	0.00
1935.79	1.00	0.00
1935.88	1.00	0.00
1935.96	1.00	0.00
1936.04	1.00	0.00
1936.13	1.00	0.00
1936.21	1.00	0.00
1936.29	1.00	0.00
1936.38	1.00	0.00
1936.46	1.00	0.00
1936.54	1.00	0.00
1936.63	1.00	0.00
1936.71	1.00	0.00
1936.79	1.00	0.00
1936.88	1.00	0.00
1936.96	1.00	0.00
1937.04	1.00	0.00
1937.13	1.00	0.00
1937.21	1.00	0.00
1937.29	1.00	0.00
1937.38	1.00	0.00
1937.46	1.00	0.00
1937.54	1.00	0.00
1937.63	1.00	0.00
1937.71	1.00	0.00
1937.79	1.00	0.00
1937.88	1.00	0.00
1937.96	1.00	0.00
1938.04	1.00	0.00
1938.13	1.00	0.00
1938.21	1.00	0.00
1938.29	1.00	0.00
1938.38	1.00	0.00
1938.46	1.00	0.00
1938.54	1.00	0.00
1938.63	1.00	0.00
1938.71	1.00	0.00
1938.79	1.00	0.00
1938.88	1.00	0.00
1938.96	1.00	0.00
1939.04	1.00	0.00
1939.13	1.00	0.00
1939.21	1.00	0.00
1939.29	1.00	0.00
1939.38	1.00	0.00
1939.46	1.00	0.00
1939.54	1.00	0.00
1939.63	1.00	0.00
1939.71	1.00	0.00
1939.79	1.00	0.00
1939.88	1.00	0.00
1939.96	1.00	0.00
1940.04	1.00	0.00
1940.13	1.00	0.00
1940.21	1.00	0.00
1940.29	1.00	0.00
1940.38	1.00	0.00
1940.46	1.00	0.00
1940.54	1.00	0.00
1940.63	1.00	0.00
1940.71	1.00	0.00
1940.79	1.00	0.00
1940.88	1.00	0.00
1940.96	1.00	0.00
1941.04	1.00	0.00
1941.13	1.00	0.00
1941.21	1.00	0.00
1941.29	1.00	0.00
1941.38	1.00	0.00
1941.46	1.00	0.00
1941.54	1.00	0.00
1941.63	1.00	0.00
1941.71	1.00	0.00
1941.79	1.00	0.00
1941.88	1.00	0.00
1941.96	1.00	0.00
1942.04	1.00	0.00
1942.13	1.00	0.00
1942.21	1.00	0.00
1942.29	1.00	0.00
1942.38	1.00	0.00
1942.46	1.00	0.00
1942.54	1.00	0.00
1942.63	1.00	0.00
1942.71	1.00	0.00
1942.79	1.00	0.00
1942.88	1.00	0.00
1942.96	1.00	0.00
1943.04	1.00	0.00
1943.13	1.00	0.00
1943.21	1.00	0.00
1943.29	1.00	0.00
1943.38	1.00	0.00
1943.46	1.00	0.00
1943.54	1.00	0.00
1943.63	1.00	0.00
1943.71	1.00	0.00
1943.79	1.00	0.00
1943.88	1.00	0.00
1943.96	1.00	0.00
1944.04	1.00	0.00
1944.13	1.00	0.00
1944.21	1.00	0.00
1944.29	1.00	0.00
1944.38	1.00	0.00
1944.46	1.00	0.00
1944.54	1.00	0.00
1944.63	1.00	0.00
1944.71	1.00	0.00
1944.79	1.00	0.00
1944.88	1.00	0.00
1944.96	1.00	0.00
1945.04	1.00	0.00
1945.13	1.00	0.00
1945.21	1.00	0.00
1945.29	1.00	0.00
1945.38	1.00	0.00
1945.46	1.00	0.00
1945.54	1.00	0.00
1945.63	1.00	0.00
1945.71	1.00	0.00
1945.79	1.00	0.00
1945.88	1.00	0.00
1945.96	1.00	0.00
1946.04	1.00	0.00
1946.13	1.00	0.00
1946.21	1.00	0.00
1946.29	1.00	0.00
1946.38	1.00	0.00
1946.46	1.00	0.00
1946.54	1.00	0.00
1946.63	1.00	0.00
1946.71	1.00	0.00
1946.79	1.00	0.00
1946.88	1.00	0.00
1946.96	1.00	0.00
1947.04	1.00	0.00
1947.13	1.00	0.00
1947.21	1.00	0.00
1947.29	1.00	0.00
1947.38	1.00	0.00
1947.46	1.00	0.00
1947.54	1.00	0.00
1947.63	1.00	0.00
1947.71	1.00	0.00
1947.79	1.00	0.00
1947.88	1.00	0.00
1947.96	1.00	0.00
1948.04	1.00	0.00
1948.13	1.00	0.00
1948.21	1.00	0.00
1948.29	1.00	0.00
1948.38	1.00	0.00
1948.46	1.00	0.00
1948.54	1.00	0.00
1948.63	1.00	0.00
1948.71	1.00	0.00
1948.79	1.00	0.00
1948.88	1.00	0.00
1948.96	1.00	0.00
1949.04	1.00	0.00
1949.13	1.00	0.00
1949.21	1.00	0.00
1949.29	1.00	0.00
1949.38	1.00	0.00
1949.46	1.00	0.00
1949.54	1.00	0.00
1949.63	1.00	0.00
1949.71	1.00	0.00
1949.79	1.00	0.00
1949.88	1.00	0.00
1949.96	1.00	0.00
1950.04	1.00	0.00
1950.13	1.00	0.00
1950.21	1.00	0.00
1950.29	1.00	0.00
1950.38	1.00	0.00
1950.46	1.00	0.00
1950.54	1.00	0.00
1950.63	1.00	0.00
1950.71	1.00	0.00
1950.79	1.00	0.00
1950.88	1.00	0.00
1950.96	1.00	0.00
1951.04	1.00	0.00
1951.13	1.00	0.00
1951.21	1.00	0.00
1951.29	1.00	0.00
1951.38	1.00	0.00
1951.46	1.00	0.00
1951.54	1.00	0.00
1951.63	1.00	0.00
1951.71	1.00	0.00
1951.79	1.00	0.00
1951.88	1.00	0.00
1951.96	1.00	0.00
1952.04	1.00	0.00
1952.13	1.00	0.00
1952.21	1.00	0.00
1952.29	1.00	0.00
1952.38	1.00	0.00
1952.46	1.00	0.00
1952.54	1.00	0.00
1952.63	1.00	0.00
1952.71	1.00	0.00
1952.79	1.00	0.00
1952.88	1.00	0.00
1952.96	1.00	0.00
1953.04	1.00	0.00
1953.13	1.00	0.00
1953.21	1.00	0.00
1953.29	1.00	0.00
1953.38	1.00	0.00
1953.46	1.00	0.00
1953.54	1.00	0.00
1953.63	1.00	0.00
1953.71	1.00	0.00
1953.79	1.00	0.00
1953.88	1.00	0.00
1953.96	1.00	0.00
1954.04	1.00	0.00
1954.13	1.00	0.00
1954.21	1.00	0.00
1954.29	1.00	0.00
1954.38	1.00	0.00
1954.46	1.00	0.00
1954.54	1.00	0.00
1954.63	1.00	0.00
1954.71	1.00	0.00
1954.79	1.00	0.00
1954.88	1.00	0.00
1954.96	1.00	0.00
1955.04	1.00	0.00
1955.13	1.00	0.00
1955.21	1.00	0.00
1955.29	1.00	0.00
1955.38	1.00	0.00
1955.46	1.00	0.00
1955.54	1.00	0.00
1955.63	1.00	0.00
1955.71	1.00	0.00
1955.79	1.00	0.00
1955.88	1.00	0.00
1955.96	1.00	0.00
1956.04	1.00	0.00
1956.13	1.00	0.00
1956.21	1.00	0.00
1956.29	1.00	0.00
1956.38	1.00	0.00
1956.46	1.00	0.00
1956.54	1.00	0.00
1956.63	1.00	0.00
1956.71	1.00	0.00
1956.79	1.00	0.00
1956.88	1.00	0.00
1956.96	1.00	0.00
1957.04	1.00	0.00
1957.13	1.00	0.00
1957.21	1.00	0.00
1957.29	1.00	0.00
1957.38	1.00	0.00
1957.46	1.00	0.00
1957.54	1.00	0.00
1957.63	1.00	0.00
1957.71	1.00	0.00
1957.79	1.00	0.00
1957.88	1.00	0.00
1957.96	1.00	0.00
1958.04	1.00	0.00
1958.13	1.00	0.00
1958.21	1.00	0.00
1958.29	1.00	0.00
1958.38	1.00	0.00
1958.46	1.00	0.00
1958.54	1.00	0.00
1958.63	1.00	0.00
1958.71	1.00	0.00
1958.79	1.00	0.00
1958.88	1.00	0.00
1958.96	1.00	0.00
1959.04	1.00	0.00
1959.13	1.00	0.00
1959.21	1.00	0.00
1959.29	1.00	0.00
1959.38	1.00	0.00
1959.46	1.00	0.00
1959.54	1.00	0.00
1959.63	1.00	0.00
1959.71	1.00	0.00
1959.79	1.00	0.00
1959.88	1.00	0.00
1959.96	1.00	0.00
1960.04	1.00	0.00
1960.13	1.00	0.00
1960.21	1.00	0.00
1960.29	1.00	0.00
1960.38	1.00	0.00
1960.46	1.00	0.00
1960.54	1.00	0.00
1960.63	1.00	0.00
1960.71	1.00	0.00
1960.79	1.00	0.00
1960.88	1.00	0.00
1960.96	1.00	0.00
1961.04	1.00	0.00
1961.13	1.00	0.00
1961.21	1.00	0.00
1961.29	1.00	0.00
1961.38	1.00	0.00
1961.46	1.00	0.00
1961.54	1.00	0.00
1961.63	1.00	0.00
1961.71	1.00	0.00
1961.79	1.00	0.00
1961.88	1.00	0.00
1961.96	1.00	0.00
1962.04	1.00	0.00
1962.13	1.00	0.00
1962.21	1.00	0.00
1962.29	1.00	0.00
1962.38	1.00	0.00
1962.46	1.00	0.00
1962.54	1.00	0.00
1962.63	1.00	0.00
1962.71	1.00	0.00
1962.79	1.00	0.00
1962.88	1.00	0.00
1962.96	1.00	0.00
1963.04	1.00	0.00
1963.13	1.00	0.00
1963.21	1.00	0.00
1963.29	1.00	0.00
1963.38	1.00	0.00
1963.46	1.00	0.00
1963.54	1.00	0.00
1963.63	1.00	0.00
1963.71	1.00	0.00
1963.79	1.00	0.00
1963.88	1.00	0.00
1963.96	1.00	0.00
1964.04	1.00	0.00
1964.13	1.00	0.00
1964.21	1.00	0.00
1964.29	1.00	0.00
1964.38	1.00	0.00
1964.46	1.00	0.00
1964.54	1.00	0.00
1964.63	1.00	0.00
1964.71	1.00	0.00
1964.79	1.00	0.00
1964.88	1.00	0.00
1964.96	1.00	0.00
1965.04	1.00	0.00
1965.13	1.00	0.00
1965.21	1.00	0.00
1965.29	1.00	0.00
1965.38	1.00	0.00
1965.46	1.00	0.00
1965.54	1.00	0.00
1965.63	1.00	0.00
1965.71	1.00	0.00
1965.79	1.00	0.00
1965.88	1.00	0.00
1965.96	1.00	0.00
1966.04	1.00	0.00
1966.13	1.00	0.00
1966.21	1.00	0.00
1966.29	1.00	0.00
1966.38	1.00	0.00
1966.46	1.00	0.00
1966.54	1.00	0.00
1966.63	1.00	0.00
1966.71	1.00	0.00
1966.79	1.00	0.00
1966.88	1.00	0.00
1966.96	1.00	0.00
1967.04	1.00	0.00
1967.13	1.00	0.00
1967.21	1.00	0.00
1967.29	1.00	0.00
1967.38	1.00	0.00
1967.46	1.00	0.00
1967.54	1.00	0.00
1967.63	1.00	0.00
1967.71	1.00	0.00
1967.79	1.00	0.00
1967.88	1.00	0.00
1967.96	1.00	0.00
1968.04	1.00	0.00
1968.13	1.00	0.00
1968.21	1.00	0.00
1968.29	1.00	0.00
1968.38	1.00	0.00
1968.46	1.00	0.00
1968.54	1.00	0.00
1968.63	1.00	0.00
1968.71	1.00	0.00
1968.79	1.00	0.00
1968.88	1.00	0.00
1968.96	1.00	0.00
1969.04	1.00	0.00
1969.13	1.00	0.00
1969.21	1.00	0.00
1969.29	1.00	0.00
1969.38	1.00	0.00
1969.46	1.00	0.00
1969.54	1.00	0.00
1969.63	1.00	0.00
1969.71	1.00	0.00
1969.79	1.00	0.00
1969.88	1.00	0.00
1969.96	1.00	0.00
1970.04	1.00	0.00
1970.13	1.00	0.00
1970.21	1.00	0.00
1970.29	1.00	0.00
1970.38	1.00	0.00
1970.46	1.00	0.00
1970.54	1.00	0.00
1970.63	1.00	0.00
1970.71	1.00	0.00
1970.79	1.00	0.00
1970.88	1.00	0.00
1970.96	1.00	0.00
1971.04	1.00	0.00
1971.13	1.00	0.00
1971.21	1.00	0.00
1971.29	1.00	0.00
1971.38	1.00	0.00
1971.46	1.00	0.00
1971.54	1.00	0.00
1971.63	1.00	0.00
1971.71	1.00	0.00
1971.79	1.00	0.00
1971.88	1.00	0.00
1971.96	1.00	0.00
1972.04	1.00	0.00
1972.13	1.00	0.00
1972.21	1.00	0.00
1972.29	1.00	0.00
1972.38	1.00	0.00
1972.46	1.00	0.00
1972.54	1.00	0.00
1972.63	1.00	0.00
1972.71	1.00	0.00
1972.79	1.00	0.00
1972.88	1.00	0.00
1972.96	1.00	0.00
1973.04	1.00	0.00
1973.13	1.00	0.00
1973.21	1.00	0.00
1973.29	1.00	0.00
1973.38	1.00	0.00
1973.46	1.00	0.00
1973.54	1.00	0.00
1973.63	1.00	0.00
1973.71	1.00	0.00
1973.79	1.00	0.00
1973.88	1.00	0.00
1973.96	1.00	0.00
1974.04	1.00	0.00
1974.13	1.00	0.00
1974.21	1.00	0.00
1974.29	1.00	0.00
1974.38	1.00	0.00
1974.46	1.00	0.00
1974.54	1.00	0.00
1974.63	1.00	0.00
1974.71	1.00	0.00
1974.79	1.00	0.00
1974.88	1.00	0.00
1974.96	1.00	0.00
1975.04	1.00	0.00
1975.13	1.00	0.00
1975.21	1.00	0.00
1975.29	1.00	0.00
1975.38	1.00	0.00
1975.46	1.00	0.00
1975.54	1.00	0.00
1975.63	1.00	0.00
1975.71	1.00	0.00
1975.79	1.00	0.00
1975.88	1.00	0.00
1975.96	1.00	0.00
1976.04	1.00	0.00
1976.13	1.00	0.00
1976.21	1.00	0.00
1976.29	1.00	0.00
1976.38	1.00	0.00
1976.46	1.00	0.00
1976.54	1.00	0.00
1976.63	1.00	0.00
1976.71	1.00	0.00
1976.79	1.00	0.00
1976.88	1.00	0.00
1976.96	1.00	0.00
1977.04	1.00	0.00
1977.13	1.00	0.00
1977.21	1.00	0.00
1977.29	1.00	0.00
1977.38	1.00	0.00
1977.46	1.00	0.00
1977.54	1.00	0.00
1977.63	1.00	0.00
1977.71	1.00	0.00
1977.79	1.00	0.00
1977.88	1.00	0.00
1977.96	1.00	0.00
1978.04	1.00	0.00
1978.13	1.00	0.00
1978.21	1.00	0.00
1978.29	1.00	0.00
1978.38	1.00	0.00
1978.46	1.00	0.00
1978.54	1.00	0.00
1978.63	1.00	0.00
1978.71	1.00	0.00
1978.79	1.00	0.00
1978.88	1.00	0.00
1978.96	1.00	0.00
1979.04	1.00	0.00
1979.13	1.00	0.00
1979.21	1.00	0.00
1979.29	1.00	0.00
1979.38	1.00	0.00
1979.46	1.00	0.00
1979.54	1.00	0.00
1979.63	1.00	0.00
1979.71	1.00	0.00
1979.79	1.00	0.00
1979.88	1.00	0.00
1979.96	1.00	0.00
1980.04	1.00	0.00
1980.13	1.00	0.00
1980.21	1.00	0.00
1980.29	1.00	0.00
1980.38	1.00	0.00
1980.46	1.00	0.00
1980.54	1.00	0.00
1980.63	1.00	0.00
1980.71	1.00	0.00
1980.79	1.00	0.00
1980.88	1.00	0.00
1980.96	1.00	0.00
1981.04	1.00	0.00
1981.13	1.00	0.00
1981.21	1.00	0.00
1981.29	1.00	0.00
1981.38	1.00	0.00
1981.46	1.00	0.00
1981.54	1.00	0.00
1981.63	1.00	0.00
1981.71	1.00	0.00
1981.79	1.00	0.00
1981.88	1.00	0.00
1981.96	1.00	0.00
1982.04	1.00	0.00
1982.13	1.00	0.00
1982.21	1.00	0.00
1982.29	1.00	0.00
1982.38	1.00	0.00
1982.46	1.00	0.00
1982.54	1.00	0.00
1982.63	1.00	0.00
1982.71	1.00	0.00
1982.79	1.00	0.00
1982.88	1.00	0.00
1982.96	1.00	0.00
1983.04	1.00	0.00
1983.13	1.00	0.00
1983.21	1.00	0.00
1983.29	1.00	0.00
1983.38	1.00	0.00
1983.46	1.00	0.00
1983.54	1.00	0.00
1983.63	1.00	0.00
1983.71	1.00	0.00
1983.79	1.00	0.00
1983.88	1.00	0.00
1983.96	1.00	0.00
1984.04	1.00	0.00
1984.13	1.00	0.00
1984.21	1.00	0.00
1984.29	1.00	0.00
1984.38	1.00	0.00
1984.46	1.00	0.00
1984.54	1.00	0.00
1984.63	1.00	0.00
1984.71	1.00	0.00
1984.79	1.00	0.00
1984.88	1.00	0.00
1984.96	1.00	0.00
1985.04	1.00	0.00
1985.13	1.00	0.00
1985.21	1.00	0.00
1985.29	1.00	0.00
1985.38	1.00	0.00
1985.46	1.00	0.00
1985.54	1.00	0.00
1985.63	1.00	0.00
1985.71	1.00	0.00
1985.79	1.00	0.00
1985.88	1.00	0.00
1985.96	1.00	0.00
1986.04	1.00	0.00
1986.13	1.00	0.00
1986.21	1.00	0.00
1986.29	1.00	0.00
1986.38	1.00	0.00
1986.46	1.00	0.00
1986.54	1.00	0.00
1986.63	1.00	0.00
1986.71	1.00	0.00
1986.79	1.00	0.00
1986.88	1.00	0.00
1986.96	1.00	0.00
1987.04	1.00	0.00
1987.13	1.00	0.00
1987.21	1.00	0.00
1987.29	1.00	0.00
1987.38	1.00	0.00
1987.46	1.00	0.00
1987.54	1.00	0.00
1987.63	1.00	0.00
1987.71	1.00	0.00
1987.79	1.00	0.00
1987.88	1.00	0.00
1987.96	1.00	0.00
1988.04	1.00	0.00
1988.13	1.00	0.00
1988.21	1.00	0.00
1988.29	1.00	0.00
1988.38	1.00	0.00
1988.46	1.00	0.00
1988.54	1.00	0.00
1988.63	1.00	0.00
1988.71	1.00	0.00
1988.79	1.00	0.00
1988.88	1.00	0.00
1988.96	1.00	0.00
1989.04	1.00	0.00
1989.13	1.00	0.00
1989.21	1.00	0.00
1989.29	1.00	0.00
1989.38	1.00	0.00
1989.46	1.00	0.00
1989.54	1.00	0.00
1989.63	1.00	0.00
1989.71	1.00	0.00
1989.79	1.00	0.00
1989.88	1.00	0.00
1989.96	1.00	0.00
1990.04	1.00	0.00
1990.13	1.00	0.00
1990.21	1.00	0.00
1990.29	1.00	0.00
1990.38	1.00	0.00
1990.46	1.00	0.00
1990.54	1.00	0.00
1990.63	1.00	0.00
1990.71	1.00	0.00
1990.79	1.00	0.00
1990.88	1.00	0.00
1990.96	1.00	0.00
1991.04	1.00	0.00
1991.13	1.00	0.00
1991.21	1.00	0.00
1991.29	1.00	0.00
1991.38	1.00	0.00
1991.46	1.00	0.00
1991.54	1.00	0.00
1991.63	1.00	0.00
1991.71	1.00	0.00
1991.79	1.00	0.00
1991.88	1.00	0.00
1991.96	1.00	0.00
1992.04	1.00	0.00
1992.13	1.00	0.00
1992.21	1.00	0.00
1992.29	1.00	0.00
1992.38	1.00	0.00
1992.46	1.00	0.00
1992.54	1.00	0.00
1992.63	1.00	0.00
1992.71	1.00	0.00
1992.79	1.00	0.00
1992.88	1.00	0.00
1992.96	1.00	0.00
1993.04	1.00	0.00
1993.13	1.00	0.00
1993.21	1.00	0.00
1993.29	1.00	0.00
1993.38	1.00	0.00
1993.46	1.00	0.00
1993.54	1.00	0.00
1993.63	1.00	0.00
1993.71	1.00	0.00
1993.79	1.00	0.00
1993.88	1.00	0.00
1993.96	1.00	0.00
1994.04	1.00	0.00
1994.13	1.00	0.00
1994.21	1.00	0.00
1994.29	1.00	0.00
1994.38	1.00	0.00
1994.46	1.00	0.00
1994.54	1.00	0.00
1994.63	1.00	0.00
1994.71	1.00	0.00
1994.79	1.00	0.00
1994.88	1.00	0.00
1994.96	1.00	0.00
1995.04	1.00	0.00
1995.13	1.00	0.00
1995.21	1.00	0.00
1995.29	1.00	0.00
1995.38	1.00	0.00
1995.46	1.00	0.00
1995.54	1.00	0.00
1995.63	1.00	0.00
1995.71	1.00	0.00
1995.79	1.00	0.00
1995.88	1.00	0.00
1995.96	1.00	0.00
1996.04	1.00	0.00
1996.13	1.00	0.00
1996.21	1.00	0.00
1996.29	1.00	0.00
1996.38	1.00	0.00
1996.46	1.00	0.00
1996.54	1.00	0.00
1996.63	1.00	0.00
1996.71	1.00	0.00
1996.79	1.00	0.00
1996.88	1.00	0.00
1996.96	1.00	0.00
1997.04	1.00	0.00
1997.13	1.00	0.00
1997.21	1.00	0.00
1997.29	1.00	0.00
1997.38	1.00	0.00
1997.46	1.00	0.00
1997.54	1.00	0.00
1997.63	1.00	0.00
1997.71	1.00	0.00
1997.79	1.00	0.00
1997.88	1.00	0.00
1997.96	1.00	0.00
1998.04	1.00	0.00
1998.13	1.00	0.00
1998.21	1.00	0.00
1998.29	1.00	0.00
1998.38	1.00	0.00
1998.46	1.00	0.00
1998.54	1.00	0.00
1998.63	1.00	0.00
1998.71	1.00	0.00
1998.79	1.00	0.00
1998.88	1.00	0.00
1998.96	1.00	0.00
1999.04	1.00	0.00
1999.13	1.00	0.00
1999.21	1.00	0.00
1999.29	1.00	0.00
1999.38	1.00	0.00
1999.46	1.00	0.00
1999.54	1.00	0.00
1999.63	1.00	0.00
1999.71	1.00	0.00
1999.79	1.00	0.00
1999.88	1.00	0.00
1999.96	1.00	0.00
2000.04	1.00	0.00
2000.13	1.00	0.00
2000.21	1.00	0.00
2000.29	1.00	0.00
2000.38	1.00	0.00
2000.46	1.00	0.00
2000.54	1.00	0.00
2000.63	1.00	0.00
2000.71	1.00	0.00
2000.79	1.00	0.00
2000.88	1.00	0.00
2000.96	1.00	0.00
2001.04	1.00	0.00
2001.13	1.00	0.00
2001.21	1.00	0.00
2001.29	1.00	0.00
2001.38	1.00	0.00
2001.46	1.00	0.00
2001.54	1.00	0.00
2001.63	1.00	0.00
2001.71	1.00	0.00
2001.79	1.00	0.00
2001.88	1.00	0.00
2001.96	1.00	0.00
2002.04	1.00	0.00
2002.13	1.00	0.00
2002.21	1.00	0.00
2002.29	1.00	0.00
2002.38	1.00	0.00
2002.46	1.00	0.00
2002.54	1.00	0.00
2002.63	1.00	0.00
2002.71	1.00	0.00
2002.79	1.00	0.00
2002.88	1.00	0.00
2002.96	1.00	0.00
2003.04	1.00	0.00
2003.13	1.00	0.00
2003.21	1.00	0.00
2003.29	1.00	0.00
2003.38	1.00	0.00
2003.46	1.00	0.00
2003.54	1.00	0.00
2003.63	1.00	0.00
2003.71	1.00	0.00
2003.79	1.00	0.00
2003.88	1.00	0.00
2003.96	1.00	0.00
2004.04	1.00	0.00
2004.13	1.00	0.00
2004.21	1.00	0.00
2004.29	1.00	0.00
2004.38	1.00	0.00
2004.46	1.00	0.00
2004.54	1.00	0.00
2004.63	1.00	0.00
2004.71	1.00	0.00
2004.79	1.00	0.00
2004.88	1.00	0.00
2004.96	1.00	0.00
2005.04	1.00	0.00
2005.13	1.00	0.00
2005.21	1.00	0.00
2005.29	1.00	0.00
2005.38	1.00	0.00
2005.46	1.00	0.00
2005.54	1.00	0.00
2005.63	1.00	0.00
2005.71	1.00	0.00
2005.79	1.00	0.00
2005.88	1.00	0.00
2005.96	1.00	0.00
2006.04	1.00	0.00
2006.13	1.00	0.00
2006.21	1.00	0.00
2006.29	1.00	0.00
2006.38	1.00	0.00
2006.46	1.00	0.00
2006.54	1.00	0.00
2006.63	1.00	0.00
2006.71	1.00	0.00
2006.79	1.00	0.00
2006.88	1.00	0.00
2006.96	1.00	0.00
2007.04	1.00	0.00
2007.13	1.00	0.00
2007.21	1.00	0.00
2007.29	1.00	0.00
2007.38	1.00	0.00
2007.46	1.00	0.00
2007.54	1.00	0.00
2007.63	1.00	0.00
2007.71	1.00	0.00
2007.79	1.00	0.00
2007.88	1.00	0.00
2007.96	1.00	0.00
2008.04	1.00	0.00
2008.13	1.00	0.00
2008.21	1.00	0.00
2008.29	1.00	0.00
2008.38	1.00	0.00
2008.46	1.00	0.00
2008.54	1.00	0.00
2008.63	1.00	0.00
2008.71	1.00	0.00
2008.79	1.00	0.00
2008.88	1.00	0.00
2008.96	1.00	0.00
