C13 of CO2 history for the northern hemisphere provided by Mauro Rubino & Cathy Trudinger, CSIRO
year    concentration (ppm)
1900	3.266
1900.1	3.266
1900.2	3.266
1900.3	3.267
1900.4	3.267
1900.5	3.267
1900.6	3.267
1900.7	3.268
1900.8	3.268
1900.9	3.269
1901	3.269
1901.1	3.269
1901.2	3.270
1901.3	3.270
1901.4	3.271
1901.5	3.271
1901.6	3.272
1901.7	3.272
1901.8	3.273
1901.9	3.273
1902	3.273
1902.1	3.274
1902.2	3.274
1902.3	3.274
1902.4	3.275
1902.5	3.275
1902.6	3.275
1902.7	3.276
1902.8	3.276
1902.9	3.276
1903	3.277
1903.1	3.277
1903.2	3.277
1903.3	3.278
1903.4	3.278
1903.5	3.279
1903.6	3.279
1903.7	3.280
1903.8	3.280
1903.9	3.281
1904	3.281
1904.1	3.282
1904.2	3.282
1904.3	3.282
1904.4	3.283
1904.5	3.283
1904.6	3.284
1904.7	3.284
1904.8	3.284
1904.9	3.285
1905	3.285
1905.1	3.286
1905.2	3.287
1905.3	3.287
1905.4	3.288
1905.5	3.288
1905.6	3.289
1905.7	3.289
1905.8	3.290
1905.9	3.290
1906	3.291
1906.1	3.291
1906.2	3.292
1906.3	3.292
1906.4	3.293
1906.5	3.293
1906.6	3.294
1906.7	3.294
1906.8	3.294
1906.9	3.295
1907	3.295
1907.1	3.296
1907.2	3.296
1907.3	3.297
1907.4	3.297
1907.5	3.297
1907.6	3.298
1907.7	3.298
1907.8	3.299
1907.9	3.299
1908	3.300
1908.1	3.300
1908.2	3.301
1908.3	3.301
1908.4	3.301
1908.5	3.302
1908.6	3.302
1908.7	3.303
1908.8	3.303
1908.9	3.304
1909	3.304
1909.1	3.304
1909.2	3.305
1909.3	3.305
1909.4	3.306
1909.5	3.306
1909.6	3.307
1909.7	3.307
1909.8	3.308
1909.9	3.308
1910	3.308
1910.1	3.309
1910.2	3.309
1910.3	3.310
1910.4	3.310
1910.5	3.311
1910.6	3.311
1910.7	3.312
1910.8	3.312
1910.9	3.312
1911	3.313
1911.1	3.313
1911.2	3.313
1911.3	3.314
1911.4	3.314
1911.5	3.314
1911.6	3.315
1911.7	3.315
1911.8	3.315
1911.9	3.316
1912	3.316
1912.1	3.316
1912.2	3.317
1912.3	3.317
1912.4	3.318
1912.5	3.318
1912.6	3.319
1912.7	3.319
1912.8	3.320
1912.9	3.320
1913	3.320
1913.1	3.321
1913.2	3.321
1913.3	3.322
1913.4	3.322
1913.5	3.322
1913.6	3.322
1913.7	3.323
1913.8	3.323
1913.9	3.323
1914	3.324
1914.1	3.324
1914.2	3.324
1914.3	3.325
1914.4	3.325
1914.5	3.325
1914.6	3.326
1914.7	3.326
1914.8	3.326
1914.9	3.327
1915	3.327
1915.1	3.327
1915.2	3.328
1915.3	3.328
1915.4	3.328
1915.5	3.329
1915.6	3.329
1915.7	3.329
1915.8	3.329
1915.9	3.330
1916	3.330
1916.1	3.331
1916.2	3.331
1916.3	3.332
1916.4	3.332
1916.5	3.332
1916.6	3.333
1916.7	3.333
1916.8	3.334
1916.9	3.334
1917	3.335
1917.1	3.335
1917.2	3.335
1917.3	3.336
1917.4	3.336
1917.5	3.336
1917.6	3.337
1917.7	3.337
1917.8	3.337
1917.9	3.338
1918	3.338
1918.1	3.338
1918.2	3.339
1918.3	3.339
1918.4	3.339
1918.5	3.340
1918.6	3.340
1918.7	3.340
1918.8	3.341
1918.9	3.341
1919	3.341
1919.1	3.342
1919.2	3.342
1919.3	3.342
1919.4	3.342
1919.5	3.343
1919.6	3.343
1919.7	3.343
1919.8	3.344
1919.9	3.344
1920	3.345
1920.1	3.345
1920.2	3.345
1920.3	3.346
1920.4	3.346
1920.5	3.347
1920.6	3.347
1920.7	3.348
1920.8	3.348
1920.9	3.348
1921	3.349
1921.1	3.349
1921.2	3.350
1921.3	3.350
1921.4	3.351
1921.5	3.351
1921.6	3.352
1921.7	3.352
1921.8	3.353
1921.9	3.353
1922	3.353
1922.1	3.354
1922.2	3.354
1922.3	3.354
1922.4	3.355
1922.5	3.355
1922.6	3.355
1922.7	3.356
1922.8	3.356
1922.9	3.356
1923	3.357
1923.1	3.357
1923.2	3.357
1923.3	3.358
1923.4	3.358
1923.5	3.359
1923.6	3.359
1923.7	3.360
1923.8	3.360
1923.9	3.361
1924	3.361
1924.1	3.362
1924.2	3.362
1924.3	3.363
1924.4	3.363
1924.5	3.364
1924.6	3.364
1924.7	3.365
1924.8	3.366
1924.9	3.366
1925	3.367
1925.1	3.367
1925.2	3.368
1925.3	3.368
1925.4	3.369
1925.5	3.369
1925.6	3.369
1925.7	3.370
1925.8	3.370
1925.9	3.371
1926	3.371
1926.1	3.371
1926.2	3.372
1926.3	3.372
1926.4	3.373
1926.5	3.373
1926.6	3.374
1926.7	3.374
1926.8	3.374
1926.9	3.375
1927	3.375
1927.1	3.376
1927.2	3.376
1927.3	3.377
1927.4	3.378
1927.5	3.378
1927.6	3.379
1927.7	3.379
1927.8	3.380
1927.9	3.380
1928	3.381
1928.1	3.382
1928.2	3.382
1928.3	3.383
1928.4	3.383
1928.5	3.384
1928.6	3.384
1928.7	3.385
1928.8	3.386
1928.9	3.386
1929	3.387
1929.1	3.387
1929.2	3.387
1929.3	3.388
1929.4	3.388
1929.5	3.389
1929.6	3.389
1929.7	3.390
1929.8	3.390
1929.9	3.390
1930	3.391
1930.1	3.391
1930.2	3.392
1930.3	3.392
1930.4	3.393
1930.5	3.394
1930.6	3.394
1930.7	3.395
1930.8	3.395
1930.9	3.396
1931	3.396
1931.1	3.397
1931.2	3.398
1931.3	3.398
1931.4	3.399
1931.5	3.399
1931.6	3.400
1931.7	3.400
1931.8	3.401
1931.9	3.401
1932	3.402
1932.1	3.402
1932.2	3.403
1932.3	3.403
1932.4	3.404
1932.5	3.404
1932.6	3.405
1932.7	3.405
1932.8	3.405
1932.9	3.406
1933	3.406
1933.1	3.407
1933.2	3.407
1933.3	3.408
1933.4	3.408
1933.5	3.409
1933.6	3.409
1933.7	3.409
1933.8	3.410
1933.9	3.410
1934	3.411
1934.1	3.411
1934.2	3.412
1934.3	3.412
1934.4	3.412
1934.5	3.413
1934.6	3.413
1934.7	3.414
1934.8	3.414
1934.9	3.415
1935	3.415
1935.1	3.416
1935.2	3.416
1935.3	3.417
1935.4	3.417
1935.5	3.417
1935.6	3.418
1935.7	3.418
1935.8	3.419
1935.9	3.419
1936	3.419
1936.1	3.420
1936.2	3.420
1936.3	3.420
1936.4	3.420
1936.5	3.421
1936.6	3.421
1936.7	3.421
1936.8	3.421
1936.9	3.421
1937	3.422
1937.1	3.422
1937.2	3.422
1937.3	3.422
1937.4	3.423
1937.5	3.423
1937.6	3.423
1937.7	3.423
1937.8	3.424
1937.9	3.424
1938	3.424
1938.1	3.424
1938.2	3.424
1938.3	3.424
1938.4	3.424
1938.5	3.424
1938.6	3.424
1938.7	3.424
1938.8	3.424
1938.9	3.424
1939	3.425
1939.1	3.425
1939.2	3.426
1939.3	3.427
1939.4	3.428
1939.5	3.429
1939.6	3.430
1939.7	3.430
1939.8	3.431
1939.9	3.432
1940	3.432
1940.1	3.433
1940.2	3.433
1940.3	3.433
1940.4	3.433
1940.5	3.433
1940.6	3.433
1940.7	3.433
1940.8	3.433
1940.9	3.433
1941	3.433
1941.1	3.433
1941.2	3.433
1941.3	3.433
1941.4	3.433
1941.5	3.432
1941.6	3.432
1941.7	3.432
1941.8	3.432
1941.9	3.432
1942	3.432
1942.1	3.432
1942.2	3.432
1942.3	3.432
1942.4	3.432
1942.5	3.432
1942.6	3.432
1942.7	3.432
1942.8	3.432
1942.9	3.432
1943	3.432
1943.1	3.432
1943.2	3.432
1943.3	3.431
1943.4	3.431
1943.5	3.431
1943.6	3.431
1943.7	3.431
1943.8	3.431
1943.9	3.431
1944	3.431
1944.1	3.431
1944.2	3.431
1944.3	3.431
1944.4	3.431
1944.5	3.431
1944.6	3.431
1944.7	3.431
1944.8	3.431
1944.9	3.432
1945	3.432
1945.1	3.432
1945.2	3.432
1945.3	3.432
1945.4	3.432
1945.5	3.432
1945.6	3.432
1945.7	3.432
1945.8	3.432
1945.9	3.432
1946	3.432
1946.1	3.432
1946.2	3.432
1946.3	3.432
1946.4	3.433
1946.5	3.433
1946.6	3.433
1946.7	3.433
1946.8	3.433
1946.9	3.433
1947	3.434
1947.1	3.434
1947.2	3.434
1947.3	3.434
1947.4	3.434
1947.5	3.434
1947.6	3.435
1947.7	3.435
1947.8	3.435
1947.9	3.435
1948	3.435
1948.1	3.435
1948.2	3.436
1948.3	3.436
1948.4	3.436
1948.5	3.437
1948.6	3.437
1948.7	3.437
1948.8	3.437
1948.9	3.438
1949	3.438
1949.1	3.438
1949.2	3.438
1949.3	3.439
1949.4	3.439
1949.5	3.439
1949.6	3.439
1949.7	3.440
1949.8	3.440
1949.9	3.440
1950	3.441
1950.1	3.441
1950.2	3.442
1950.3	3.442
1950.4	3.442
1950.5	3.443
1950.6	3.443
1950.7	3.444
1950.8	3.445
1950.9	3.445
1951	3.446
1951.1	3.446
1951.2	3.447
1951.3	3.447
1951.4	3.448
1951.5	3.448
1951.6	3.449
1951.7	3.449
1951.8	3.450
1951.9	3.450
1952	3.451
1952.1	3.451
1952.2	3.451
1952.3	3.452
1952.4	3.452
1952.5	3.453
1952.6	3.453
1952.7	3.454
1952.8	3.454
1952.9	3.455
1953	3.455
1953.1	3.456
1953.2	3.457
1953.3	3.457
1953.4	3.458
1953.5	3.458
1953.6	3.459
1953.7	3.460
1953.8	3.460
1953.9	3.461
1954	3.462
1954.1	3.462
1954.2	3.463
1954.3	3.464
1954.4	3.464
1954.5	3.465
1954.6	3.466
1954.7	3.466
1954.8	3.467
1954.9	3.468
1955	3.469
1955.1	3.469
1955.2	3.470
1955.3	3.471
1955.4	3.472
1955.5	3.472
1955.6	3.473
1955.7	3.474
1955.8	3.474
1955.9	3.475
1956	3.476
1956.1	3.476
1956.2	3.477
1956.3	3.478
1956.4	3.479
1956.5	3.479
1956.6	3.480
1956.7	3.481
1956.8	3.481
1956.9	3.482
1957	3.483
1957.1	3.484
1957.2	3.484
1957.3	3.485
1957.4	3.486
1957.5	3.487
1957.6	3.488
1957.7	3.489
1957.8	3.489
1957.9	3.490
1958	3.491
1958.1	3.492
1958.2	3.493
1958.3	3.494
1958.4	3.495
1958.5	3.495
1958.6	3.496
1958.7	3.497
1958.8	3.498
1958.9	3.499
1959	3.500
1959.1	3.501
1959.2	3.502
1959.3	3.503
1959.4	3.504
1959.5	3.505
1959.6	3.506
1959.7	3.507
1959.8	3.508
1959.9	3.509
1960	3.510
1960.1	3.511
1960.2	3.512
1960.3	3.513
1960.4	3.513
1960.5	3.514
1960.6	3.515
1960.7	3.516
1960.8	3.516
1960.9	3.517
1961	3.518
1961.1	3.519
1961.2	3.520
1961.3	3.521
1961.4	3.522
1961.5	3.523
1961.6	3.524
1961.7	3.525
1961.8	3.526
1961.9	3.526
1962	3.527
1962.1	3.528
1962.2	3.529
1962.3	3.529
1962.4	3.530
1962.5	3.531
1962.6	3.531
1962.7	3.532
1962.8	3.532
1962.9	3.533
1963	3.533
1963.1	3.534
1963.2	3.534
1963.3	3.535
1963.4	3.536
1963.5	3.536
1963.6	3.537
1963.7	3.537
1963.8	3.538
1963.9	3.538
1964	3.539
1964.1	3.539
1964.2	3.540
1964.3	3.540
1964.4	3.541
1964.5	3.541
1964.6	3.542
1964.7	3.542
1964.8	3.543
1964.9	3.544
1965	3.545
1965.1	3.546
1965.2	3.547
1965.3	3.549
1965.4	3.550
1965.5	3.552
1965.6	3.553
1965.7	3.555
1965.8	3.556
1965.9	3.557
1966	3.559
1966.1	3.560
1966.2	3.561
1966.3	3.562
1966.4	3.563
1966.5	3.563
1966.6	3.564
1966.7	3.565
1966.8	3.566
1966.9	3.566
1967	3.567
1967.1	3.568
1967.2	3.569
1967.3	3.570
1967.4	3.571
1967.5	3.572
1967.6	3.573
1967.7	3.574
1967.8	3.575
1967.9	3.577
1968	3.578
1968.1	3.579
1968.2	3.581
1968.3	3.583
1968.4	3.584
1968.5	3.586
1968.6	3.588
1968.7	3.589
1968.8	3.591
1968.9	3.593
1969	3.594
1969.1	3.596
1969.2	3.597
1969.3	3.598
1969.4	3.600
1969.5	3.601
1969.6	3.602
1969.7	3.603
1969.8	3.604
1969.9	3.605
1970	3.606
1970.1	3.607
1970.2	3.607
1970.3	3.608
1970.4	3.609
1970.5	3.609
1970.6	3.610
1970.7	3.611
1970.8	3.612
1970.9	3.612
1971	3.613
1971.1	3.614
1971.2	3.615
1971.3	3.616
1971.4	3.617
1971.5	3.618
1971.6	3.619
1971.7	3.621
1971.8	3.622
1971.9	3.624
1972	3.626
1972.1	3.628
1972.2	3.631
1972.3	3.633
1972.4	3.636
1972.5	3.638
1972.6	3.641
1972.7	3.643
1972.8	3.645
1972.9	3.647
1973	3.649
1973.1	3.650
1973.2	3.652
1973.3	3.653
1973.4	3.653
1973.5	3.654
1973.6	3.655
1973.7	3.655
1973.8	3.655
1973.9	3.656
1974	3.657
1974.1	3.657
1974.2	3.658
1974.3	3.659
1974.4	3.660
1974.5	3.661
1974.6	3.662
1974.7	3.663
1974.8	3.664
1974.9	3.665
1975	3.666
1975.1	3.667
1975.2	3.668
1975.3	3.669
1975.4	3.670
1975.5	3.671
1975.6	3.672
1975.7	3.673
1975.8	3.675
1975.9	3.676
1976	3.677
1976.1	3.679
1976.2	3.680
1976.3	3.682
1976.4	3.683
1976.5	3.685
1976.6	3.687
1976.7	3.689
1976.8	3.691
1976.9	3.693
1977	3.696
1977.1	3.698
1977.2	3.701
1977.3	3.704
1977.4	3.706
1977.5	3.708
1977.6	3.710
1977.7	3.712
1977.8	3.713
1977.9	3.714
1978	3.714
1978.1	3.713
1978.2	3.712
1978.3	3.711
1978.4	3.710
1978.5	3.710
1978.6	3.711
1978.7	3.714
1978.8	3.718
1978.9	3.725
1979	3.734
1979.1	3.747
1979.2	3.760
1979.3	3.763
1979.4	3.774
1979.5	3.729
1979.6	3.637
1979.7	3.639
1979.8	3.688
1979.9	3.718
1980	3.743
1980.1	3.763
1980.2	3.779
1980.3	3.782
1980.4	3.789
1980.5	3.754
1980.6	3.681
1980.7	3.670
1980.8	3.717
1980.9	3.751
1981	3.776
1981.1	3.795
1981.2	3.798
1981.3	3.801
1981.4	3.810
1981.5	3.764
1981.6	3.681
1981.7	3.689
1981.8	3.738
1981.9	3.769
1982	3.791
1982.1	3.810
1982.2	3.817
1982.3	3.816
1982.4	3.817
1982.5	3.780
1982.6	3.696
1982.7	3.680
1982.8	3.730
1982.9	3.767
1983	3.799
1983.1	3.811
1983.2	3.820
1983.3	3.824
1983.4	3.822
1983.5	3.785
1983.6	3.703
1983.7	3.702
1983.8	3.764
1983.9	3.795
1984	3.818
1984.1	3.842
1984.2	3.845
1984.3	3.845
1984.4	3.843
1984.5	3.801
1984.6	3.729
1984.7	3.733
1984.8	3.777
1984.9	3.803
1985	3.830
1985.1	3.841
1985.2	3.855
1985.3	3.868
1985.4	3.869
1985.5	3.823
1985.6	3.742
1985.7	3.734
1985.8	3.787
1985.9	3.819
1986	3.847
1986.1	3.868
1986.2	3.881
1986.3	3.884
1986.4	3.880
1986.5	3.834
1986.6	3.756
1986.7	3.755
1986.8	3.807
1986.9	3.843
1987	3.867
1987.1	3.881
1987.2	3.892
1987.3	3.896
1987.4	3.896
1987.5	3.856
1987.6	3.774
1987.7	3.764
1987.8	3.821
1987.9	3.858
1988	3.889
1988.1	3.915
1988.2	3.921
1988.3	3.929
1988.4	3.926
1988.5	3.880
1988.6	3.796
1988.7	3.807
1988.8	3.867
1988.9	3.906
1989	3.939
1989.1	3.946
1989.2	3.949
1989.3	3.951
1989.4	3.947
1989.5	3.904
1989.6	3.817
1989.7	3.817
1989.8	3.877
1989.9	3.919
1990	3.948
1990.1	3.961
1990.2	3.971
1990.3	3.966
1990.4	3.954
1990.5	3.895
1990.6	3.823
1990.7	3.829
1990.8	3.887
1990.9	3.923
1991	3.956
1991.1	3.975
1991.2	3.978
1991.3	3.980
1991.4	3.975
1991.5	3.926
1991.6	3.850
1991.7	3.847
1991.8	3.903
1991.9	3.943
1992	3.967
1992.1	3.976
1992.2	3.982
1992.3	3.987
1992.4	3.981
1992.5	3.933
1992.6	3.845
1992.7	3.838
1992.8	3.892
1992.9	3.934
1993	3.966
1993.1	3.976
1993.2	3.986
1993.3	3.989
1993.4	3.987
1993.5	3.932
1993.6	3.849
1993.7	3.852
1993.8	3.904
1993.9	3.946
1994	3.972
1994.1	3.991
1994.2	4.005
1994.3	4.002
1994.4	3.997
1994.5	3.954
1994.6	3.873
1994.7	3.870
1994.8	3.932
1994.9	3.972
1995	3.995
1995.1	4.014
1995.2	4.027
1995.3	4.023
1995.4	4.011
1995.5	3.969
1995.6	3.896
1995.7	3.898
1995.8	3.951
1995.9	3.994
1996	4.020
1996.1	4.031
1996.2	4.036
1996.3	4.043
1996.4	4.044
1996.5	4.012
1996.6	3.933
1996.7	3.915
1996.8	3.974
1996.9	4.007
1997	4.027
1997.1	4.050
1997.2	4.054
1997.3	4.055
1997.4	4.052
1997.5	3.993
1997.6	3.925
1997.7	3.926
1997.8	3.977
1997.9	4.026
1998	4.050
1998.1	4.065
1998.2	4.076
1998.3	4.080
1998.4	4.070
1998.5	4.024
1998.6	3.950
1998.7	3.968
1998.8	4.027
1998.9	4.058
1999	4.089
1999.1	4.104
1999.2	4.113
1999.3	4.115
1999.4	4.106
1999.5	4.052
1999.6	3.970
1999.7	3.978
1999.8	4.036
1999.9	4.075
2000	4.103
2000.1	4.118
2000.2	4.125
2000.3	4.122
2000.4	4.120
2000.5	4.077
2000.6	4.003
2000.7	3.998
2000.8	4.056
2000.9	4.102
2001	4.114
2001.1	4.138
2001.2	4.137
2001.3	4.147
2001.4	4.139
2001.5	4.079
2001.6	4.019
2001.7	4.009
2001.8	4.064
2001.9	4.116
2002	4.132
2002.1	4.147
2002.2	4.165
2002.3	4.168
2002.4	4.161
2002.5	4.114
2002.6	4.048
2002.7	4.032
2002.8	4.094
2002.9	4.138
2003	4.160
2003.1	4.176
2003.2	4.191
2003.3	4.197
2003.4	4.189
2003.5	4.137
2003.6	4.066
2003.7	4.067
2003.8	4.132
2003.9	4.192
2004	4.191
2004.1	4.195
2004.2	4.218
2004.3	4.219
2004.4	4.199
2004.5	4.150
2004.6	4.082
2004.7	4.067
2004.8	4.130
2004.9	4.184
2005	4.215
2005.1	4.226
2005.2	4.225
2005.3	4.238
2005.4	4.235
2005.5	4.170
2005.6	4.097
2005.7	4.103
2005.8	4.153
2005.9	4.209
2006	4.235
2006.1	4.247
2006.2	4.255
2006.3	4.267
2006.4	4.261
2006.5	4.211
2006.6	4.135
2006.7	4.127
2006.8	4.190
2006.9	4.247
2007	4.261
2007.1	4.271
2007.2	4.282
2007.3	4.282
2007.4	4.265
2007.5	4.210
2007.6	4.141
2007.7	4.143
2007.8	4.208
2007.9	4.252
2008	4.273
2008.1	4.297
2008.2	4.316
2008.3	4.319
2008.4	4.301
2008.5	4.243
2008.6	4.174
2008.7	4.163
2008.8	4.220
