C13 of CO2 history for the NEEM site by Christo. Use in combination with CO2history.txt by David Etheridge
year    concentration (ppm)
1800.00	3.106118
1800.05	3.106227
1800.10	3.106447
1800.15	3.106557
1800.20	3.106777
1800.25	3.106886
1800.30	3.107106
1800.35	3.107216
1800.40	3.107436
1800.45	3.107545
1800.50	3.107765
1800.55	3.107875
1800.60	3.108095
1800.65	3.108204
1800.70	3.108424
1800.75	3.108534
1800.80	3.108754
1800.85	3.108863
1800.90	3.109083
1800.95	3.109193
1801.00	3.109302
1801.05	3.109522
1801.10	3.109632
1801.15	3.109852
1801.20	3.109961
1801.25	3.110181
1801.30	3.110291
1801.35	3.110511
1801.40	3.110620
1801.45	3.110840
1801.50	3.110950
1801.55	3.111170
1801.60	3.111279
1801.65	3.111389
1801.70	3.111609
1801.75	3.111718
1801.80	3.111938
1801.85	3.112048
1801.90	3.112268
1801.95	3.112377
1802.00	3.112597
1802.05	3.112707
1802.10	3.112927
1802.15	3.113036
1802.20	3.113146
1802.25	3.113366
1802.30	3.113475
1802.35	3.113695
1802.40	3.113805
1802.45	3.114025
1802.50	3.114134
1802.55	3.114244
1802.60	3.114464
1802.65	3.114573
1802.70	3.114793
1802.75	3.114903
1802.80	3.115123
1802.85	3.115232
1802.90	3.115342
1802.95	3.115562
1803.00	3.115671
1803.05	3.115891
1803.10	3.116001
1803.15	3.116110
1803.20	3.116330
1803.25	3.116440
1803.30	3.116660
1803.35	3.116769
1803.40	3.116879
1803.45	3.117099
1803.50	3.117208
1803.55	3.117318
1803.60	3.117538
1803.65	3.117647
1803.70	3.117867
1803.75	3.117977
1803.80	3.118086
1803.85	3.118306
1803.90	3.118416
1803.95	3.118636
1804.00	3.118745
1804.05	3.118855
1804.10	3.119075
1804.15	3.119184
1804.20	3.119294
1804.25	3.119403
1804.30	3.119623
1804.35	3.119733
1804.40	3.119843
1804.45	3.120062
1804.50	3.120172
1804.55	3.120281
1804.60	3.120502
1804.65	3.120611
1804.70	3.120720
1804.75	3.120940
1804.80	3.121050
1804.85	3.121160
1804.90	3.121379
1804.95	3.121489
1805.00	3.121598
1805.05	3.121708
1805.10	3.121928
1805.15	3.122037
1805.20	3.122147
1805.25	3.122257
1805.30	3.122477
1805.35	3.122586
1805.40	3.122695
1805.45	3.122805
1805.50	3.123025
1805.55	3.123135
1805.60	3.123244
1805.65	3.123354
1805.70	3.123463
1805.75	3.123683
1805.80	3.123793
1805.85	3.123902
1805.90	3.124012
1805.95	3.124232
1806.00	3.124341
1806.05	3.124451
1806.10	3.124560
1806.15	3.124670
1806.20	3.124779
1806.25	3.124999
1806.30	3.125109
1806.35	3.125218
1806.40	3.125328
1806.45	3.125437
1806.50	3.125547
1806.55	3.125657
1806.60	3.125876
1806.65	3.125986
1806.70	3.126096
1806.75	3.126205
1806.80	3.126315
1806.85	3.126424
1806.90	3.126534
1806.95	3.126754
1807.00	3.126863
1807.05	3.126973
1807.10	3.127082
1807.15	3.127192
1807.20	3.127301
1807.25	3.127411
1807.30	3.127521
1807.35	3.127630
1807.40	3.127740
1807.45	3.127849
1807.50	3.127959
1807.55	3.128068
1807.60	3.128178
1807.65	3.128287
1807.70	3.128397
1807.75	3.128506
1807.80	3.128616
1807.85	3.128725
1807.90	3.128835
1807.95	3.128945
1808.00	3.129164
1808.05	3.129163
1808.10	3.129273
1808.15	3.129383
1808.20	3.129492
1808.25	3.129602
1808.30	3.129711
1808.35	3.129821
1808.40	3.129930
1808.45	3.130040
1808.50	3.130149
1808.55	3.130259
1808.60	3.130258
1808.65	3.130368
1808.70	3.130477
1808.75	3.130587
1808.80	3.130696
1808.85	3.130806
1808.90	3.130915
1808.95	3.131025
1809.00	3.131134
1809.05	3.131244
1809.10	3.131243
1809.15	3.131352
1809.20	3.131462
1809.25	3.131572
1809.30	3.131571
1809.35	3.131680
1809.40	3.131790
1809.45	3.131899
1809.50	3.132009
1809.55	3.132008
1809.60	3.132118
1809.65	3.132227
1809.70	3.132337
1809.75	3.132446
1809.80	3.132445
1809.85	3.132555
1809.90	3.132664
1809.95	3.132774
1810.00	3.132773
1810.05	3.132883
1810.10	3.132992
1810.15	3.132991
1810.20	3.133101
1810.25	3.133210
1810.30	3.133209
1810.35	3.133319
1810.40	3.133318
1810.45	3.133428
1810.50	3.133537
1810.55	3.133536
1810.60	3.133646
1810.65	3.133755
1810.70	3.133755
1810.75	3.133864
1810.80	3.133863
1810.85	3.133973
1810.90	3.134082
1810.95	3.134081
1811.00	3.134191
1811.05	3.134190
1811.10	3.134300
1811.15	3.134299
1811.20	3.134408
1811.25	3.134408
1811.30	3.134517
1811.35	3.134516
1811.40	3.134625
1811.45	3.134625
1811.50	3.134734
1811.55	3.134733
1811.60	3.134843
1811.65	3.134842
1811.70	3.134841
1811.75	3.134951
1811.80	3.134950
1811.85	3.135060
1811.90	3.135059
1811.95	3.135168
1812.00	3.135167
1812.05	3.135277
1812.10	3.135276
1812.15	3.135275
1812.20	3.135274
1812.25	3.135384
1812.30	3.135383
1812.35	3.135382
1812.40	3.135491
1812.45	3.135491
1812.50	3.135490
1812.55	3.135489
1812.60	3.135598
1812.65	3.135597
1812.70	3.135597
1812.75	3.135706
1812.80	3.135705
1812.85	3.135704
1812.90	3.135704
1812.95	3.135813
1813.00	3.135812
1813.05	3.135811
1813.10	3.135811
1813.15	3.135810
1813.20	3.135809
1813.25	3.135808
1813.30	3.135807
1813.35	3.135917
1813.40	3.135916
1813.45	3.135915
1813.50	3.135914
1813.55	3.135913
1813.60	3.135912
1813.65	3.135911
1813.70	3.135911
1813.75	3.135910
1813.80	3.135909
1813.85	3.136018
1813.90	3.136018
1813.95	3.136017
1814.00	3.136016
1814.05	3.136015
1814.10	3.136014
1814.15	3.135903
1814.20	3.135902
1814.25	3.135901
1814.30	3.135900
1814.35	3.135900
1814.40	3.135899
1814.45	3.135898
1814.50	3.135897
1814.55	3.135896
1814.60	3.135785
1814.65	3.135784
1814.70	3.135783
1814.75	3.135782
1814.80	3.135781
1814.85	3.135780
1814.90	3.135780
1814.95	3.135779
1815.00	3.135778
1815.05	3.135667
1815.10	3.135666
1815.15	3.135665
1815.20	3.135554
1815.25	3.135553
1815.30	3.135552
1815.35	3.135551
1815.40	3.135440
1815.45	3.135439
1815.50	3.135438
1815.55	3.135327
1815.60	3.135326
1815.65	3.135325
1815.70	3.135214
1815.75	3.135213
1815.80	3.135212
1815.85	3.135211
1815.90	3.135100
1815.95	3.135099
1816.00	3.135098
1816.05	3.134987
1816.10	3.134986
1816.15	3.134875
1816.20	3.134874
1816.25	3.134873
1816.30	3.134762
1816.35	3.134761
1816.40	3.134650
1816.45	3.134649
1816.50	3.134538
1816.55	3.134537
1816.60	3.134536
1816.65	3.134425
1816.70	3.134424
1816.75	3.134313
1816.80	3.134312
1816.85	3.134201
1816.90	3.134200
1816.95	3.134199
1817.00	3.134087
1817.05	3.134087
1817.10	3.133976
1817.15	3.133975
1817.20	3.133863
1817.25	3.133863
1817.30	3.133751
1817.35	3.133750
1817.40	3.133639
1817.45	3.133528
1817.50	3.133527
1817.55	3.133416
1817.60	3.133415
1817.65	3.133304
1817.70	3.133303
1817.75	3.133192
1817.80	3.133191
1817.85	3.133079
1817.90	3.133079
1817.95	3.132967
1818.00	3.132966
1818.05	3.132855
1818.10	3.132854
1818.15	3.132743
1818.20	3.132632
1818.25	3.132631
1818.30	3.132520
1818.35	3.132519
1818.40	3.132408
1818.45	3.132407
1818.50	3.132296
1818.55	3.132184
1818.60	3.132183
1818.65	3.132072
1818.70	3.132071
1818.75	3.131960
1818.80	3.131959
1818.85	3.131848
1818.90	3.131737
1818.95	3.131736
1819.00	3.131625
1819.05	3.131624
1819.10	3.131513
1819.15	3.131401
1819.20	3.131400
1819.25	3.131289
1819.30	3.131288
1819.35	3.131177
1819.40	3.131176
1819.45	3.131065
1819.50	3.130954
1819.55	3.130953
1819.60	3.130842
1819.65	3.130841
1819.70	3.130729
1819.75	3.130618
1819.80	3.130617
1819.85	3.130506
1819.90	3.130505
1819.95	3.130394
1820.00	3.130393
1820.05	3.130282
1820.10	3.130171
1820.15	3.130170
1820.20	3.130059
1820.25	3.130058
1820.30	3.129946
1820.35	3.129946
1820.40	3.129834
1820.45	3.129833
1820.50	3.129722
1820.55	3.129611
1820.60	3.129610
1820.65	3.129499
1820.70	3.129498
1820.75	3.129387
1820.80	3.129386
1820.85	3.129275
1820.90	3.129274
1820.95	3.129162
1821.00	3.129051
1821.05	3.129050
1821.10	3.129050
1821.15	3.128938
1821.20	3.128938
1821.25	3.128826
1821.30	3.128825
1821.35	3.128714
1821.40	3.128713
1821.45	3.128602
1821.50	3.128601
1821.55	3.128490
1821.60	3.128489
1821.65	3.128378
1821.70	3.128377
1821.75	3.128266
1821.80	3.128265
1821.85	3.128154
1821.90	3.128153
1821.95	3.128041
1822.00	3.128041
1822.05	3.128040
1822.10	3.127929
1822.15	3.127928
1822.20	3.127927
1822.25	3.127816
1822.30	3.127815
1822.35	3.127703
1822.40	3.127702
1822.45	3.127702
1822.50	3.127591
1822.55	3.127590
1822.60	3.127589
1822.65	3.127478
1822.70	3.127477
1822.75	3.127476
1822.80	3.127364
1822.85	3.127364
1822.90	3.127253
1822.95	3.127252
1823.00	3.127251
1823.05	3.127250
1823.10	3.127139
1823.15	3.127138
1823.20	3.127137
1823.25	3.127136
1823.30	3.127135
1823.35	3.127024
1823.40	3.127023
1823.45	3.127022
1823.50	3.127021
1823.55	3.126910
1823.60	3.126909
1823.65	3.126908
1823.70	3.126908
1823.75	3.126907
1823.80	3.126795
1823.85	3.126794
1823.90	3.126794
1823.95	3.126793
1824.00	3.126792
1824.05	3.126791
1824.10	3.126790
1824.15	3.126789
1824.20	3.126789
1824.25	3.126788
1824.30	3.126787
1824.35	3.126786
1824.40	3.126785
1824.45	3.126784
1824.50	3.126784
1824.55	3.126783
1824.60	3.126782
1824.65	3.126781
1824.70	3.126780
1824.75	3.126779
1824.80	3.126778
1824.85	3.126777
1824.90	3.126777
1824.95	3.126776
1825.00	3.126775
1825.05	3.126775
1825.10	3.126775
1825.15	3.126774
1825.20	3.126884
1825.25	3.126884
1825.30	3.126884
1825.35	3.126884
1825.40	3.126994
1825.45	3.126994
1825.50	3.126993
1825.55	3.126993
1825.60	3.127103
1825.65	3.127103
1825.70	3.127103
1825.75	3.127103
1825.80	3.127213
1825.85	3.127213
1825.90	3.127212
1825.95	3.127212
1826.00	3.127212
1826.05	3.127322
1826.10	3.127322
1826.15	3.127432
1826.20	3.127432
1826.25	3.127542
1826.30	3.127542
1826.35	3.127652
1826.40	3.127652
1826.45	3.127762
1826.50	3.127762
1826.55	3.127872
1826.60	3.127872
1826.65	3.127982
1826.70	3.127982
1826.75	3.128092
1826.80	3.128091
1826.85	3.128202
1826.90	3.128201
1826.95	3.128312
1827.00	3.128311
1827.05	3.128422
1827.10	3.128421
1827.15	3.128531
1827.20	3.128531
1827.25	3.128641
1827.30	3.128641
1827.35	3.128751
1827.40	3.128751
1827.45	3.128861
1827.50	3.128971
1827.55	3.128971
1827.60	3.129081
1827.65	3.129081
1827.70	3.129191
1827.75	3.129191
1827.80	3.129301
1827.85	3.129301
1827.90	3.129411
1827.95	3.129411
1828.00	3.129521
1828.05	3.129521
1828.10	3.129631
1828.15	3.129631
1828.20	3.129741
1828.25	3.129741
1828.30	3.129851
1828.35	3.129851
1828.40	3.129961
1828.45	3.129961
1828.50	3.130071
1828.55	3.130071
1828.60	3.130181
1828.65	3.130291
1828.70	3.130291
1828.75	3.130401
1828.80	3.130401
1828.85	3.130511
1828.90	3.130510
1828.95	3.130621
1829.00	3.130621
1829.05	3.130731
1829.10	3.130730
1829.15	3.130841
1829.20	3.130840
1829.25	3.130840
1829.30	3.130950
1829.35	3.130950
1829.40	3.131060
1829.45	3.131060
1829.50	3.131170
1829.55	3.131170
1829.60	3.131280
1829.65	3.131280
1829.70	3.131390
1829.75	3.131390
1829.80	3.131500
1829.85	3.131500
1829.90	3.131610
1829.95	3.131610
1830.00	3.131610
1830.05	3.131720
1830.10	3.131719
1830.15	3.131829
1830.20	3.131829
1830.25	3.131829
1830.30	3.131939
1830.35	3.131939
1830.40	3.132049
1830.45	3.132049
1830.50	3.132049
1830.55	3.132159
1830.60	3.132159
1830.65	3.132269
1830.70	3.132269
1830.75	3.132269
1830.80	3.132379
1830.85	3.132378
1830.90	3.132489
1830.95	3.132488
1831.00	3.132488
1831.05	3.132598
1831.10	3.132598
1831.15	3.132598
1831.20	3.132708
1831.25	3.132708
1831.30	3.132708
1831.35	3.132818
1831.40	3.132818
1831.45	3.132817
1831.50	3.132817
1831.55	3.132927
1831.60	3.132927
1831.65	3.132927
1831.70	3.133037
1831.75	3.133037
1831.80	3.133037
1831.85	3.133147
1831.90	3.133146
1831.95	3.133146
1832.00	3.133146
1832.05	3.133257
1832.10	3.133257
1832.15	3.133257
1832.20	3.133257
1832.25	3.133257
1832.30	3.133368
1832.35	3.133368
1832.40	3.133368
1832.45	3.133369
1832.50	3.133369
1832.55	3.133369
1832.60	3.133480
1832.65	3.133480
1832.70	3.133480
1832.75	3.133480
1832.80	3.133480
1832.85	3.133481
1832.90	3.133591
1832.95	3.133591
1833.00	3.133592
1833.05	3.133592
1833.10	3.133592
1833.15	3.133592
1833.20	3.133592
1833.25	3.133593
1833.30	3.133593
1833.35	3.133593
1833.40	3.133593
1833.45	3.133593
1833.50	3.133704
1833.55	3.133704
1833.60	3.133704
1833.65	3.133704
1833.70	3.133704
1833.75	3.133705
1833.80	3.133705
1833.85	3.133705
1833.90	3.133705
1833.95	3.133705
1834.00	3.133706
1834.05	3.133706
1834.10	3.133706
1834.15	3.133706
1834.20	3.133707
1834.25	3.133707
1834.30	3.133707
1834.35	3.133707
1834.40	3.133707
1834.45	3.133708
1834.50	3.133708
1834.55	3.133708
1834.60	3.133708
1834.65	3.133708
1834.70	3.133709
1834.75	3.133709
1834.80	3.133709
1834.85	3.133709
1834.90	3.133709
1834.95	3.133709
1835.00	3.133710
1835.05	3.133710
1835.10	3.133710
1835.15	3.133710
1835.20	3.133710
1835.25	3.133711
1835.30	3.133711
1835.35	3.133711
1835.40	3.133711
1835.45	3.133711
1835.50	3.133712
1835.55	3.133712
1835.60	3.133712
1835.65	3.133712
1835.70	3.133712
1835.75	3.133713
1835.80	3.133713
1835.85	3.133713
1835.90	3.133713
1835.95	3.133713
1836.00	3.133714
1836.05	3.133824
1836.10	3.133824
1836.15	3.133825
1836.20	3.133825
1836.25	3.133825
1836.30	3.133825
1836.35	3.133825
1836.40	3.133825
1836.45	3.133826
1836.50	3.133936
1836.55	3.133936
1836.60	3.133937
1836.65	3.133937
1836.70	3.133937
1836.75	3.133937
1836.80	3.133937
1836.85	3.133938
1836.90	3.133938
1836.95	3.134048
1837.00	3.134048
1837.05	3.134049
1837.10	3.134049
1837.15	3.134159
1837.20	3.134160
1837.25	3.134160
1837.30	3.134160
1837.35	3.134271
1837.40	3.134271
1837.45	3.134271
1837.50	3.134271
1837.55	3.134382
1837.60	3.134382
1837.65	3.134382
1837.70	3.134382
1837.75	3.134493
1837.80	3.134493
1837.85	3.134493
1837.90	3.134604
1837.95	3.134604
1838.00	3.134604
1838.05	3.134715
1838.10	3.134715
1838.15	3.134826
1838.20	3.134826
1838.25	3.134936
1838.30	3.134937
1838.35	3.134937
1838.40	3.135047
1838.45	3.135048
1838.50	3.135158
1838.55	3.135159
1838.60	3.135269
1838.65	3.135269
1838.70	3.135380
1838.75	3.135380
1838.80	3.135491
1838.85	3.135491
1838.90	3.135601
1838.95	3.135602
1839.00	3.135712
1839.05	3.135823
1839.10	3.135823
1839.15	3.135933
1839.20	3.136044
1839.25	3.136155
1839.30	3.136265
1839.35	3.136265
1839.40	3.136376
1839.45	3.136487
1839.50	3.136597
1839.55	3.136597
1839.60	3.136708
1839.65	3.136819
1839.70	3.136929
1839.75	3.137040
1839.80	3.137040
1839.85	3.137150
1839.90	3.137261
1839.95	3.137372
1840.00	3.137372
1840.05	3.137595
1840.10	3.137709
1840.15	3.137822
1840.20	3.137935
1840.25	3.138048
1840.30	3.138161
1840.35	3.138385
1840.40	3.138498
1840.45	3.138611
1840.50	3.138725
1840.55	3.138838
1840.60	3.138951
1840.65	3.139175
1840.70	3.139288
1840.75	3.139401
1840.80	3.139514
1840.85	3.139627
1840.90	3.139741
1840.95	3.139964
1841.00	3.140077
1841.05	3.140191
1841.10	3.140414
1841.15	3.140527
1841.20	3.140751
1841.25	3.140975
1841.30	3.141088
1841.35	3.141311
1841.40	3.141425
1841.45	3.141648
1841.50	3.141761
1841.55	3.141985
1841.60	3.142209
1841.65	3.142322
1841.70	3.142545
1841.75	3.142659
1841.80	3.142882
1841.85	3.143106
1841.90	3.143219
1841.95	3.143442
1842.00	3.143556
1842.05	3.143779
1842.10	3.144003
1842.15	3.144226
1842.20	3.144340
1842.25	3.144563
1842.30	3.144787
1842.35	3.145010
1842.40	3.145234
1842.45	3.145458
1842.50	3.145571
1842.55	3.145794
1842.60	3.146018
1842.65	3.146242
1842.70	3.146465
1842.75	3.146579
1842.80	3.146802
1842.85	3.147026
1842.90	3.147249
1842.95	3.147473
1843.00	3.147586
1843.05	3.147810
1843.10	3.148033
1843.15	3.148257
1843.20	3.148481
1843.25	3.148704
1843.30	3.148817
1843.35	3.149041
1843.40	3.149265
1843.45	3.149488
1843.50	3.149712
1843.55	3.149935
1843.60	3.150049
1843.65	3.150272
1843.70	3.150496
1843.75	3.150719
1843.80	3.150943
1843.85	3.151167
1843.90	3.151280
1843.95	3.151503
1844.00	3.151727
1844.05	3.151951
1844.10	3.152064
1844.15	3.152288
1844.20	3.152511
1844.25	3.152624
1844.30	3.152848
1844.35	3.153072
1844.40	3.153185
1844.45	3.153408
1844.50	3.153632
1844.55	3.153745
1844.60	3.153969
1844.65	3.154192
1844.70	3.154306
1844.75	3.154529
1844.80	3.154753
1844.85	3.154866
1844.90	3.155090
1844.95	3.155313
1845.00	3.155427
1845.05	3.155646
1845.10	3.155756
1845.15	3.155976
1845.20	3.156086
1845.25	3.156195
1845.30	3.156415
1845.35	3.156525
1845.40	3.156744
1845.45	3.156854
1845.50	3.157074
1845.55	3.157183
1845.60	3.157403
1845.65	3.157513
1845.70	3.157622
1845.75	3.157842
1845.80	3.157952
1845.85	3.158172
1845.90	3.158281
1845.95	3.158501
1846.00	3.158610
1846.05	3.158720
1846.10	3.158830
1846.15	3.159050
1846.20	3.159159
1846.25	3.159269
1846.30	3.159378
1846.35	3.159598
1846.40	3.159707
1846.45	3.159817
1846.50	3.159927
1846.55	3.160036
1846.60	3.160256
1846.65	3.160365
1846.70	3.160475
1846.75	3.160585
1846.80	3.160694
1846.85	3.160914
1846.90	3.161023
1846.95	3.161133
1847.00	3.161243
1847.05	3.161352
1847.10	3.161462
1847.15	3.161571
1847.20	3.161681
1847.25	3.161790
1847.30	3.161900
1847.35	3.162009
1847.40	3.162119
1847.45	3.162228
1847.50	3.162338
1847.55	3.162447
1847.60	3.162557
1847.65	3.162666
1847.70	3.162776
1847.75	3.162885
1847.80	3.162995
1847.85	3.163105
1847.90	3.163214
1847.95	3.163323
1848.00	3.163433
1848.05	3.163432
1848.10	3.163542
1848.15	3.163651
1848.20	3.163650
1848.25	3.163760
1848.30	3.163869
1848.35	3.163868
1848.40	3.163978
1848.45	3.164087
1848.50	3.164087
1848.55	3.164196
1848.60	3.164306
1848.65	3.164415
1848.70	3.164414
1848.75	3.164524
1848.80	3.164633
1848.85	3.164632
1848.90	3.164742
1848.95	3.164852
1849.00	3.164851
1849.05	3.164960
1849.10	3.164959
1849.15	3.164958
1849.20	3.165068
1849.25	3.165067
1849.30	3.165066
1849.35	3.165176
1849.40	3.165175
1849.45	3.165174
1849.50	3.165283
1849.55	3.165282
1849.60	3.165281
1849.65	3.165391
1849.70	3.165390
1849.75	3.165389
1849.80	3.165499
1849.85	3.165498
1849.90	3.165497
1849.95	3.165607
1850.00	3.165606
1850.05	3.165605
1850.10	3.165604
1850.15	3.165603
1850.20	3.165602
1850.25	3.165601
1850.30	3.165711
1850.35	3.165710
1850.40	3.165709
1850.45	3.165708
1850.50	3.165707
1850.55	3.165707
1850.60	3.165706
1850.65	3.165705
1850.70	3.165704
1850.75	3.165703
1850.80	3.165702
1850.85	3.165812
1850.90	3.165811
1850.95	3.165810
1851.00	3.165809
1851.05	3.165808
1851.10	3.165807
1851.15	3.165806
1851.20	3.165695
1851.25	3.165694
1851.30	3.165693
1851.35	3.165692
1851.40	3.165692
1851.45	3.165691
1851.50	3.165690
1851.55	3.165689
1851.60	3.165688
1851.65	3.165687
1851.70	3.165687
1851.75	3.165686
1851.80	3.165574
1851.85	3.165573
1851.90	3.165573
1851.95	3.165572
1852.00	3.165571
1852.05	3.165570
1852.10	3.165459
1852.15	3.165458
1852.20	3.165457
1852.25	3.165346
1852.30	3.165345
1852.35	3.165234
1852.40	3.165233
1852.45	3.165232
1852.50	3.165120
1852.55	3.165120
1852.60	3.165119
1852.65	3.165007
1852.70	3.165007
1852.75	3.164895
1852.80	3.164895
1852.85	3.164894
1852.90	3.164782
1852.95	3.164781
1853.00	3.164781
1853.05	3.164669
1853.10	3.164558
1853.15	3.164557
1853.20	3.164446
1853.25	3.164335
1853.30	3.164334
1853.35	3.164222
1853.40	3.164111
1853.45	3.164110
1853.50	3.163999
1853.55	3.163998
1853.60	3.163887
1853.65	3.163776
1853.70	3.163775
1853.75	3.163664
1853.80	3.163552
1853.85	3.163551
1853.90	3.163440
1853.95	3.163329
1854.00	3.163328
1854.05	3.163217
1854.10	3.163105
1854.15	3.163104
1854.20	3.162993
1854.25	3.162882
1854.30	3.162881
1854.35	3.162770
1854.40	3.162658
1854.45	3.162657
1854.50	3.162546
1854.55	3.162435
1854.60	3.162434
1854.65	3.162323
1854.70	3.162211
1854.75	3.162100
1854.80	3.162099
1854.85	3.161988
1854.90	3.161877
1854.95	3.161876
1855.00	3.161765
1855.05	3.161653
1855.10	3.161652
1855.15	3.161541
1855.20	3.161540
1855.25	3.161429
1855.30	3.161428
1855.35	3.161317
1855.40	3.161316
1855.45	3.161204
1855.50	3.161204
1855.55	3.161092
1855.60	3.161092
1855.65	3.160980
1855.70	3.160869
1855.75	3.160868
1855.80	3.160757
1855.85	3.160756
1855.90	3.160644
1855.95	3.160644
1856.00	3.160532
1856.05	3.160531
1856.10	3.160420
1856.15	3.160419
1856.20	3.160418
1856.25	3.160307
1856.30	3.160306
1856.35	3.160305
1856.40	3.160194
1856.45	3.160193
1856.50	3.160082
1856.55	3.160081
1856.60	3.160080
1856.65	3.159969
1856.70	3.159968
1856.75	3.159967
1856.80	3.159856
1856.85	3.159855
1856.90	3.159743
1856.95	3.159742
1857.00	3.159742
1857.05	3.159630
1857.10	3.159629
1857.15	3.159628
1857.20	3.159628
1857.25	3.159516
1857.30	3.159515
1857.35	3.159515
1857.40	3.159514
1857.45	3.159402
1857.50	3.159401
1857.55	3.159400
1857.60	3.159400
1857.65	3.159288
1857.70	3.159288
1857.75	3.159287
1857.80	3.159286
1857.85	3.159174
1857.90	3.159173
1857.95	3.159172
1858.00	3.159061
1858.05	3.159061
1858.10	3.159060
1858.15	3.159059
1858.20	3.159058
1858.25	3.159057
1858.30	3.158945
1858.35	3.158944
1858.40	3.158944
1858.45	3.158943
1858.50	3.158942
1858.55	3.158941
1858.60	3.158830
1858.65	3.158829
1858.70	3.158828
1858.75	3.158827
1858.80	3.158826
1858.85	3.158715
1858.90	3.158714
1858.95	3.158713
1859.00	3.158712
1859.05	3.158711
1859.10	3.158710
1859.15	3.158710
1859.20	3.158598
1859.25	3.158597
1859.30	3.158596
1859.35	3.158595
1859.40	3.158594
1859.45	3.158594
1859.50	3.158593
1859.55	3.158592
1859.60	3.158481
1859.65	3.158480
1859.70	3.158479
1859.75	3.158478
1859.80	3.158477
1859.85	3.158476
1859.90	3.158475
1859.95	3.158474
1860.00	3.158363
1860.05	3.158362
1860.10	3.158361
1860.15	3.158360
1860.20	3.158360
1860.25	3.158359
1860.30	3.158358
1860.35	3.158357
1860.40	3.158356
1860.45	3.158355
1860.50	3.158354
1860.55	3.158353
1860.60	3.158352
1860.65	3.158351
1860.70	3.158350
1860.75	3.158239
1860.80	3.158238
1860.85	3.158237
1860.90	3.158237
1860.95	3.158236
1861.00	3.158235
1861.05	3.158235
1861.10	3.158236
1861.15	3.158237
1861.20	3.158237
1861.25	3.158237
1861.30	3.158238
1861.35	3.158239
1861.40	3.158350
1861.45	3.158350
1861.50	3.158351
1861.55	3.158352
1861.60	3.158352
1861.65	3.158353
1861.70	3.158353
1861.75	3.158354
1861.80	3.158354
1861.85	3.158355
1861.90	3.158356
1861.95	3.158356
1862.00	3.158357
1862.05	3.158357
1862.10	3.158358
1862.15	3.158469
1862.20	3.158470
1862.25	3.158470
1862.30	3.158471
1862.35	3.158471
1862.40	3.158472
1862.45	3.158583
1862.50	3.158583
1862.55	3.158584
1862.60	3.158585
1862.65	3.158585
1862.70	3.158696
1862.75	3.158697
1862.80	3.158698
1862.85	3.158698
1862.90	3.158699
1862.95	3.158699
1863.00	3.158810
1863.05	3.158811
1863.10	3.158811
1863.15	3.158922
1863.20	3.158923
1863.25	3.159034
1863.30	3.159034
1863.35	3.159145
1863.40	3.159146
1863.45	3.159147
1863.50	3.159258
1863.55	3.159258
1863.60	3.159369
1863.65	3.159370
1863.70	3.159481
1863.75	3.159481
1863.80	3.159482
1863.85	3.159593
1863.90	3.159594
1863.95	3.159705
1864.00	3.159705
1864.05	3.159816
1864.10	3.159927
1864.15	3.159928
1864.20	3.160039
1864.25	3.160150
1864.30	3.160261
1864.35	3.160372
1864.40	3.160372
1864.45	3.160483
1864.50	3.160594
1864.55	3.160705
1864.60	3.160706
1864.65	3.160817
1864.70	3.160928
1864.75	3.161039
1864.80	3.161039
1864.85	3.161150
1864.90	3.161261
1864.95	3.161372
1865.00	3.161483
1865.05	3.161594
1865.10	3.161705
1865.15	3.161816
1865.20	3.161927
1865.25	3.162038
1865.30	3.162149
1865.35	3.162260
1865.40	3.162371
1865.45	3.162482
1865.50	3.162593
1865.55	3.162704
1865.60	3.162925
1865.65	3.163036
1865.70	3.163147
1865.75	3.163258
1865.80	3.163369
1865.85	3.163480
1865.90	3.163591
1865.95	3.163702
1866.00	3.163813
1866.05	3.164034
1866.10	3.164145
1866.15	3.164256
1866.20	3.164478
1866.25	3.164589
1866.30	3.164700
1866.35	3.164921
1866.40	3.165032
1866.45	3.165143
1866.50	3.165364
1866.55	3.165475
1866.60	3.165586
1866.65	3.165808
1866.70	3.165919
1866.75	3.166030
1866.80	3.166251
1866.85	3.166362
1866.90	3.166473
1866.95	3.166694
1867.00	3.166805
1867.05	3.167027
1867.10	3.167138
1867.15	3.167359
1867.20	3.167470
1867.25	3.167691
1867.30	3.167802
1867.35	3.168024
1867.40	3.168135
1867.45	3.168356
1867.50	3.168467
1867.55	3.168688
1867.60	3.168910
1867.65	3.169021
1867.70	3.169242
1867.75	3.169353
1867.80	3.169574
1867.85	3.169685
1867.90	3.169907
1867.95	3.170018
1868.00	3.170239
1868.05	3.170460
1868.10	3.170571
1868.15	3.170793
1868.20	3.171014
1868.25	3.171125
1868.30	3.171347
1868.35	3.171568
1868.40	3.171679
1868.45	3.171900
1868.50	3.172122
1868.55	3.172233
1868.60	3.172454
1868.65	3.172675
1868.70	3.172897
1868.75	3.173008
1868.80	3.173229
1868.85	3.173450
1868.90	3.173561
1868.95	3.173783
1869.00	3.174004
1869.05	3.174113
1869.10	3.174332
1869.15	3.174551
1869.20	3.174771
1869.25	3.174990
1869.30	3.175099
1869.35	3.175318
1869.40	3.175537
1869.45	3.175756
1869.50	3.175975
1869.55	3.176084
1869.60	3.176303
1869.65	3.176523
1869.70	3.176742
1869.75	3.176961
1869.80	3.177070
1869.85	3.177289
1869.90	3.177508
1869.95	3.177727
1870.00	3.177836
1870.05	3.178055
1870.10	3.178275
1870.15	3.178494
1870.20	3.178713
1870.25	3.178932
1870.30	3.179041
1870.35	3.179260
1870.40	3.179479
1870.45	3.179698
1870.50	3.179918
1870.55	3.180137
1870.60	3.180246
1870.65	3.180465
1870.70	3.180684
1870.75	3.180903
1870.80	3.181122
1870.85	3.181342
1870.90	3.181450
1870.95	3.181670
1871.00	3.181889
1871.05	3.182108
1871.10	3.182327
1871.15	3.182436
1871.20	3.182655
1871.25	3.182874
1871.30	3.183094
1871.35	3.183202
1871.40	3.183422
1871.45	3.183641
1871.50	3.183860
1871.55	3.183969
1871.60	3.184188
1871.65	3.184407
1871.70	3.184626
1871.75	3.184735
1871.80	3.184954
1871.85	3.185173
1871.90	3.185393
1871.95	3.185501
1872.00	3.185721
1872.05	3.185940
1872.10	3.186049
1872.15	3.186268
1872.20	3.186487
1872.25	3.186596
1872.30	3.186815
1872.35	3.186924
1872.40	3.187143
1872.45	3.187252
1872.50	3.187471
1872.55	3.187580
1872.60	3.187799
1872.65	3.188018
1872.70	3.188127
1872.75	3.188346
1872.80	3.188455
1872.85	3.188674
1872.90	3.188783
1872.95	3.189002
1873.00	3.189111
1873.05	3.189330
1873.10	3.189439
1873.15	3.189548
1873.20	3.189656
1873.25	3.189876
1873.30	3.189984
1873.35	3.190093
1873.40	3.190202
1873.45	3.190421
1873.50	3.190530
1873.55	3.190639
1873.60	3.190748
1873.65	3.190856
1873.70	3.191075
1873.75	3.191184
1873.80	3.191293
1873.85	3.191402
1873.90	3.191621
1873.95	3.191730
1874.00	3.191839
1874.05	3.191947
1874.10	3.192056
1874.15	3.192055
1874.20	3.192163
1874.25	3.192272
1874.30	3.192381
1874.35	3.192490
1874.40	3.192599
1874.45	3.192597
1874.50	3.192706
1874.55	3.192815
1874.60	3.192923
1874.65	3.193032
1874.70	3.193031
1874.75	3.193139
1874.80	3.193248
1874.85	3.193357
1874.90	3.193466
1874.95	3.193464
1875.00	3.193573
1875.05	3.193682
1875.10	3.193680
1875.15	3.193789
1875.20	3.193787
1875.25	3.193896
1875.30	3.193895
1875.35	3.194003
1875.40	3.194002
1875.45	3.194111
1875.50	3.194109
1875.55	3.194218
1875.60	3.194216
1875.65	3.194325
1875.70	3.194323
1875.75	3.194432
1875.80	3.194431
1875.85	3.194539
1875.90	3.194538
1875.95	3.194647
1876.00	3.194645
1876.05	3.194754
1876.10	3.194752
1876.15	3.194861
1876.20	3.194859
1876.25	3.194858
1876.30	3.194967
1876.35	3.194965
1876.40	3.194963
1876.45	3.195072
1876.50	3.195071
1876.55	3.195069
1876.60	3.195178
1876.65	3.195176
1876.70	3.195175
1876.75	3.195283
1876.80	3.195282
1876.85	3.195391
1876.90	3.195389
1876.95	3.195387
1877.00	3.195496
1877.05	3.195495
1877.10	3.195493
1877.15	3.195602
1877.20	3.195600
1877.25	3.195599
1877.30	3.195707
1877.35	3.195706
1877.40	3.195815
1877.45	3.195813
1877.50	3.195811
1877.55	3.195920
1877.60	3.195919
1877.65	3.195917
1877.70	3.196026
1877.75	3.196024
1877.80	3.196023
1877.85	3.196131
1877.90	3.196130
1877.95	3.196239
1878.00	3.196237
1878.05	3.196235
1878.10	3.196344
1878.15	3.196343
1878.20	3.196451
1878.25	3.196450
1878.30	3.196559
1878.35	3.196557
1878.40	3.196666
1878.45	3.196664
1878.50	3.196773
1878.55	3.196771
1878.60	3.196880
1878.65	3.196879
1878.70	3.196987
1878.75	3.196986
1878.80	3.197095
1878.85	3.197093
1878.90	3.197202
1878.95	3.197200
1879.00	3.197309
1879.05	3.197418
1879.10	3.197416
1879.15	3.197525
1879.20	3.197634
1879.25	3.197632
1879.30	3.197741
1879.35	3.197850
1879.40	3.197848
1879.45	3.197957
1879.50	3.198066
1879.55	3.198064
1879.60	3.198173
1879.65	3.198282
1879.70	3.198280
1879.75	3.198389
1879.80	3.198498
1879.85	3.198496
1879.90	3.198605
1879.95	3.198714
1880.00	3.198712
1880.05	3.198821
1880.10	3.198930
1880.15	3.199038
1880.20	3.199037
1880.25	3.199146
1880.30	3.199254
1880.35	3.199363
1880.40	3.199472
1880.45	3.199581
1880.50	3.199579
1880.55	3.199688
1880.60	3.199797
1880.65	3.199905
1880.70	3.200014
1880.75	3.200013
1880.80	3.200121
1880.85	3.200230
1880.90	3.200339
1880.95	3.200448
1881.00	3.200446
1881.05	3.200555
1881.10	3.200664
1881.15	3.200773
1881.20	3.200881
1881.25	3.200990
1881.30	3.201099
1881.35	3.201208
1881.40	3.201316
1881.45	3.201425
1881.50	3.201534
1881.55	3.201643
1881.60	3.201752
1881.65	3.201860
1881.70	3.201969
1881.75	3.202078
1881.80	3.202187
1881.85	3.202295
1881.90	3.202404
1881.95	3.202513
1882.00	3.202511
1882.05	3.202735
1882.10	3.202848
1882.15	3.202961
1882.20	3.203074
1882.25	3.203188
1882.30	3.203301
1882.35	3.203414
1882.40	3.203527
1882.45	3.203640
1882.50	3.203753
1882.55	3.203867
1882.60	3.204090
1882.65	3.204203
1882.70	3.204317
1882.75	3.204430
1882.80	3.204543
1882.85	3.204656
1882.90	3.204769
1882.95	3.204882
1883.00	3.204996
1883.05	3.205219
1883.10	3.205332
1883.15	3.205445
1883.20	3.205559
1883.25	3.205782
1883.30	3.205895
1883.35	3.206008
1883.40	3.206122
1883.45	3.206345
1883.50	3.206458
1883.55	3.206571
1883.60	3.206685
1883.65	3.206908
1883.70	3.207022
1883.75	3.207135
1883.80	3.207358
1883.85	3.207471
1883.90	3.207585
1883.95	3.207698
1884.00	3.207921
1884.05	3.208034
1884.10	3.208258
1884.15	3.208481
1884.20	3.208595
1884.25	3.208818
1884.30	3.209042
1884.35	3.209155
1884.40	3.209378
1884.45	3.209602
1884.50	3.209715
1884.55	3.209939
1884.60	3.210162
1884.65	3.210276
1884.70	3.210499
1884.75	3.210612
1884.80	3.210836
1884.85	3.211059
1884.90	3.211173
1884.95	3.211396
1885.00	3.211620
1885.05	3.211843
1885.10	3.212067
1885.15	3.212290
1885.20	3.212514
1885.25	3.212738
1885.30	3.212961
1885.35	3.213184
1885.40	3.213408
1885.45	3.213632
1885.50	3.213855
1885.55	3.214079
1885.60	3.214302
1885.65	3.214526
1885.70	3.214750
1885.75	3.214973
1885.80	3.215197
1885.85	3.215420
1885.90	3.215644
1885.95	3.215867
1886.00	3.216091
1886.05	3.216309
1886.10	3.216527
1886.15	3.216745
1886.20	3.216962
1886.25	3.217180
1886.30	3.217398
1886.35	3.217616
1886.40	3.217944
1886.45	3.218162
1886.50	3.218380
1886.55	3.218598
1886.60	3.218816
1886.65	3.219034
1886.70	3.219252
1886.75	3.219469
1886.80	3.219687
1886.85	3.220016
1886.90	3.220233
1886.95	3.220451
1887.00	3.220669
1887.05	3.220887
1887.10	3.221105
1887.15	3.221323
1887.20	3.221541
1887.25	3.221759
1887.30	3.221976
1887.35	3.222194
1887.40	3.222412
1887.45	3.222740
1887.50	3.222958
1887.55	3.223176
1887.60	3.223394
1887.65	3.223612
1887.70	3.223830
1887.75	3.224048
1887.80	3.224266
1887.85	3.224483
1887.90	3.224701
1887.95	3.224919
1888.00	3.225137
1888.05	3.225355
1888.10	3.225683
1888.15	3.225901
1888.20	3.226119
1888.25	3.226337
1888.30	3.226555
1888.35	3.226772
1888.40	3.226990
1888.45	3.227319
1888.50	3.227536
1888.55	3.227754
1888.60	3.227972
1888.65	3.228190
1888.70	3.228408
1888.75	3.228626
1888.80	3.228844
1888.85	3.229172
1888.90	3.229390
1888.95	3.229608
1889.00	3.229825
1889.05	3.230043
1889.10	3.230371
1889.15	3.230589
1889.20	3.230807
1889.25	3.231135
1889.30	3.231353
1889.35	3.231571
1889.40	3.231899
1889.45	3.232117
1889.50	3.232335
1889.55	3.232663
1889.60	3.232881
1889.65	3.233099
1889.70	3.233427
1889.75	3.233645
1889.80	3.233973
1889.85	3.234191
1889.90	3.234409
1889.95	3.234737
1890.00	3.234955
1890.05	3.235173
1890.10	3.235501
1890.15	3.235719
1890.20	3.236047
1890.25	3.236265
1890.30	3.236593
1890.35	3.236811
1890.40	3.237139
1890.45	3.237357
1890.50	3.237685
1890.55	3.237903
1890.60	3.238121
1890.65	3.238449
1890.70	3.238667
1890.75	3.238995
1890.80	3.239213
1890.85	3.239541
1890.90	3.239759
1890.95	3.240087
1891.00	3.240305
1891.05	3.240628
1891.10	3.240841
1891.15	3.241164
1891.20	3.241377
1891.25	3.241589
1891.30	3.241912
1891.35	3.242125
1891.40	3.242448
1891.45	3.242661
1891.50	3.242984
1891.55	3.243197
1891.60	3.243520
1891.65	3.243732
1891.70	3.244055
1891.75	3.244268
1891.80	3.244591
1891.85	3.244804
1891.90	3.245016
1891.95	3.245339
1892.00	3.245552
1892.05	3.245886
1892.10	3.246110
1892.15	3.246334
1892.20	3.246668
1892.25	3.246891
1892.30	3.247115
1892.35	3.247449
1892.40	3.247673
1892.45	3.247896
1892.50	3.248231
1892.55	3.248454
1892.60	3.248678
1892.65	3.249012
1892.70	3.249235
1892.75	3.249459
1892.80	3.249793
1892.85	3.250017
1892.90	3.250241
1892.95	3.250575
1893.00	3.250798
1893.05	3.251022
1893.10	3.251246
1893.15	3.251470
1893.20	3.251804
1893.25	3.252027
1893.30	3.252251
1893.35	3.252475
1893.40	3.252699
1893.45	3.252922
1893.50	3.253256
1893.55	3.253480
1893.60	3.253704
1893.65	3.253928
1893.70	3.254151
1893.75	3.254375
1893.80	3.254709
1893.85	3.254933
1893.90	3.255156
1893.95	3.255380
1894.00	3.255604
1894.05	3.255828
1894.10	3.256051
1894.15	3.256275
1894.20	3.256499
1894.25	3.256722
1894.30	3.256946
1894.35	3.257170
1894.40	3.257394
1894.45	3.257617
1894.50	3.257841
1894.55	3.258065
1894.60	3.258289
1894.65	3.258402
1894.70	3.258625
1894.75	3.258849
1894.80	3.259073
1894.85	3.259296
1894.90	3.259520
1894.95	3.259744
1895.00	3.259968
1895.05	3.260191
1895.10	3.260305
1895.15	3.260529
1895.20	3.260642
1895.25	3.260866
1895.30	3.260979
1895.35	3.261203
1895.40	3.261316
1895.45	3.261540
1895.50	3.261653
1895.55	3.261877
1895.60	3.261990
1895.65	3.262214
1895.70	3.262438
1895.75	3.262551
1895.80	3.262775
1895.85	3.262888
1895.90	3.263112
1895.95	3.263225
1896.00	3.263449
1896.05	3.263562
1896.10	3.263676
1896.15	3.263789
1896.20	3.263792
1896.25	3.263905
1896.30	3.264019
1896.35	3.264132
1896.40	3.264245
1896.45	3.264359
1896.50	3.264472
1896.55	3.264585
1896.60	3.264699
1896.65	3.264812
1896.70	3.264926
1896.75	3.265039
1896.80	3.265152
1896.85	3.265266
1896.90	3.265379
1896.95	3.265492
1897.00	3.265606
1897.05	3.265609
1897.10	3.265722
1897.15	3.265725
1897.20	3.265838
1897.25	3.265952
1897.30	3.265955
1897.35	3.266068
1897.40	3.266071
1897.45	3.266184
1897.50	3.266187
1897.55	3.266301
1897.60	3.266414
1897.65	3.266417
1897.70	3.266530
1897.75	3.266533
1897.80	3.266647
1897.85	3.266650
1897.90	3.266763
1897.95	3.266766
1898.00	3.266879
1898.05	3.266989
1898.10	3.266988
1898.15	3.266987
1898.20	3.267097
1898.25	3.267096
1898.30	3.267205
1898.35	3.267204
1898.40	3.267313
1898.45	3.267312
1898.50	3.267422
1898.55	3.267421
1898.60	3.267531
1898.65	3.267530
1898.70	3.267639
1898.75	3.267638
1898.80	3.267747
1898.85	3.267747
1898.90	3.267746
1898.95	3.267855
1899.00	3.267854
1899.05	3.267743
1899.10	3.267632
1899.15	3.267410
1899.20	3.267298
1899.25	3.267187
1899.30	3.266966
1899.35	3.266854
1899.40	3.266743
1899.45	3.266632
1899.50	3.266410
1899.55	3.266299
1899.60	3.266188
1899.65	3.265966
1899.70	3.265854
1899.75	3.265743
1899.80	3.265521
1899.85	3.265410
1899.90	3.265299
1899.95	3.265077
1900.00	3.264966
1900.05	3.265186
1900.10	3.265295
1900.15	3.265515
1900.20	3.265624
1900.25	3.265844
1900.30	3.265954
1900.35	3.266063
1900.40	3.266283
1900.45	3.266503
1900.50	3.266612
1900.55	3.266832
1900.60	3.266941
1900.65	3.267161
1900.70	3.267271
1900.75	3.267491
1900.80	3.267600
1900.85	3.267820
1900.90	3.267929
1900.95	3.268149
1901.00	3.268259
1901.05	3.268478
1901.10	3.268698
1901.15	3.268918
1901.20	3.269138
1901.25	3.269358
1901.30	3.269577
1901.35	3.269797
1901.40	3.270017
1901.45	3.270237
1901.50	3.270457
1901.55	3.270677
1901.60	3.270896
1901.65	3.271116
1901.70	3.271336
1901.75	3.271556
1901.80	3.271776
1901.85	3.271996
1901.90	3.272215
1901.95	3.272435
1902.00	3.272655
1902.05	3.272765
1902.10	3.272984
1902.15	3.273204
1902.20	3.273314
1902.25	3.273423
1902.30	3.273643
1902.35	3.273752
1902.40	3.273972
1902.45	3.274082
1902.50	3.274301
1902.55	3.274411
1902.60	3.274631
1902.65	3.274850
1902.70	3.274960
1902.75	3.275180
1902.80	3.275289
1902.85	3.275509
1902.90	3.275618
1902.95	3.275838
1903.00	3.275948
1903.05	3.276167
1903.10	3.276387
1903.15	3.276607
1903.20	3.276827
1903.25	3.277047
1903.30	3.277267
1903.35	3.277486
1903.40	3.277706
1903.45	3.277926
1903.50	3.278146
1903.55	3.278366
1903.60	3.278585
1903.65	3.278805
1903.70	3.279025
1903.75	3.279245
1903.80	3.279465
1903.85	3.279685
1903.90	3.279904
1903.95	3.280124
1904.00	3.280344
1904.05	3.280564
1904.10	3.280784
1904.15	3.281004
1904.20	3.281223
1904.25	3.281443
1904.30	3.281663
1904.35	3.281883
1904.40	3.282102
1904.45	3.282322
1904.50	3.282542
1904.55	3.282762
1904.60	3.282982
1904.65	3.283202
1904.70	3.283421
1904.75	3.283641
1904.80	3.283861
1904.85	3.284081
1904.90	3.284301
1904.95	3.284521
1905.00	3.284740
1905.05	3.285069
1905.10	3.285288
1905.15	3.285616
1905.20	3.285835
1905.25	3.286163
1905.30	3.286382
1905.35	3.286600
1905.40	3.286929
1905.45	3.287258
1905.50	3.287476
1905.55	3.287805
1905.60	3.288023
1905.65	3.288352
1905.70	3.288571
1905.75	3.288900
1905.80	3.289118
1905.85	3.289336
1905.90	3.289665
1905.95	3.289994
1906.00	3.290212
1906.05	3.290431
1906.10	3.290649
1906.15	3.290868
1906.20	3.291086
1906.25	3.291304
1906.30	3.291523
1906.35	3.291741
1906.40	3.291959
1906.45	3.292178
1906.50	3.292396
1906.55	3.292615
1906.60	3.292833
1906.65	3.293051
1906.70	3.293270
1906.75	3.293488
1906.80	3.293707
1906.85	3.293925
1906.90	3.294144
1906.95	3.294362
1907.00	3.294580
1907.05	3.294799
1907.10	3.295017
1907.15	3.295236
1907.20	3.295454
1907.25	3.295672
1907.30	3.295891
1907.35	3.296109
1907.40	3.296327
1907.45	3.296546
1907.50	3.296764
1907.55	3.296983
1907.60	3.297201
1907.65	3.297419
1907.70	3.297638
1907.75	3.297856
1907.80	3.298075
1907.85	3.298293
1907.90	3.298512
1907.95	3.298730
1908.00	3.298948
1908.05	3.299167
1908.10	3.299385
1908.15	3.299603
1908.20	3.299822
1908.25	3.300040
1908.30	3.300259
1908.35	3.300477
1908.40	3.300695
1908.45	3.300914
1908.50	3.301132
1908.55	3.301351
1908.60	3.301569
1908.65	3.301787
1908.70	3.302006
1908.75	3.302224
1908.80	3.302442
1908.85	3.302661
1908.90	3.302879
1908.95	3.303098
1909.00	3.303316
1909.05	3.303534
1909.10	3.303753
1909.15	3.303971
1909.20	3.304190
1909.25	3.304408
1909.30	3.304626
1909.35	3.304845
1909.40	3.305063
1909.45	3.305281
1909.50	3.305500
1909.55	3.305718
1909.60	3.305937
1909.65	3.306155
1909.70	3.306374
1909.75	3.306592
1909.80	3.306810
1909.85	3.307028
1909.90	3.307247
1909.95	3.307465
1910.00	3.307684
1910.05	3.307902
1910.10	3.308120
1910.15	3.308339
1910.20	3.308557
1910.25	3.308776
1910.30	3.308994
1910.35	3.309212
1910.40	3.309431
1910.45	3.309649
1910.50	3.309867
1910.55	3.310086
1910.60	3.310304
1910.65	3.310523
1910.70	3.310741
1910.75	3.310959
1910.80	3.311178
1910.85	3.311396
1910.90	3.311614
1910.95	3.311833
1911.00	3.312051
1911.05	3.312270
1911.10	3.312378
1911.15	3.312596
1911.20	3.312704
1911.25	3.312922
1911.30	3.313030
1911.35	3.313138
1911.40	3.313357
1911.45	3.313575
1911.50	3.313683
1911.55	3.313791
1911.60	3.314009
1911.65	3.314228
1911.70	3.314336
1911.75	3.314444
1911.80	3.314662
1911.85	3.314770
1911.90	3.314989
1911.95	3.315097
1912.00	3.315315
1912.05	3.315532
1912.10	3.315750
1912.15	3.315967
1912.20	3.316185
1912.25	3.316402
1912.30	3.316620
1912.35	3.316837
1912.40	3.317054
1912.45	3.317272
1912.50	3.317489
1912.55	3.317707
1912.60	3.317924
1912.65	3.318141
1912.70	3.318359
1912.75	3.318576
1912.80	3.318794
1912.85	3.319011
1912.90	3.319229
1912.95	3.319446
1913.00	3.319663
1913.05	3.319881
1913.10	3.319988
1913.15	3.320205
1913.20	3.320312
1913.25	3.320530
1913.30	3.320637
1913.35	3.320744
1913.40	3.320961
1913.45	3.321179
1913.50	3.321286
1913.55	3.321503
1913.60	3.321610
1913.65	3.321828
1913.70	3.321935
1913.75	3.322152
1913.80	3.322259
1913.85	3.322477
1913.90	3.322584
1913.95	3.322801
1914.00	3.322908
1914.05	3.323125
1914.10	3.323233
1914.15	3.323450
1914.20	3.323557
1914.25	3.323774
1914.30	3.323881
1914.35	3.323988
1914.40	3.324206
1914.45	3.324423
1914.50	3.324530
1914.55	3.324637
1914.60	3.324855
1914.65	3.325072
1914.70	3.325179
1914.75	3.325286
1914.80	3.325504
1914.85	3.325611
1914.90	3.325828
1914.95	3.325935
1915.00	3.326153
1915.05	3.326262
1915.10	3.326483
1915.15	3.326592
1915.20	3.326812
1915.25	3.326922
1915.30	3.327142
1915.35	3.327252
1915.40	3.327473
1915.45	3.327582
1915.50	3.327802
1915.55	3.327912
1915.60	3.328132
1915.65	3.328352
1915.70	3.328462
1915.75	3.328682
1915.80	3.328792
1915.85	3.328902
1915.90	3.329122
1915.95	3.329342
1916.00	3.329452
1916.05	3.329672
1916.10	3.329892
1916.15	3.330113
1916.20	3.330333
1916.25	3.330553
1916.30	3.330773
1916.35	3.330993
1916.40	3.331213
1916.45	3.331434
1916.50	3.331654
1916.55	3.331874
1916.60	3.332094
1916.65	3.332314
1916.70	3.332534
1916.75	3.332755
1916.80	3.332975
1916.85	3.333195
1916.90	3.333415
1916.95	3.333635
1917.00	3.333855
1917.05	3.334076
1917.10	3.334185
1917.15	3.334405
1917.20	3.334515
1917.25	3.334735
1917.30	3.334845
1917.35	3.334955
1917.40	3.335175
1917.45	3.335395
1917.50	3.335505
1917.55	3.335615
1917.60	3.335835
1917.65	3.336055
1917.70	3.336165
1917.75	3.336275
1917.80	3.336495
1917.85	3.336605
1917.90	3.336825
1917.95	3.336935
1918.00	3.337155
1918.05	3.337265
1918.10	3.337485
1918.15	3.337595
1918.20	3.337815
1918.25	3.337925
1918.30	3.338145
1918.35	3.338255
1918.40	3.338475
1918.45	3.338585
1918.50	3.338805
1918.55	3.338915
1918.60	3.339135
1918.65	3.339355
1918.70	3.339465
1918.75	3.339685
1918.80	3.339795
1918.85	3.339905
1918.90	3.340125
1918.95	3.340345
1919.00	3.340455
1919.05	3.340564
1919.10	3.340784
1919.15	3.341005
1919.20	3.341115
1919.25	3.341224
1919.30	3.341445
1919.35	3.341554
1919.40	3.341774
1919.45	3.341995
1919.50	3.342104
1919.55	3.342324
1919.60	3.342434
1919.65	3.342654
1919.70	3.342764
1919.75	3.342985
1919.80	3.343094
1919.85	3.343204
1919.90	3.343424
1919.95	3.343644
1920.00	3.343754
1920.05	3.343974
1920.10	3.344194
1920.15	3.344414
1920.20	3.344635
1920.25	3.344855
1920.30	3.345075
1920.35	3.345295
1920.40	3.345515
1920.45	3.345735
1920.50	3.345956
1920.55	3.346176
1920.60	3.346396
1920.65	3.346616
1920.70	3.346836
1920.75	3.347056
1920.80	3.347277
1920.85	3.347497
1920.90	3.347717
1920.95	3.347937
1921.00	3.348157
1921.05	3.348377
1921.10	3.348598
1921.15	3.348818
1921.20	3.349038
1921.25	3.349258
1921.30	3.349478
1921.35	3.349698
1921.40	3.349919
1921.45	3.350139
1921.50	3.350359
1921.55	3.350579
1921.60	3.350799
1921.65	3.351019
1921.70	3.351239
1921.75	3.351460
1921.80	3.351680
1921.85	3.351900
1921.90	3.352120
1921.95	3.352340
1922.00	3.352560
1922.05	3.352780
1922.10	3.352890
1922.15	3.353110
1922.20	3.353220
1922.25	3.353440
1922.30	3.353550
1922.35	3.353660
1922.40	3.353880
1922.45	3.354100
1922.50	3.354210
1922.55	3.354430
1922.60	3.354540
1922.65	3.354760
1922.70	3.354870
1922.75	3.355090
1922.80	3.355200
1922.85	3.355420
1922.90	3.355530
1922.95	3.355750
1923.00	3.355860
1923.05	3.356080
1923.10	3.356300
1923.15	3.356520
1923.20	3.356740
1923.25	3.356961
1923.30	3.357181
1923.35	3.357401
1923.40	3.357621
1923.45	3.357841
1923.50	3.358061
1923.55	3.358281
1923.60	3.358501
1923.65	3.358722
1923.70	3.358942
1923.75	3.359162
1923.80	3.359382
1923.85	3.359602
1923.90	3.359822
1923.95	3.360043
1924.00	3.360263
1924.05	3.360487
1924.10	3.360821
1924.15	3.361156
1924.20	3.361380
1924.25	3.361714
1924.30	3.361938
1924.35	3.362162
1924.40	3.362497
1924.45	3.362831
1924.50	3.363055
1924.55	3.363279
1924.60	3.363614
1924.65	3.363948
1924.70	3.364172
1924.75	3.364506
1924.80	3.364731
1924.85	3.364955
1924.90	3.365289
1924.95	3.365623
1925.00	3.365847
1925.05	3.366072
1925.10	3.366296
1925.15	3.366520
1925.20	3.366744
1925.25	3.366968
1925.30	3.367192
1925.35	3.367416
1925.40	3.367640
1925.45	3.367864
1925.50	3.368088
1925.55	3.368312
1925.60	3.368536
1925.65	3.368760
1925.70	3.368984
1925.75	3.369208
1925.80	3.369433
1925.85	3.369657
1925.90	3.369881
1925.95	3.370105
1926.00	3.370329
1926.05	3.370551
1926.10	3.370773
1926.15	3.370994
1926.20	3.371216
1926.25	3.371438
1926.30	3.371660
1926.35	3.371882
1926.40	3.372104
1926.45	3.372325
1926.50	3.372547
1926.55	3.372769
1926.60	3.372991
1926.65	3.373213
1926.70	3.373435
1926.75	3.373656
1926.80	3.373878
1926.85	3.374100
1926.90	3.374322
1926.95	3.374544
1927.00	3.374766
1927.05	3.374987
1927.10	3.375319
1927.15	3.375652
1927.20	3.375874
1927.25	3.376206
1927.30	3.376428
1927.35	3.376649
1927.40	3.376982
1927.45	3.377314
1927.50	3.377536
1927.55	3.377757
1927.60	3.378090
1927.65	3.378422
1927.70	3.378644
1927.75	3.378976
1927.80	3.379198
1927.85	3.379420
1927.90	3.379752
1927.95	3.380084
1928.00	3.380306
1928.05	3.380528
1928.10	3.380860
1928.15	3.381192
1928.20	3.381414
1928.25	3.381746
1928.30	3.381968
1928.35	3.382190
1928.40	3.382522
1928.45	3.382854
1928.50	3.383076
1928.55	3.383298
1928.60	3.383630
1928.65	3.383963
1928.70	3.384184
1928.75	3.384516
1928.80	3.384738
1928.85	3.384960
1928.90	3.385292
1928.95	3.385625
1929.00	3.385846
1929.05	3.386066
1929.10	3.386285
1929.15	3.386505
1929.20	3.386725
1929.25	3.386944
1929.30	3.387164
1929.35	3.387384
1929.40	3.387603
1929.45	3.387823
1929.50	3.388042
1929.55	3.388262
1929.60	3.388482
1929.65	3.388701
1929.70	3.388921
1929.75	3.389140
1929.80	3.389360
1929.85	3.389579
1929.90	3.389799
1929.95	3.390019
1930.00	3.390238
1930.05	3.390458
1930.10	3.390788
1930.15	3.391118
1930.20	3.391337
1930.25	3.391557
1930.30	3.391887
1930.35	3.392106
1930.40	3.392437
1930.45	3.392766
1930.50	3.392986
1930.55	3.393206
1930.60	3.393535
1930.65	3.393865
1930.70	3.394085
1930.75	3.394305
1930.80	3.394635
1930.85	3.394854
1930.90	3.395184
1930.95	3.395514
1931.00	3.395734
1931.05	3.395953
1931.10	3.396283
1931.15	3.396613
1931.20	3.396833
1931.25	3.397052
1931.30	3.397382
1931.35	3.397602
1931.40	3.397932
1931.45	3.398262
1931.50	3.398481
1931.55	3.398701
1931.60	3.399031
1931.65	3.399361
1931.70	3.399580
1931.75	3.399800
1931.80	3.400130
1931.85	3.400350
1931.90	3.400680
1931.95	3.401009
1932.00	3.401229
1932.05	3.401446
1932.10	3.401663
1932.15	3.401880
1932.20	3.402097
1932.25	3.402314
1932.30	3.402531
1932.35	3.402747
1932.40	3.402964
1932.45	3.403181
1932.50	3.403398
1932.55	3.403615
1932.60	3.403832
1932.65	3.404049
1932.70	3.404265
1932.75	3.404482
1932.80	3.404699
1932.85	3.404916
1932.90	3.405133
1932.95	3.405350
1933.00	3.405567
1933.05	3.405784
1933.10	3.406001
1933.15	3.406218
1933.20	3.406435
1933.25	3.406652
1933.30	3.406869
1933.35	3.407085
1933.40	3.407302
1933.45	3.407519
1933.50	3.407736
1933.55	3.407953
1933.60	3.408170
1933.65	3.408387
1933.70	3.408603
1933.75	3.408820
1933.80	3.409037
1933.85	3.409254
1933.90	3.409471
1933.95	3.409688
1934.00	3.409905
1934.05	3.410122
1934.10	3.410339
1934.15	3.410555
1934.20	3.410772
1934.25	3.410989
1934.30	3.411206
1934.35	3.411423
1934.40	3.411640
1934.45	3.411857
1934.50	3.412073
1934.55	3.412290
1934.60	3.412507
1934.65	3.412724
1934.70	3.412941
1934.75	3.413158
1934.80	3.413375
1934.85	3.413592
1934.90	3.413809
1934.95	3.414025
1935.00	3.414242
1935.05	3.414459
1935.10	3.414676
1935.15	3.414893
1935.20	3.415110
1935.25	3.415327
1935.30	3.415544
1935.35	3.415760
1935.40	3.415977
1935.45	3.416194
1935.50	3.416411
1935.55	3.416628
1935.60	3.416845
1935.65	3.417062
1935.70	3.417278
1935.75	3.417495
1935.80	3.417712
1935.85	3.417929
1935.90	3.418146
1935.95	3.418363
1936.00	3.418580
1936.05	3.418693
1936.10	3.418806
1936.15	3.418919
1936.20	3.419031
1936.25	3.419145
1936.30	3.419257
1936.35	3.419370
1936.40	3.419483
1936.45	3.419596
1936.50	3.419709
1936.55	3.419822
1936.60	3.419935
1936.65	3.420048
1936.70	3.420160
1936.75	3.420273
1936.80	3.420386
1936.85	3.420499
1936.90	3.420612
1936.95	3.420725
1937.00	3.420838
1937.05	3.420951
1937.10	3.421064
1937.15	3.421177
1937.20	3.421290
1937.25	3.421403
1937.30	3.421515
1937.35	3.421628
1937.40	3.421741
1937.45	3.421854
1937.50	3.421967
1937.55	3.422080
1937.60	3.422193
1937.65	3.422306
1937.70	3.422419
1937.75	3.422531
1937.80	3.422644
1937.85	3.422757
1937.90	3.422870
1937.95	3.422983
1938.00	3.423096
1938.05	3.423092
1938.10	3.423198
1938.15	3.423193
1938.20	3.423300
1938.25	3.423295
1938.30	3.423402
1938.35	3.423508
1938.40	3.423503
1938.45	3.423609
1938.50	3.423605
1938.55	3.423711
1938.60	3.423707
1938.65	3.423703
1938.70	3.423809
1938.75	3.423915
1938.80	3.423911
1938.85	3.424017
1938.90	3.424012
1938.95	3.424118
1939.00	3.424114
1939.05	3.424453
1939.10	3.424902
1939.15	3.425241
1939.20	3.425690
1939.25	3.426029
1939.30	3.426367
1939.35	3.426816
1939.40	3.427155
1939.45	3.427604
1939.50	3.427943
1939.55	3.428282
1939.60	3.428731
1939.65	3.429070
1939.70	3.429519
1939.75	3.429857
1939.80	3.430196
1939.85	3.430645
1939.90	3.430984
1939.95	3.431323
1940.00	3.431772
1940.05	3.431770
1940.10	3.431768
1940.15	3.431877
1940.20	3.431875
1940.25	3.431874
1940.30	3.431872
1940.35	3.431981
1940.40	3.431979
1940.45	3.431977
1940.50	3.431975
1940.55	3.431974
1940.60	3.432082
1940.65	3.432081
1940.70	3.432079
1940.75	3.432077
1940.80	3.432186
1940.85	3.432184
1940.90	3.432182
1940.95	3.432181
1941.00	3.432289
1941.05	3.432177
1941.10	3.432176
1941.15	3.432174
1941.20	3.432172
1941.25	3.432060
1941.30	3.432058
1941.35	3.432057
1941.40	3.431945
1941.45	3.431943
1941.50	3.431941
1941.55	3.431940
1941.60	3.431827
1941.65	3.431826
1941.70	3.431824
1941.75	3.431822
1941.80	3.431710
1941.85	3.431709
1941.90	3.431707
1941.95	3.431705
1942.00	3.431593
1942.05	3.431591
1942.10	3.431590
1942.15	3.431478
1942.20	3.431476
1942.25	3.431474
1942.30	3.431472
1942.35	3.431360
1942.40	3.431359
1942.45	3.431357
1942.50	3.431355
1942.55	3.431243
1942.60	3.431242
1942.65	3.431240
1942.70	3.431238
1942.75	3.431126
1942.80	3.431124
1942.85	3.431123
1942.90	3.431121
1942.95	3.431009
1943.00	3.431007
1943.05	3.431005
1943.10	3.430893
1943.15	3.430892
1943.20	3.430890
1943.25	3.430888
1943.30	3.430776
1943.35	3.430775
1943.40	3.430773
1943.45	3.430771
1943.50	3.430659
1943.55	3.430657
1943.60	3.430656
1943.65	3.430654
1943.70	3.430542
1943.75	3.430540
1943.80	3.430538
1943.85	3.430426
1943.90	3.430425
1943.95	3.430423
1944.00	3.430421
1944.05	3.430418
1944.10	3.430415
1944.15	3.430412
1944.20	3.430520
1944.25	3.430517
1944.30	3.430514
1944.35	3.430511
1944.40	3.430618
1944.45	3.430615
1944.50	3.430612
1944.55	3.430609
1944.60	3.430716
1944.65	3.430713
1944.70	3.430710
1944.75	3.430708
1944.80	3.430704
1944.85	3.430812
1944.90	3.430809
1944.95	3.430806
1945.00	3.430803
1945.05	3.430910
1945.10	3.430907
1945.15	3.430904
1945.20	3.430901
1945.25	3.431009
1945.30	3.431006
1945.35	3.431003
1945.40	3.431000
1945.45	3.431107
1945.50	3.431104
1945.55	3.431101
1945.60	3.431098
1945.65	3.431095
1945.70	3.431202
1945.75	3.431199
1945.80	3.431196
1945.85	3.431193
1945.90	3.431301
1945.95	3.431298
1946.00	3.431295
1946.05	3.431402
1946.10	3.431510
1946.15	3.431507
1946.20	3.431614
1946.25	3.431721
1946.30	3.431829
1946.35	3.431826
1946.40	3.431933
1946.45	3.432040
1946.50	3.432037
1946.55	3.432145
1946.60	3.432252
1946.65	3.432359
1946.70	3.432356
1946.75	3.432464
1946.80	3.432571
1946.85	3.432678
1946.90	3.432675
1946.95	3.432783
1947.00	3.432890
1947.05	3.432997
1947.10	3.432995
1947.15	3.433102
1947.20	3.433209
1947.25	3.433316
1947.30	3.433314
1947.35	3.433421
1947.40	3.433528
1947.45	3.433525
1947.50	3.433632
1947.55	3.433740
1947.60	3.433847
1947.65	3.433844
1947.70	3.433951
1947.75	3.434059
1947.80	3.434166
1947.85	3.434163
1947.90	3.434271
1947.95	3.434378
1948.00	3.434485
1948.05	3.434596
1948.10	3.434707
1948.15	3.434818
1948.20	3.434930
1948.25	3.435151
1948.30	3.435262
1948.35	3.435373
1948.40	3.435484
1948.45	3.435705
1948.50	3.435816
1948.55	3.435927
1948.60	3.436038
1948.65	3.436260
1948.70	3.436371
1948.75	3.436482
1948.80	3.436593
1948.85	3.436814
1948.90	3.436925
1948.95	3.437036
1949.00	3.437147
1949.05	3.437258
1949.10	3.437480
1949.15	3.437591
1949.20	3.437702
1949.25	3.437813
1949.30	3.438034
1949.35	3.438145
1949.40	3.438256
1949.45	3.438367
1949.50	3.438589
1949.55	3.438700
1949.60	3.438811
1949.65	3.438922
1949.70	3.439143
1949.75	3.439254
1949.80	3.439365
1949.85	3.439476
1949.90	3.439587
1949.95	3.439809
1950.00	3.439920
1950.05	3.440141
1950.10	3.440362
1950.15	3.440694
1950.20	3.440915
1950.25	3.441137
1950.30	3.441358
1950.35	3.441690
1950.40	3.441911
1950.45	3.442133
1950.50	3.442354
1950.55	3.442686
1950.60	3.442907
1950.65	3.443128
1950.70	3.443350
1950.75	3.443571
1950.80	3.443903
1950.85	3.444124
1950.90	3.444346
1950.95	3.444567
1951.00	3.444899
1951.05	3.445120
1951.10	3.445341
1951.15	3.445563
1951.20	3.445894
1951.25	3.446116
1951.30	3.446337
1951.35	3.446559
1951.40	3.446890
1951.45	3.447112
1951.50	3.447333
1951.55	3.447554
1951.60	3.447776
1951.65	3.448108
1951.70	3.448329
1951.75	3.448550
1951.80	3.448772
1951.85	3.449103
1951.90	3.449325
1951.95	3.449546
1952.00	3.449767
1952.05	3.450099
1952.10	3.450321
1952.15	3.450542
1952.20	3.450763
1952.25	3.451095
1952.30	3.451316
1952.35	3.451538
1952.40	3.451759
1952.45	3.451981
1952.50	3.452312
1952.55	3.452534
1952.60	3.452755
1952.65	3.452976
1952.70	3.453308
1952.75	3.453529
1952.80	3.453751
1952.85	3.453972
1952.90	3.454304
1952.95	3.454525
1953.00	3.454747
1953.05	3.455076
1953.10	3.455405
1953.15	3.455624
1953.20	3.455954
1953.25	3.456283
1953.30	3.456612
1953.35	3.456831
1953.40	3.457160
1953.45	3.457490
1953.50	3.457709
1953.55	3.458038
1953.60	3.458367
1953.65	3.458697
1953.70	3.458916
1953.75	3.459245
1953.80	3.459574
1953.85	3.459904
1953.90	3.460123
1953.95	3.460452
1954.00	3.460781
1954.05	3.461110
1954.10	3.461440
1954.15	3.461879
1954.20	3.462209
1954.25	3.462538
1954.30	3.462867
1954.35	3.463197
1954.40	3.463636
1954.45	3.463966
1954.50	3.464295
1954.55	3.464624
1954.60	3.465064
1954.65	3.465393
1954.70	3.465722
1954.75	3.466052
1954.80	3.466491
1954.85	3.466821
1954.90	3.467150
1954.95	3.467479
1955.00	3.467919
1955.05	3.468248
1955.10	3.468577
1955.15	3.468907
1955.20	3.469236
1955.25	3.469676
1955.30	3.470005
1955.35	3.470334
1955.40	3.470664
1955.45	3.471103
1955.50	3.471432
1955.55	3.471762
1955.60	3.472091
1955.65	3.472531
1955.70	3.472860
1955.75	3.473189
1955.80	3.473519
1955.85	3.473958
1955.90	3.474287
1955.95	3.474617
1956.00	3.474946
1956.05	3.475275
1956.10	3.475715
1956.15	3.476044
1956.20	3.476374
1956.25	3.476703
1956.30	3.477142
1956.35	3.477472
1956.40	3.477801
1956.45	3.478130
1956.50	3.478570
1956.55	3.478899
1956.60	3.479229
1956.65	3.479558
1956.70	3.479997
1956.75	3.480327
1956.80	3.480656
1956.85	3.480985
1956.90	3.481315
1956.95	3.481754
1957.00	3.482084
1957.05	3.482523
1957.10	3.482852
1957.15	3.483292
1957.20	3.483732
1957.25	3.484171
1957.30	3.484501
1957.35	3.484940
1957.40	3.485380
1957.45	3.485819
1957.50	3.486149
1957.55	3.486588
1957.60	3.487028
1957.65	3.487357
1957.70	3.487797
1957.75	3.488236
1957.80	3.488676
1957.85	3.489005
1957.90	3.489445
1957.95	3.489885
1958.00	3.490324
1958.05	3.490764
1958.10	3.491203
1958.15	3.491643
1958.20	3.492083
1958.25	3.492522
1958.30	3.492962
1958.35	3.493401
1958.40	3.493841
1958.45	3.494281
1958.50	3.494831
1958.55	3.495270
1958.60	3.495710
1958.65	3.496149
1958.70	3.496589
1958.75	3.497029
1958.80	3.497468
1958.85	3.497908
1958.90	3.498347
1958.95	3.498787
1959.00	3.499227
1959.05	3.499777
1959.10	3.500327
1959.15	3.500766
1959.20	3.501316
1959.25	3.501756
1959.30	3.502306
1959.35	3.502856
1959.40	3.503295
1959.45	3.503845
1959.50	3.504285
1959.55	3.504835
1959.60	3.505385
1959.65	3.505824
1959.70	3.506374
1959.75	3.506814
1959.80	3.507364
1959.85	3.507914
1959.90	3.508353
1959.95	3.508903
1960.00	3.509343
1960.05	3.509782
1960.10	3.510222
1960.15	3.510551
1960.20	3.510991
1960.25	3.511320
1960.30	3.511760
1960.35	3.512199
1960.40	3.512528
1960.45	3.512968
1960.50	3.513297
1960.55	3.513737
1960.60	3.514177
1960.65	3.514506
1960.70	3.514945
1960.75	3.515275
1960.80	3.515714
1960.85	3.516154
1960.90	3.516483
1960.95	3.516923
1961.00	3.517252
1961.05	3.517802
1961.10	3.518241
1961.15	3.518681
1961.20	3.519121
1961.25	3.519560
1961.30	3.520000
1961.35	3.520550
1961.40	3.520989
1961.45	3.521429
1961.50	3.521868
1961.55	3.522308
1961.60	3.522748
1961.65	3.523187
1961.70	3.523737
1961.75	3.524177
1961.80	3.524616
1961.85	3.525056
1961.90	3.525495
1961.95	3.525935
1962.00	3.526375
1962.05	3.526702
1962.10	3.527030
1962.15	3.527357
1962.20	3.527684
1962.25	3.527902
1962.30	3.528229
1962.35	3.528557
1962.40	3.528884
1962.45	3.529212
1962.50	3.529429
1962.55	3.529756
1962.60	3.530084
1962.65	3.530411
1962.70	3.530739
1962.75	3.530956
1962.80	3.531283
1962.85	3.531611
1962.90	3.531938
1962.95	3.532266
1963.00	3.532483
1963.05	3.532810
1963.10	3.533027
1963.15	3.533355
1963.20	3.533572
1963.25	3.533900
1963.30	3.534117
1963.35	3.534444
1963.40	3.534661
1963.45	3.534989
1963.50	3.535206
1963.55	3.535533
1963.60	3.535751
1963.65	3.536078
1963.70	3.536295
1963.75	3.536623
1963.80	3.536840
1963.85	3.537167
1963.90	3.537384
1963.95	3.537712
1964.00	3.537929
1964.05	3.538256
1964.10	3.538584
1964.15	3.538911
1964.20	3.539239
1964.25	3.539566
1964.30	3.539894
1964.35	3.540111
1964.40	3.540438
1964.45	3.540766
1964.50	3.541093
1964.55	3.541421
1964.60	3.541748
1964.65	3.542076
1964.70	3.542293
1964.75	3.542620
1964.80	3.542948
1964.85	3.543275
1964.90	3.543603
1964.95	3.543930
1965.00	3.544147
1965.05	3.544917
1965.10	3.545575
1965.15	3.546234
1965.20	3.546894
1965.25	3.547552
1965.30	3.548322
1965.35	3.548981
1965.40	3.549640
1965.45	3.550299
1965.50	3.550958
1965.55	3.551727
1965.60	3.552386
1965.65	3.553045
1965.70	3.553704
1965.75	3.554363
1965.80	3.555133
1965.85	3.555791
1965.90	3.556451
1965.95	3.557110
1966.00	3.557768
1966.05	3.558207
1966.10	3.558645
1966.15	3.559084
1966.20	3.559522
1966.25	3.559960
1966.30	3.560399
1966.35	3.560837
1966.40	3.561275
1966.45	3.561714
1966.50	3.562152
1966.55	3.562590
1966.60	3.563029
1966.65	3.563467
1966.70	3.563906
1966.75	3.564344
1966.80	3.564782
1966.85	3.565221
1966.90	3.565659
1966.95	3.566097
1967.00	3.566425
1967.05	3.566974
1967.10	3.567522
1967.15	3.568071
1967.20	3.568620
1967.25	3.569168
1967.30	3.569717
1967.35	3.570266
1967.40	3.570814
1967.45	3.571363
1967.50	3.571801
1967.55	3.572350
1967.60	3.572899
1967.65	3.573447
1967.70	3.573996
1967.75	3.574545
1967.80	3.575093
1967.85	3.575642
1967.90	3.576191
1967.95	3.576739
1968.00	3.577177
1968.05	3.578067
1968.10	3.578847
1968.15	3.579737
1968.20	3.580516
1968.25	3.581406
1968.30	3.582186
1968.35	3.583076
1968.40	3.583856
1968.45	3.584745
1968.50	3.585525
1968.55	3.586304
1968.60	3.587195
1968.65	3.587974
1968.70	3.588864
1968.75	3.589644
1968.80	3.590534
1968.85	3.591313
1968.90	3.592204
1968.95	3.592983
1969.00	3.593763
1969.05	3.594432
1969.10	3.594991
1969.15	3.595550
1969.20	3.596109
1969.25	3.596778
1969.30	3.597337
1969.35	3.597896
1969.40	3.598455
1969.45	3.599125
1969.50	3.599684
1969.55	3.600243
1969.60	3.600802
1969.65	3.601471
1969.70	3.602030
1969.75	3.602578
1969.80	3.603126
1969.85	3.603785
1969.90	3.604333
1969.95	3.604881
1970.00	3.605429
1970.05	3.605867
1970.10	3.606194
1970.15	3.606632
1970.20	3.606959
1970.25	3.607245
1970.30	3.607642
1970.35	3.607928
1970.40	3.608324
1970.45	3.608610
1970.50	3.608896
1970.55	3.609292
1970.60	3.609578
1970.65	3.609975
1970.70	3.610261
1970.75	3.610547
1970.80	3.610943
1970.85	3.611229
1970.90	3.611625
1970.95	3.611911
1971.00	3.612197
1971.05	3.612853
1971.10	3.613508
1971.15	3.614163
1971.20	3.614819
1971.25	3.615475
1971.30	3.616130
1971.35	3.616786
1971.40	3.617441
1971.45	3.618097
1971.50	3.618752
1971.55	3.619408
1971.60	3.620063
1971.65	3.620719
1971.70	3.621374
1971.75	3.622030
1971.80	3.622685
1971.85	3.623341
1971.90	3.623996
1971.95	3.624652
1972.00	3.625307
1972.05	3.626515
1972.10	3.627611
1972.15	3.628818
1972.20	3.629915
1972.25	3.631012
1972.30	3.632218
1972.35	3.633315
1972.40	3.634412
1972.45	3.635619
1972.50	3.636715
1972.55	3.637812
1972.60	3.639019
1972.65	3.640115
1972.70	3.641212
1972.75	3.642419
1972.80	3.643516
1972.85	3.644613
1972.90	3.645819
1972.95	3.646916
1973.00	3.648013
1973.05	3.648450
1973.10	3.648778
1973.15	3.649215
1973.20	3.649542
1973.25	3.649980
1973.30	3.650307
1973.35	3.650745
1973.40	3.651072
1973.45	3.651510
1973.50	3.651837
1973.55	3.652274
1973.60	3.652602
1973.65	3.653039
1973.70	3.653366
1973.75	3.653804
1973.80	3.654131
1973.85	3.654569
1973.90	3.654896
1973.95	3.655334
1974.00	3.655661
1974.05	3.656209
1974.10	3.656646
1974.15	3.657084
1974.20	3.657632
1974.25	3.658069
1974.30	3.658507
1974.35	3.659054
1974.40	3.659492
1974.45	3.659929
1974.50	3.660367
1974.55	3.660915
1974.60	3.661352
1974.65	3.661790
1974.70	3.662338
1974.75	3.662775
1974.80	3.663213
1974.85	3.663761
1974.90	3.664198
1974.95	3.664636
1975.00	3.665073
1975.05	3.665732
1975.10	3.666280
1975.15	3.666829
1975.20	3.667377
1975.25	3.667925
1975.30	3.668474
1975.35	3.669133
1975.40	3.669681
1975.45	3.670230
1975.50	3.670778
1975.55	3.671326
1975.60	3.671875
1975.65	3.672423
1975.70	3.673082
1975.75	3.673630
1975.80	3.674179
1975.85	3.674727
1975.90	3.675276
1975.95	3.675824
1976.00	3.676372
1976.05	3.677362
1976.10	3.678241
1976.15	3.679231
1976.20	3.680110
1976.25	3.681100
1976.30	3.681979
1976.35	3.682969
1976.40	3.683848
1976.45	3.684837
1976.50	3.685717
1976.55	3.686596
1976.60	3.687585
1976.65	3.688465
1976.70	3.689454
1976.75	3.690333
1976.80	3.691323
1976.85	3.692203
1976.90	3.693192
1976.95	3.694071
1977.00	3.694951
1977.05	3.695940
1977.10	3.696819
1977.15	3.697699
1977.20	3.698578
1977.25	3.699567
1977.30	3.700447
1977.35	3.701326
1977.40	3.702205
1977.45	3.703195
1977.50	3.704074
1977.55	3.704953
1977.60	3.705832
1977.65	3.706822
1977.70	3.707701
1977.75	3.708580
1977.80	3.709459
1977.85	3.710449
1977.90	3.711328
1977.95	3.712207
1978.00	3.713087
1978.05	3.714167
1978.10	3.715136
1978.15	3.716105
1978.20	3.717185
1978.25	3.718154
1978.30	3.719124
1978.35	3.720106
1978.40	3.721207
1978.45	3.722198
1978.50	3.723190
1978.55	3.724180
1978.60	3.725282
1978.65	3.726273
1978.70	3.727264
1978.75	3.728365
1978.80	3.729356
1978.85	3.730347
1978.90	3.731338
1978.95	3.732439
1979.00	3.733430
1979.05	3.739163
1979.10	3.746110
1979.15	3.753828
1979.20	3.759120
1979.25	3.760662
1979.30	3.762646
1979.35	3.768930
1979.40	3.773450
1979.45	3.762861
1979.50	3.727569
1979.55	3.676837
1979.60	3.635480
1979.65	3.623237
1979.70	3.638675
1979.75	3.665031
1979.80	3.687417
1979.85	3.703517
1979.90	3.717080
1979.95	3.730312
1980.00	3.742221
1980.05	3.752255
1980.10	3.762510
1980.15	3.772434
1980.20	3.778277
1980.25	3.779489
1980.30	3.781472
1980.35	3.785661
1980.40	3.788747
1980.45	3.780034
1980.50	3.753233
1980.55	3.714633
1980.60	3.679782
1980.65	3.663239
1980.70	3.669740
1980.75	3.692231
1980.80	3.717368
1980.85	3.736440
1980.90	3.750219
1980.95	3.762784
1981.00	3.775900
1981.05	3.787253
1981.10	3.794414
1981.15	3.796833
1981.20	3.797267
1981.25	3.798142
1981.30	3.800782
1981.35	3.806399
1981.40	3.809260
1981.45	3.797343
1981.50	3.762929
1981.55	3.715723
1981.60	3.679545
1981.65	3.671487
1981.70	3.688574
1981.75	3.714813
1981.80	3.738075
1981.85	3.755161
1981.90	3.768277
1981.95	3.779518
1982.00	3.790538
1982.05	3.801118
1982.10	3.809712
1982.15	3.814667
1982.20	3.816094
1982.25	3.815425
1982.30	3.814976
1982.35	3.816182
1982.40	3.816065
1982.45	3.806464
1982.50	3.778888
1982.55	3.736094
1982.60	3.694624
1982.65	3.673334
1982.70	3.679172
1982.75	3.703094
1982.80	3.729553
1982.85	3.750056
1982.90	3.766811
1982.95	3.783675
1983.00	3.798665
1983.05	3.807259
1983.10	3.810229
1983.15	3.813420
1983.20	3.819036
1983.25	3.823330
1983.30	3.823433
1983.35	3.822212
1983.40	3.820772
1983.45	3.811612
1983.50	3.784258
1983.55	3.741025
1983.60	3.701320
1983.65	3.686427
1983.70	3.701306
1983.75	3.732947
1983.80	3.763484
1983.85	3.783436
1983.90	3.794566
1983.95	3.804703
1984.00	3.818038
1984.05	3.832256
1984.10	3.841842
1984.15	3.844812
1984.20	3.844363
1984.25	3.843915
1984.30	3.844680
1984.35	3.845224
1984.40	3.841908
1984.45	3.828558
1984.50	3.799771
1984.55	3.760729
1984.60	3.728193
1984.65	3.718593
1984.70	3.732919
1984.75	3.757060
1984.80	3.776679
1984.85	3.789683
1984.90	3.802355
1984.95	3.817123
1985.00	3.829354
1985.05	3.836404
1985.10	3.840475
1985.15	3.846422
1985.20	3.854684
1985.25	3.861953
1985.30	3.867017
1985.35	3.870207
1985.40	3.868215
1985.45	3.852990
1985.50	3.821558
1985.55	3.778548
1985.60	3.741162
1985.65	3.724615
1985.70	3.733649
1985.75	3.759773
1985.80	3.786228
1985.85	3.804854
1985.90	3.818188
1985.95	3.832073
1986.00	3.846950
1986.05	3.859181
1986.10	3.867740
1986.15	3.874566
1986.20	3.880179
1986.25	3.883145
1986.30	3.883466
1986.35	3.882683
1986.40	3.878593
1986.45	3.863698
1986.50	3.832154
1986.55	3.789914
1986.60	3.754511
1986.65	3.742042
1986.70	3.754601
1986.75	3.780721
1986.80	3.806842
1986.85	3.826898
1986.90	3.842213
1986.95	3.855434
1987.00	3.866229
1987.05	3.874190
1987.10	3.880410
1987.15	3.886521
1987.20	3.891529
1987.25	3.894097
1987.30	3.895321
1987.35	3.896875
1987.40	3.895783
1987.45	3.883643
1987.50	3.855180
1987.55	3.812823
1987.60	3.772782
1987.65	3.753912
1987.70	3.763378
1987.75	3.791368
1987.80	3.821122
1987.85	3.842606
1987.90	3.857254
1987.95	3.871571
1988.00	3.888865
1988.05	3.904946
1988.10	3.914191
1988.15	3.917592
1988.20	3.920442
1988.25	3.924836
1988.30	3.928237
1988.35	3.928551
1988.40	3.924786
1988.45	3.910657
1988.50	3.878345
1988.55	3.832587
1988.60	3.795099
1988.65	3.786497
1988.70	3.807111
1988.75	3.839081
1988.80	3.866200
1988.85	3.886374
1988.90	3.905114
1988.95	3.924074
1989.00	3.938294
1989.05	3.944465
1989.10	3.945455
1989.15	3.946003
1989.20	3.948756
1989.25	3.950738
1989.30	3.950625
1989.35	3.949740
1989.40	3.946429
1989.45	3.933748
1989.50	3.902103
1989.55	3.855905
1989.60	3.815661
1989.65	3.801877
1989.70	3.817199
1989.75	3.847405
1989.80	3.876618
1989.85	3.899217
1989.90	3.918118
1989.95	3.935145
1990.00	3.947211
1990.05	3.954296
1990.10	3.960065
1990.15	3.966303
1990.20	3.969678
1990.25	3.968315
1990.30	3.965178
1990.35	3.961768
1990.40	3.953188
1990.45	3.931022
1990.50	3.894315
1990.55	3.853388
1990.60	3.823724
1990.65	3.815860
1990.70	3.830243
1990.75	3.858126
1990.80	3.886591
1990.85	3.906941
1990.90	3.921642
1990.95	3.937300
1991.00	3.954553
1991.05	3.967521
1991.10	3.973454
1991.15	3.975164
1991.20	3.975988
1991.25	3.976736
1991.30	3.977298
1991.35	3.976858
1991.40	3.972409
1991.45	3.956122
1991.50	3.924766
1991.55	3.884426
1991.60	3.850324
1991.65	3.837142
1991.70	3.847601
1991.75	3.873741
1991.80	3.902534
1991.85	3.925342
1991.90	3.941423
1991.95	3.954505
1992.00	3.964816
1992.05	3.970724
1992.10	3.973597
1992.15	3.976009
1992.20	3.979905
1992.25	3.983210
1992.30	3.984235
1992.35	3.983330
1992.40	3.979114
1992.45	3.964902
1992.50	3.932514
1992.55	3.886183
1992.60	3.845519
1992.65	3.828584
1992.70	3.838918
1992.75	3.865144
1992.80	3.891696
1992.85	3.913633
1992.90	3.932682
1992.95	3.951016
1993.00	3.964686
1993.05	3.970979
1993.10	3.973811
1993.15	3.978338
1993.20	3.984119
1993.25	3.986843
1993.30	3.986777
1993.35	3.987220
1993.40	3.985070
1993.45	3.968625
1993.50	3.930955
1993.55	3.883619
1993.60	3.849133
1993.65	3.839741
1993.70	3.852576
1993.75	3.876915
1993.80	3.903668
1993.85	3.926999
1993.90	3.945257
1993.95	3.959350
1994.00	3.970812
1994.05	3.980501
1994.10	3.989513
1994.15	3.997365
1994.20	4.002650
1994.25	4.002588
1994.30	3.999564
1994.35	3.997700
1994.40	3.995623
1994.45	3.983684
1994.50	3.953622
1994.55	3.910553
1994.60	3.872834
1994.65	3.857999
1994.70	3.870816
1994.75	3.900662
1994.80	3.932102
1994.85	3.955599
1994.90	3.971158
1994.95	3.982848
1995.00	3.992952
1995.05	4.002855
1995.10	4.012434
1995.15	4.020277
1995.20	4.024576
1995.25	4.024566
1995.30	4.021291
1995.35	4.016437
1995.40	4.009786
1995.45	3.995694
1995.50	3.967889
1995.55	3.929308
1995.60	3.896667
1995.65	3.885833
1995.70	3.898487
1995.75	3.923997
1995.80	3.950722
1995.85	3.974060
1995.90	3.993140
1995.95	4.007799
1996.00	4.018448
1996.05	4.025078
1996.10	4.028423
1996.15	4.030639
1996.20	4.033859
1996.25	4.037711
1996.30	4.040550
1996.35	4.042226
1996.40	4.041792
1996.45	4.033848
1996.50	4.011007
1996.55	3.973198
1996.60	3.933058
1996.65	3.909882
1996.70	3.915405
1996.75	3.942813
1996.80	3.973824
1996.85	3.994523
1996.90	4.005529
1996.95	4.014118
1997.00	4.025467
1997.05	4.038139
1997.10	4.047647
1997.15	4.051773
1997.20	4.052230
1997.25	4.052225
1997.30	4.053315
1997.35	4.054671
1997.40	4.049594
1997.45	4.029193
1997.50	3.991365
1997.55	3.952160
1997.60	3.925478
1997.65	3.917283
1997.70	3.926515
1997.75	3.948759
1997.80	3.977192
1997.85	4.004197
1997.90	4.025185
1997.95	4.039394
1998.00	4.048349
1998.05	4.055325
1998.10	4.062996
1998.15	4.070247
1998.20	4.074395
1998.25	4.076107
1998.30	4.077557
1998.35	4.076434
1998.40	4.067554
1998.45	4.048784
1998.50	4.023413
1998.55	3.984427
1998.60	3.949699
1998.65	3.944836
1998.70	3.968889
1998.75	3.999786
1998.80	4.026139
1998.85	4.043283
1998.90	4.056900
1998.95	4.072155
1999.00	4.087033
1999.05	4.096875
1999.10	4.101999
1999.15	4.106105
1999.20	4.110402
1999.25	4.112769
1999.30	4.112216
1999.35	4.109860
1999.40	4.103706
1999.45	4.086020
1999.50	4.050714
1999.55	4.005382
1999.60	3.970360
1999.65	3.961527
1999.70	3.978798
1999.75	4.008246
1999.80	4.035713
1999.85	4.056593
1999.90	4.073855
1999.95	4.089364
2000.00	4.101649
2000.05	4.109998
2000.10	4.116275
2000.15	4.120880
2000.20	4.122322
2000.25	4.120920
2000.30	4.119672
2000.35	4.120273
2000.40	4.118360
2000.45	4.104718
2000.50	4.075495
2000.55	4.035276
2000.60	4.003636
2000.65	3.992681
2000.70	3.998720
2000.75	4.022735
2000.80	4.056310
2000.85	4.085840
2000.90	4.101202
2000.95	4.105617
2001.00	4.112066
2001.05	4.125390
2001.10	4.136627
2001.15	4.138087
2001.20	4.134903
2001.25	4.137219
2001.30	4.145321
2001.35	4.148461
2001.40	4.137263
2001.45	4.111222
2001.50	4.078398
2001.55	4.045762
2001.60	4.019291
2001.65	4.005158
2001.70	4.010134
2001.75	4.032913
2001.80	4.064015
2001.85	4.092994
2001.90	4.114287
2001.95	4.125948
2002.00	4.130599
2002.05	4.135556
2002.10	4.145480
2002.15	4.156542
2002.20	4.162338
2002.25	4.163632
2002.30	4.165599
2002.35	4.166740
2002.40	4.158955
2002.45	4.138736
2002.50	4.112569
2002.55	4.089107
2002.60	4.047287
2002.65	4.024799
2002.70	4.033152
2002.75	4.061618
2002.80	4.093948
2002.85	4.118758
2002.90	4.136547
2002.95	4.149042
2003.00	4.157606
2003.05	4.165394
2003.10	4.173843
2003.15	4.182064
2003.20	4.188320
2003.25	4.192201
2003.30	4.194063
2003.35	4.193263
2003.40	4.186441
2003.45	4.168185
2003.50	4.135280
2003.55	4.094868
2003.60	4.066434
2003.65	4.056730
2003.70	4.067043
2003.75	4.094258
2003.80	4.132114
2003.85	4.168441
2003.90	4.189977
2003.95	4.193124
2004.00	4.188311
2004.05	4.187005
2004.10	4.192971
2004.15	4.204005
2004.20	4.215319
2004.25	4.220429
2004.30	4.216603
2004.35	4.207681
2004.40	4.196330
2004.45	4.177858
2004.50	4.148715
2004.55	4.113354
2004.60	4.082029
2004.65	4.064249
2004.70	4.067973
2004.75	4.093858
2004.80	4.130375
2004.85	4.161812
2004.90	4.182873
2004.95	4.198874
2005.00	4.212642
2005.05	4.221174
2005.10	4.222990
2005.15	4.222067
2005.20	4.222942
2005.25	4.228066
2005.30	4.235855
2005.35	4.240065
2005.40	4.232381
2005.45	4.207537
2005.50	4.167935
2005.55	4.125659
2005.60	4.097326
2005.65	4.091522
2005.70	4.103939
2005.75	4.125412
2005.80	4.152113
2005.85	4.181488
2005.90	4.207032
2005.95	4.223401
2006.00	4.232481
2006.05	4.239309
2006.10	4.245015
2006.15	4.248870
2006.20	4.252869
2006.25	4.258542
2006.30	4.264038
2006.35	4.265191
2006.40	4.258226
2006.45	4.240029
2006.50	4.209228
2006.55	4.169969
2006.60	4.135049
2006.65	4.118645
2006.70	4.126859
2006.75	4.154161
2006.80	4.189916
2006.85	4.222929
2006.90	4.244891
2006.95	4.254499
2007.00	4.258444
2007.05	4.262669
2007.10	4.268020
2007.15	4.273800
2007.20	4.279362
2007.25	4.281693
2007.30	4.278588
2007.35	4.272260
2007.40	4.261848
2007.45	4.241542
2007.50	4.208382
2007.55	4.170395
2007.60	4.141680
2007.65	4.131473
2007.70	4.143242
2007.75	4.172334
2007.80	4.207321
2007.85	4.235039
2007.90	4.250469
2007.95	4.259528
2008.00	4.270511
2008.05	4.287863
2008.10	4.294297
2008.15	4.303878
2008.20	4.313095
2008.25	4.316413
2008.30	4.315570
2008.35	4.311285
2008.40	4.298411
2008.45	4.273811
2008.50	4.240323
2008.55	4.203850
2008.60	4.172878
2008.65	4.157778
2008.70	4.162958
2008.75	4.187097
2008.80	4.220274
2008.85	4.253230
2008.90	4.253230
2008.95	4.253230
2009.00	4.253230
