C14 of CO2 history for the northern hemisphere provided by Mauro Rubino and Cathy Trudinger, CSIRO
year    concentration (x 1E-12 ppm)
1900	359.68
1900.1	359.77
1900.2	359.89
1900.3	360.02
1900.4	360.17
1900.5	360.34
1900.6	360.54
1900.7	360.76
1900.8	360.99
1900.9	361.22
1901	361.45
1901.1	361.66
1901.2	361.86
1901.3	362.01
1901.4	362.13
1901.5	362.20
1901.6	362.22
1901.7	362.18
1901.8	362.11
1901.9	362.00
1902	361.86
1902.1	361.71
1902.2	361.55
1902.3	361.39
1902.4	361.25
1902.5	361.12
1902.6	361.03
1902.7	360.96
1902.8	360.92
1902.9	360.90
1903	360.90
1903.1	360.92
1903.2	360.96
1903.3	361.01
1903.4	361.06
1903.5	361.12
1903.6	361.18
1903.7	361.25
1903.8	361.30
1903.9	361.36
1904	361.41
1904.1	361.46
1904.2	361.49
1904.3	361.52
1904.4	361.55
1904.5	361.56
1904.6	361.57
1904.7	361.57
1904.8	361.57
1904.9	361.56
1905	361.56
1905.1	361.57
1905.2	361.59
1905.3	361.61
1905.4	361.65
1905.5	361.70
1905.6	361.77
1905.7	361.85
1905.8	361.94
1905.9	362.04
1906	362.14
1906.1	362.24
1906.2	362.33
1906.3	362.42
1906.4	362.50
1906.5	362.57
1906.6	362.63
1906.7	362.68
1906.8	362.71
1906.9	362.73
1907	362.74
1907.1	362.74
1907.2	362.72
1907.3	362.70
1907.4	362.67
1907.5	362.63
1907.6	362.57
1907.7	362.52
1907.8	362.46
1907.9	362.40
1908	362.35
1908.1	362.31
1908.2	362.28
1908.3	362.27
1908.4	362.29
1908.5	362.33
1908.6	362.40
1908.7	362.50
1908.8	362.61
1908.9	362.74
1909	362.88
1909.1	363.02
1909.2	363.15
1909.3	363.28
1909.4	363.40
1909.5	363.49
1909.6	363.56
1909.7	363.61
1909.8	363.63
1909.9	363.65
1910	363.65
1910.1	363.64
1910.2	363.62
1910.3	363.60
1910.4	363.58
1910.5	363.57
1910.6	363.55
1910.7	363.54
1910.8	363.54
1910.9	363.53
1911	363.53
1911.1	363.53
1911.2	363.53
1911.3	363.54
1911.4	363.54
1911.5	363.55
1911.6	363.57
1911.7	363.58
1911.8	363.60
1911.9	363.63
1912	363.66
1912.1	363.70
1912.2	363.75
1912.3	363.80
1912.4	363.86
1912.5	363.92
1912.6	363.99
1912.7	364.07
1912.8	364.15
1912.9	364.22
1913	364.30
1913.1	364.38
1913.2	364.46
1913.3	364.53
1913.4	364.60
1913.5	364.67
1913.6	364.74
1913.7	364.81
1913.8	364.87
1913.9	364.93
1914	365.00
1914.1	365.06
1914.2	365.13
1914.3	365.20
1914.4	365.27
1914.5	365.34
1914.6	365.42
1914.7	365.50
1914.8	365.57
1914.9	365.64
1915	365.69
1915.1	365.73
1915.2	365.74
1915.3	365.74
1915.4	365.71
1915.5	365.64
1915.6	365.55
1915.7	365.43
1915.8	365.30
1915.9	365.16
1916	365.01
1916.1	364.88
1916.2	364.76
1916.3	364.66
1916.4	364.58
1916.5	364.55
1916.6	364.55
1916.7	364.59
1916.8	364.66
1916.9	364.75
1917	364.85
1917.1	364.95
1917.2	365.06
1917.3	365.16
1917.4	365.24
1917.5	365.30
1917.6	365.34
1917.7	365.35
1917.8	365.34
1917.9	365.33
1918	365.30
1918.1	365.28
1918.2	365.25
1918.3	365.23
1918.4	365.22
1918.5	365.23
1918.6	365.26
1918.7	365.30
1918.8	365.35
1918.9	365.41
1919	365.46
1919.1	365.51
1919.2	365.55
1919.3	365.57
1919.4	365.57
1919.5	365.54
1919.6	365.48
1919.7	365.40
1919.8	365.31
1919.9	365.20
1920	365.09
1920.1	364.99
1920.2	364.91
1920.3	364.84
1920.4	364.80
1920.5	364.80
1920.6	364.83
1920.7	364.90
1920.8	365.01
1920.9	365.13
1921	365.27
1921.1	365.42
1921.2	365.58
1921.3	365.73
1921.4	365.88
1921.5	366.01
1921.6	366.12
1921.7	366.21
1921.8	366.28
1921.9	366.33
1922	366.37
1922.1	366.39
1922.2	366.40
1922.3	366.40
1922.4	366.39
1922.5	366.37
1922.6	366.35
1922.7	366.32
1922.8	366.29
1922.9	366.27
1923	366.25
1923.1	366.24
1923.2	366.24
1923.3	366.26
1923.4	366.30
1923.5	366.35
1923.6	366.43
1923.7	366.53
1923.8	366.64
1923.9	366.77
1924	366.91
1924.1	367.05
1924.2	367.20
1924.3	367.35
1924.4	367.49
1924.5	367.62
1924.6	367.74
1924.7	367.85
1924.8	367.95
1924.9	368.03
1925	368.09
1925.1	368.14
1925.2	368.17
1925.3	368.17
1925.4	368.16
1925.5	368.13
1925.6	368.08
1925.7	368.02
1925.8	367.94
1925.9	367.86
1926	367.77
1926.1	367.68
1926.2	367.60
1926.3	367.53
1926.4	367.47
1926.5	367.43
1926.6	367.41
1926.7	367.41
1926.8	367.43
1926.9	367.46
1927	367.51
1927.1	367.58
1927.2	367.65
1927.3	367.74
1927.4	367.83
1927.5	367.93
1927.6	368.03
1927.7	368.13
1927.8	368.23
1927.9	368.32
1928	368.40
1928.1	368.47
1928.2	368.52
1928.3	368.54
1928.4	368.54
1928.5	368.51
1928.6	368.45
1928.7	368.36
1928.8	368.26
1928.9	368.15
1929	368.05
1929.1	367.95
1929.2	367.87
1929.3	367.83
1929.4	367.82
1929.5	367.87
1929.6	367.97
1929.7	368.11
1929.8	368.30
1929.9	368.52
1930	368.76
1930.1	369.00
1930.2	369.24
1930.3	369.47
1930.4	369.68
1930.5	369.85
1930.6	369.98
1930.7	370.06
1930.8	370.11
1930.9	370.12
1931	370.11
1931.1	370.06
1931.2	369.99
1931.3	369.90
1931.4	369.80
1931.5	369.68
1931.6	369.55
1931.7	369.42
1931.8	369.28
1931.9	369.15
1932	369.03
1932.1	368.91
1932.2	368.82
1932.3	368.74
1932.4	368.68
1932.5	368.65
1932.6	368.66
1932.7	368.69
1932.8	368.75
1932.9	368.84
1933	368.96
1933.1	369.09
1933.2	369.25
1933.3	369.43
1933.4	369.62
1933.5	369.83
1933.6	370.05
1933.7	370.27
1933.8	370.50
1933.9	370.73
1934	370.95
1934.1	371.15
1934.2	371.34
1934.3	371.51
1934.4	371.65
1934.5	371.76
1934.6	371.84
1934.7	371.88
1934.8	371.91
1934.9	371.91
1935	371.90
1935.1	371.88
1935.2	371.86
1935.3	371.85
1935.4	371.84
1935.5	371.84
1935.6	371.85
1935.7	371.89
1935.8	371.92
1935.9	371.97
1936	372.01
1936.1	372.06
1936.2	372.09
1936.3	372.12
1936.4	372.13
1936.5	372.14
1936.6	372.12
1936.7	372.10
1936.8	372.06
1936.9	372.03
1937	371.99
1937.1	371.96
1937.2	371.94
1937.3	371.93
1937.4	371.94
1937.5	371.96
1937.6	372.00
1937.7	372.06
1937.8	372.12
1937.9	372.19
1938	372.25
1938.1	372.31
1938.2	372.35
1938.3	372.38
1938.4	372.40
1938.5	372.39
1938.6	372.36
1938.7	372.31
1938.8	372.25
1938.9	372.18
1939	372.10
1939.1	372.03
1939.2	371.96
1939.3	371.88
1939.4	371.80
1939.5	371.72
1939.6	371.64
1939.7	371.56
1939.8	371.47
1939.9	371.39
1940	371.30
1940.1	371.22
1940.2	371.15
1940.3	371.10
1940.4	371.06
1940.5	371.05
1940.6	371.08
1940.7	371.13
1940.8	371.21
1940.9	371.30
1941	371.42
1941.1	371.55
1941.2	371.68
1941.3	371.81
1941.4	371.93
1941.5	372.05
1941.6	372.14
1941.7	372.21
1941.8	372.26
1941.9	372.29
1942	372.30
1942.1	372.28
1942.2	372.24
1942.3	372.17
1942.4	372.07
1942.5	371.95
1942.6	371.80
1942.7	371.63
1942.8	371.45
1942.9	371.25
1943	371.06
1943.1	370.87
1943.2	370.69
1943.3	370.53
1943.4	370.40
1943.5	370.30
1943.6	370.24
1943.7	370.20
1943.8	370.20
1943.9	370.23
1944	370.27
1944.1	370.33
1944.2	370.40
1944.3	370.48
1944.4	370.56
1944.5	370.63
1944.6	370.69
1944.7	370.74
1944.8	370.79
1944.9	370.83
1945	370.86
1945.1	370.89
1945.2	370.92
1945.3	370.95
1945.4	370.98
1945.5	371.01
1945.6	371.05
1945.7	371.09
1945.8	371.14
1945.9	371.19
1946	371.24
1946.1	371.29
1946.2	371.34
1946.3	371.39
1946.4	371.43
1946.5	371.46
1946.6	371.48
1946.7	371.50
1946.8	371.51
1946.9	371.52
1947	371.52
1947.1	371.53
1947.2	371.53
1947.3	371.54
1947.4	371.56
1947.5	371.58
1947.6	371.62
1947.7	371.66
1947.8	371.71
1947.9	371.75
1948	371.80
1948.1	371.83
1948.2	371.85
1948.3	371.85
1948.4	371.83
1948.5	371.78
1948.6	371.70
1948.7	371.59
1948.8	371.46
1948.9	371.32
1949	371.16
1949.1	371.01
1949.2	370.86
1949.3	370.72
1949.4	370.59
1949.5	370.49
1949.6	370.42
1949.7	370.38
1949.8	370.37
1949.9	370.38
1950	370.42
1950.1	370.47
1950.2	370.55
1950.3	370.64
1950.4	370.74
1950.5	370.85
1950.6	370.97
1950.7	371.09
1950.8	371.21
1950.9	371.32
1951	371.43
1951.1	371.53
1951.2	371.61
1951.3	371.68
1951.4	371.72
1951.5	371.75
1951.6	371.75
1951.7	371.73
1951.8	371.70
1951.9	371.67
1952	371.64
1952.1	371.63
1952.2	371.63
1952.3	371.66
1952.4	371.73
1952.5	371.83
1952.6	371.98
1952.7	372.17
1952.8	372.38
1952.9	372.59
1953	372.79
1953.1	372.96
1953.2	373.10
1953.3	373.19
1953.4	373.20
1953.5	373.14
1953.6	372.98
1953.7	372.77
1953.8	372.55
1953.9	372.37
1954	372.27
1954.1	372.30
1954.2	372.50
1954.3	372.91
1954.4	373.59
1954.5	374.57
1954.6	375.88
1954.7	377.48
1954.8	379.29
1954.9	381.25
1955	383.29
1955.1	385.33
1955.2	387.31
1955.3	389.16
1955.4	390.81
1955.5	392.19
1955.6	393.25
1955.7	394.05
1955.8	394.66
1955.9	395.14
1956	395.57
1956.1	396.02
1956.2	396.57
1956.3	397.27
1956.4	398.21
1956.5	399.46
1956.6	401.08
1956.7	403.02
1956.8	405.24
1956.9	407.70
1957	410.34
1957.1	413.12
1957.2	415.98
1957.3	418.87
1957.4	421.75
1957.5	424.56
1957.6	427.26
1957.7	429.88
1957.8	432.43
1957.9	434.96
1958	437.47
1958.1	440.02
1958.2	442.62
1958.3	445.30
1958.4	448.09
1958.5	451.02
1958.6	454.11
1958.7	457.30
1958.8	460.51
1958.9	463.69
1959	466.75
1959.1	469.62
1959.2	472.24
1959.3	474.52
1959.4	476.40
1959.5	477.80
1959.6	478.68
1959.7	479.05
1959.8	478.99
1959.9	478.55
1960	477.79
1960.1	476.76
1960.2	475.53
1960.3	474.15
1960.4	472.69
1960.5	471.20
1960.6	469.76
1960.7	468.45
1960.8	467.39
1960.9	466.68
1961	466.41
1961.1	466.69
1961.2	467.63
1961.3	469.32
1961.4	471.87
1961.5	475.37
1961.6	479.88
1961.7	485.23
1961.8	491.21
1961.9	497.59
1962	504.15
1962.1	510.68
1962.2	516.96
1962.3	522.77
1962.4	527.89
1962.5	532.11
1962.6	535.35
1962.7	538.13
1962.8	541.12
1962.9	544.97
1963	550.37
1963.1	562.41
1963.2	576.03
1963.3	601.31
1963.4	660.15
1963.5	686.99
1963.6	771.00
1963.7	783.11
1963.8	764.81
1963.9	741.42
1964	729.81
1964.1	703.08
1964.2	710.53
1964.3	715.88
1964.4	736.75
1964.5	770.59
1964.6	782.09
1964.7	742.35
1964.8	719.69
1964.9	720.21
1965	694.30
1965.1	695.31
1965.2	693.00
1965.3	686.59
1965.4	697.35
1965.5	716.04
1965.6	713.12
1965.7	686.29
1965.8	696.67
1965.9	679.46
1966	672.01
1966.1	661.19
1966.2	658.77
1966.3	655.42
1966.4	664.32
1966.5	675.94
1966.6	675.10
1966.7	680.12
1966.8	671.43
1966.9	654.96
1967	650.52
1967.1	659.58
1967.2	647.07
1967.3	646.81
1967.4	648.36
1967.5	663.95
1967.6	652.66
1967.7	652.96
1967.8	646.95
1967.9	642.48
1968	631.80
1968.1	634.38
1968.2	630.28
1968.3	629.01
1968.4	633.71
1968.5	630.85
1968.6	643.29
1968.7	632.33
1968.8	636.44
1968.9	621.10
1969	622.35
1969.1	630.87
1969.2	627.56
1969.3	642.58
1969.4	621.72
1969.5	624.16
1969.6	629.23
1969.7	618.03
1969.8	631.79
1969.9	611.70
1970	610.88
1970.1	624.84
1970.2	610.07
1970.3	607.90
1970.4	622.67
1970.5	615.18
1970.6	627.85
1970.7	624.17
1970.8	617.82
1970.9	606.71
1971	602.00
1971.1	594.52
1971.2	588.33
1971.3	609.37
1971.4	618.94
1971.5	625.79
1971.6	618.27
1971.7	609.70
1971.8	616.07
1971.9	591.87
1972	601.60
1972.1	593.00
1972.2	595.94
1972.3	604.24
1972.4	594.60
1972.5	598.73
1972.6	596.03
1972.7	593.18
1972.8	586.02
1972.9	594.89
1973	585.90
1973.1	583.28
1973.2	589.14
1973.3	575.98
1973.4	588.69
1973.5	583.80
1973.6	593.05
1973.7	593.07
1973.8	580.87
1973.9	573.78
1974	569.02
1974.1	571.15
1974.2	573.41
1974.3	572.75
1974.4	572.51
1974.5	575.91
1974.6	580.00
1974.7	575.75
1974.8	576.20
1974.9	575.62
1975	567.30
1975.1	575.90
1975.2	543.48
1975.3	570.04
1975.4	567.06
1975.5	565.95
1975.6	566.77
1975.7	563.18
1975.8	565.75
1975.9	552.69
1976	552.65
1976.1	550.47
1976.2	547.86
1976.3	553.67
1976.4	547.00
1976.5	556.77
1976.6	554.82
1976.7	553.09
1976.8	544.64
1976.9	552.35
1977	556.69
1977.1	545.48
1977.2	545.63
1977.3	547.76
1977.4	549.30
1977.5	546.52
1977.6	554.61
1977.7	555.00
1977.8	543.34
1977.9	547.04
1978	545.70
1978.1	538.89
1978.2	547.20
1978.3	542.84
1978.4	548.22
1978.5	543.16
1978.6	550.05
1978.7	548.35
1978.8	537.05
1978.9	543.24
1979	539.08
1979.1	544.75
1979.2	541.15
1979.3	542.94
1979.4	548.20
1979.5	538.47
1979.6	526.41
1979.7	530.90
1979.8	529.21
1979.9	532.45
1980	518.62
1980.1	535.95
1980.2	540.74
1980.3	552.09
1980.4	540.76
1980.5	532.59
1980.6	519.83
1980.7	535.61
1980.8	532.89
1980.9	528.29
1981	527.41
1981.1	529.02
1981.2	531.04
1981.3	534.84
1981.4	540.10
1981.5	537.46
1981.6	528.20
1981.7	530.08
1981.8	535.00
1981.9	533.25
1982	526.35
1982.1	524.44
1982.2	517.51
1982.3	530.26
1982.4	524.15
1982.5	523.28
1982.6	506.81
1982.7	504.97
1982.8	512.74
1982.9	520.91
1983	521.60
1983.1	519.06
1983.2	519.72
1983.3	519.15
1983.4	518.88
1983.5	517.53
1983.6	508.45
1983.7	504.83
1983.8	512.86
1983.9	514.91
1984	526.56
1984.1	514.18
1984.2	533.00
1984.3	514.91
1984.4	519.14
1984.5	510.43
1984.6	506.82
1984.7	505.08
1984.8	513.66
1984.9	515.43
1985	512.43
1985.1	513.76
1985.2	507.79
1985.3	513.72
1985.4	517.54
1985.5	510.01
1985.6	499.95
1985.7	498.67
1985.8	502.07
1985.9	507.59
1986	509.00
1986.1	507.98
1986.2	503.69
1986.3	507.73
1986.4	522.19
1986.5	514.36
1986.6	496.73
1986.7	492.33
1986.8	505.52
1986.9	503.79
1987	504.10
1987.1	498.61
1987.2	501.32
1987.3	507.87
1987.4	511.23
1987.5	502.61
1987.6	496.96
1987.7	494.68
1987.8	501.19
1987.9	506.21
1988	491.67
1988.1	510.30
1988.2	508.84
1988.3	504.61
1988.4	501.06
1988.5	498.15
1988.6	494.50
1988.7	492.10
1988.8	504.58
1988.9	501.96
1989	510.58
1989.1	507.66
1989.2	509.53
1989.3	508.77
1989.4	504.63
1989.5	502.71
1989.6	490.63
1989.7	489.96
1989.8	496.10
1989.9	504.23
1990	500.14
1990.1	504.20
1990.2	503.65
1990.3	504.72
1990.4	501.03
1990.5	502.62
1990.6	489.45
1990.7	487.39
1990.8	495.80
1990.9	500.05
1991	502.50
1991.1	502.45
1991.2	494.48
1991.3	501.06
1991.4	497.25
1991.5	491.87
1991.6	487.79
1991.7	487.15
1991.8	493.21
1991.9	497.84
1992	495.00
1992.1	492.55
1992.2	502.47
1992.3	501.96
1992.4	500.43
1992.5	494.21
1992.6	483.15
1992.7	481.95
1992.8	486.60
1992.9	494.15
1993	491.35
1993.1	495.23
1993.2	499.16
1993.3	496.53
1993.4	500.38
1993.5	489.78
1993.6	471.32
1993.7	466.40
1993.8	469.70
1993.9	473.81
1994	477.59
1994.1	481.74
1994.2	486.02
1994.3	488.71
1994.4	491.19
1994.5	488.45
1994.6	480.06
1994.7	480.72
1994.8	488.80
1994.9	493.65
1995	495.83
1995.1	497.34
1995.2	497.74
1995.3	496.11
1995.4	493.45
1995.5	487.11
1995.6	477.41
1995.7	476.95
1995.8	483.00
1995.9	487.99
1996	490.96
1996.1	492.13
1996.2	492.75
1996.3	493.53
1996.4	493.65
1996.5	489.75
1996.6	479.98
1996.7	477.55
1996.8	484.56
1996.9	488.31
1997	490.51
1997.1	492.92
1997.2	493.16
1997.3	492.94
1997.4	492.14
1997.5	484.66
1997.6	476.14
1997.7	475.92
1997.8	481.85
1997.9	487.52
1998	490.16
1998.1	491.67
1998.2	492.80
1998.3	492.93
1998.4	491.48
1998.5	485.77
1998.6	476.52
1998.7	478.51
1998.8	485.35
1998.9	488.95
1999	492.38
1999.1	494.03
1999.2	494.81
1999.3	494.82
1999.4	493.53
1999.5	486.82
1999.6	476.77
1999.7	477.47
1999.8	484.21
1999.9	488.69
2000	491.86
2000.1	493.43
2000.2	493.93
2000.3	493.38
2000.4	492.94
2000.5	487.47
2000.6	478.49
2000.7	477.61
2000.8	484.32
2000.9	489.59
2001	490.70
2001.1	493.41
2001.2	493.03
2001.3	494.03
2001.4	492.86
2001.5	485.49
2001.6	478.11
2001.7	476.79
2001.8	483.13
2001.9	489.06
2002	490.89
2002.1	492.48
2002.2	494.33
2002.3	494.53
2002.4	493.55
2002.5	487.74
2002.6	479.68
2002.7	477.65
2002.8	484.71
2002.9	489.71
2003	492.06
2003.1	493.71
2003.2	495.18
2003.3	495.66
2003.4	494.51
2003.5	488.11
2003.6	479.59
2003.7	479.41
2003.8	486.94
2003.9	493.73
2004	493.44
2004.1	493.76
2004.2	496.22
2004.3	496.26
2004.4	493.69
2004.5	487.80
2004.6	479.64
2004.7	477.79
2004.8	485.05
2004.9	491.26
2005	494.72
2005.1	495.82
2005.2	495.65
2005.3	497.02
2005.4	496.48
2005.5	488.67
2005.6	480.00
2005.7	480.54
2005.8	486.11
2005.9	492.48
2006	495.32
2006.1	496.58
2006.2	497.34
2006.3	498.46
2006.4	497.62
2006.5	491.59
2006.6	482.59
2006.7	481.40
2006.8	488.67
2006.9	495.10
2007	496.64
2007.1	497.65
2007.2	498.83
2007.3	498.64
2007.4	496.55
2007.5	490.01
2007.6	481.89
2007.7	481.89
2007.8	489.31
2007.9	494.38
2008	496.62
2008.1	499.27
2008.2	501.30
2008.3	501.47
2008.4	499.30
2008.5	492.33
2008.6	484.25
2008.7	482.83
2008.8	489.28
