C14 of CO2 history for the northern hemisphere provided by Mauro Rubino, CSIRO / CIC
year    c 14C   u 14c
1900.0	359.678	1.448
1900.1	359.774	1.449
1900.2	359.887	1.449
1900.3	360.017	1.449
1900.4	360.168	1.450
1900.5	360.344	1.450
1900.6	360.544	1.451
1900.7	360.763	1.451
1900.8	360.993	1.452
1900.9	361.225	1.452
1901.0	361.452	1.453
1901.1	361.665	1.453
1901.2	361.855	1.454
1901.3	362.015	1.454
1901.4	362.134	1.455
1901.5	362.204	1.455
1901.6	362.218	1.455
1901.7	362.183	1.455
1901.8	362.106	1.455
1901.9	361.996	1.455
1902.0	361.861	1.455
1902.1	361.709	1.454
1902.2	361.549	1.454
1902.3	361.392	1.454
1902.4	361.247	1.454
1902.5	361.123	1.453
1902.6	361.027	1.453
1902.7	360.960	1.453
1902.8	360.918	1.453
1902.9	360.900	1.453
1903.0	360.903	1.453
1903.1	360.924	1.453
1903.2	360.960	1.454
1903.3	361.008	1.454
1903.4	361.064	1.454
1903.5	361.124	1.454
1903.6	361.185	1.454
1903.7	361.246	1.455
1903.8	361.304	1.455
1903.9	361.360	1.455
1904.0	361.411	1.455
1904.1	361.455	1.456
1904.2	361.493	1.456
1904.3	361.524	1.456
1904.4	361.547	1.456
1904.5	361.561	1.456
1904.6	361.568	1.456
1904.7	361.568	1.456
1904.8	361.565	1.456
1904.9	361.563	1.457
1905.0	361.564	1.457
1905.1	361.571	1.457
1905.2	361.586	1.457
1905.3	361.612	1.457
1905.4	361.649	1.457
1905.5	361.702	1.458
1905.6	361.770	1.458
1905.7	361.851	1.458
1905.8	361.942	1.458
1905.9	362.038	1.459
1906.0	362.138	1.459
1906.1	362.237	1.459
1906.2	362.333	1.460
1906.3	362.422	1.460
1906.4	362.504	1.460
1906.5	362.574	1.460
1906.6	362.632	1.461
1906.7	362.676	1.461
1906.8	362.708	1.461
1906.9	362.728	1.461
1907.0	362.737	1.461
1907.1	362.736	1.461
1907.2	362.724	1.461
1907.3	362.701	1.461
1907.4	362.669	1.461
1907.5	362.626	1.461
1907.6	362.574	1.461
1907.7	362.517	1.461
1907.8	362.457	1.461
1907.9	362.400	1.461
1908.0	362.349	1.461
1908.1	362.308	1.461
1908.2	362.281	1.461
1908.3	362.273	1.462
1908.4	362.288	1.462
1908.5	362.329	1.462
1908.6	362.400	1.462
1908.7	362.496	1.462
1908.8	362.611	1.463
1908.9	362.740	1.463
1909.0	362.877	1.463
1909.1	363.017	1.464
1909.2	363.153	1.464
1909.3	363.281	1.465
1909.4	363.395	1.465
1909.5	363.489	1.465
1909.6	363.559	1.465
1909.7	363.606	1.466
1909.8	363.635	1.466
1909.9	363.648	1.466
1910.0	363.648	1.466
1910.1	363.639	1.466
1910.2	363.623	1.466
1910.3	363.604	1.466
1910.4	363.584	1.466
1910.5	363.566	1.466
1910.6	363.552	1.466
1910.7	363.543	1.466
1910.8	363.537	1.466
1910.9	363.533	1.467
1911.0	363.532	1.467
1911.1	363.532	1.467
1911.2	363.534	1.467
1911.3	363.538	1.467
1911.4	363.545	1.467
1911.5	363.553	1.467
1911.6	363.566	1.467
1911.7	363.581	1.467
1911.8	363.602	1.467
1911.9	363.628	1.467
1912.0	363.660	1.468
1912.1	363.699	1.468
1912.2	363.746	1.468
1912.3	363.799	1.468
1912.4	363.858	1.468
1912.5	363.923	1.469
1912.6	363.993	1.469
1912.7	364.068	1.469
1912.8	364.146	1.469
1912.9	364.225	1.470
1913.0	364.304	1.470
1913.1	364.382	1.470
1913.2	364.458	1.470
1913.3	364.533	1.471
1913.4	364.605	1.471
1913.5	364.674	1.471
1913.6	364.741	1.471
1913.7	364.805	1.471
1913.8	364.868	1.472
1913.9	364.931	1.472
1914.0	364.995	1.472
1914.1	365.060	1.472
1914.2	365.127	1.472
1914.3	365.197	1.473
1914.4	365.269	1.473
1914.5	365.344	1.473
1914.6	365.422	1.473
1914.7	365.499	1.474
1914.8	365.572	1.474
1914.9	365.637	1.474
1915.0	365.689	1.474
1915.1	365.726	1.474
1915.2	365.743	1.474
1915.3	365.737	1.474
1915.4	365.705	1.474
1915.5	365.644	1.474
1915.6	365.552	1.474
1915.7	365.435	1.474
1915.8	365.301	1.474
1915.9	365.158	1.474
1916.0	365.014	1.474
1916.1	364.878	1.473
1916.2	364.756	1.473
1916.3	364.655	1.473
1916.4	364.583	1.473
1916.5	364.547	1.473
1916.6	364.551	1.473
1916.7	364.591	1.473
1916.8	364.659	1.474
1916.9	364.747	1.474
1917.0	364.848	1.474
1917.1	364.954	1.474
1917.2	365.059	1.475
1917.3	365.156	1.475
1917.4	365.239	1.475
1917.5	365.301	1.475
1917.6	365.336	1.476
1917.7	365.349	1.476
1917.8	365.345	1.476
1917.9	365.328	1.476
1918.0	365.303	1.476
1918.1	365.276	1.476
1918.2	365.250	1.476
1918.3	365.232	1.476
1918.4	365.224	1.476
1918.5	365.233	1.476
1918.6	365.260	1.476
1918.7	365.302	1.476
1918.8	365.354	1.476
1918.9	365.409	1.477
1919.0	365.464	1.477
1919.1	365.512	1.477
1919.2	365.549	1.477
1919.3	365.569	1.477
1919.4	365.568	1.477
1919.5	365.541	1.477
1919.6	365.484	1.477
1919.7	365.403	1.477
1919.8	365.306	1.477
1919.9	365.201	1.477
1920.0	365.094	1.477
1920.1	364.994	1.477
1920.2	364.907	1.477
1920.3	364.840	1.477
1920.4	364.802	1.477
1920.5	364.798	1.477
1920.6	364.833	1.477
1920.7	364.905	1.477
1920.8	365.005	1.477
1920.9	365.129	1.478
1921.0	365.270	1.478
1921.1	365.421	1.479
1921.2	365.576	1.479
1921.3	365.730	1.479
1921.4	365.875	1.480
1921.5	366.005	1.480
1921.6	366.116	1.480
1921.7	366.207	1.481
1921.8	366.279	1.481
1921.9	366.333	1.481
1922.0	366.372	1.481
1922.1	366.395	1.481
1922.2	366.404	1.482
1922.3	366.403	1.482
1922.4	366.391	1.482
1922.5	366.372	1.482
1922.6	366.346	1.482
1922.7	366.318	1.482
1922.8	366.290	1.482
1922.9	366.266	1.482
1923.0	366.247	1.482
1923.1	366.239	1.482
1923.2	366.242	1.482
1923.3	366.260	1.482
1923.4	366.296	1.482
1923.5	366.352	1.483
1923.6	366.431	1.483
1923.7	366.529	1.483
1923.8	366.643	1.483
1923.9	366.771	1.484
1924.0	366.909	1.484
1924.1	367.053	1.485
1924.2	367.200	1.485
1924.3	367.347	1.485
1924.4	367.489	1.486
1924.5	367.622	1.486
1924.6	367.745	1.487
1924.7	367.854	1.487
1924.8	367.949	1.487
1924.9	368.029	1.488
1925.0	368.092	1.488
1925.1	368.138	1.488
1925.2	368.166	1.488
1925.3	368.175	1.488
1925.4	368.164	1.488
1925.5	368.134	1.488
1925.6	368.085	1.488
1925.7	368.020	1.488
1925.8	367.943	1.488
1925.9	367.858	1.488
1926.0	367.771	1.488
1926.1	367.684	1.488
1926.2	367.603	1.488
1926.3	367.530	1.488
1926.4	367.472	1.488
1926.5	367.430	1.488
1926.6	367.410	1.488
1926.7	367.410	1.488
1926.8	367.428	1.488
1926.9	367.463	1.488
1927.0	367.513	1.489
1927.1	367.577	1.489
1927.2	367.652	1.489
1927.3	367.737	1.489
1927.4	367.830	1.490
1927.5	367.929	1.490
1927.6	368.031	1.490
1927.7	368.133	1.491
1927.8	368.232	1.491
1927.9	368.323	1.491
1928.0	368.404	1.492
1928.1	368.470	1.492
1928.2	368.518	1.492
1928.3	368.543	1.492
1928.4	368.543	1.492
1928.5	368.513	1.492
1928.6	368.451	1.492
1928.7	368.364	1.492
1928.8	368.262	1.492
1928.9	368.153	1.492
1929.0	368.046	1.492
1929.1	367.949	1.492
1929.2	367.873	1.492
1929.3	367.828	1.492
1929.4	367.822	1.492
1929.5	367.866	1.492
1929.6	367.966	1.493
1929.7	368.115	1.493
1929.8	368.303	1.493
1929.9	368.520	1.494
1930.0	368.755	1.495
1930.1	369.000	1.495
1930.2	369.242	1.496
1930.3	369.472	1.496
1930.4	369.678	1.497
1930.5	369.849	1.497
1930.6	369.977	1.498
1930.7	370.063	1.498
1930.8	370.111	1.498
1930.9	370.124	1.498
1931.0	370.106	1.498
1931.1	370.060	1.498
1931.2	369.991	1.498
1931.3	369.901	1.498
1931.4	369.796	1.498
1931.5	369.677	1.498
1931.6	369.550	1.498
1931.7	369.417	1.498
1931.8	369.283	1.498
1931.9	369.153	1.498
1932.0	369.028	1.497
1932.1	368.915	1.497
1932.2	368.816	1.497
1932.3	368.736	1.497
1932.4	368.680	1.497
1932.5	368.653	1.497
1932.6	368.656	1.497
1932.7	368.690	1.497
1932.8	368.752	1.498
1932.9	368.841	1.498
1933.0	368.955	1.498
1933.1	369.092	1.499
1933.2	369.250	1.499
1933.3	369.427	1.500
1933.4	369.620	1.500
1933.5	369.828	1.501
1933.6	370.047	1.501
1933.7	370.273	1.502
1933.8	370.502	1.502
1933.9	370.728	1.503
1934.0	370.946	1.503
1934.1	371.152	1.504
1934.2	371.341	1.504
1934.3	371.509	1.505
1934.4	371.650	1.505
1934.5	371.760	1.505
1934.6	371.837	1.506
1934.7	371.883	1.506
1934.8	371.906	1.506
1934.9	371.909	1.506
1935.0	371.899	1.506
1935.1	371.882	1.506
1935.2	371.863	1.506
1935.3	371.845	1.506
1935.4	371.835	1.506
1935.5	371.837	1.507
1935.6	371.855	1.507
1935.7	371.885	1.507
1935.8	371.924	1.507
1935.9	371.968	1.507
1936.0	372.013	1.507
1936.1	372.055	1.508
1936.2	372.091	1.508
1936.3	372.119	1.508
1936.4	372.135	1.508
1936.5	372.136	1.508
1936.6	372.123	1.508
1936.7	372.097	1.508
1936.8	372.063	1.508
1936.9	372.026	1.508
1937.0	371.991	1.508
1937.1	371.961	1.508
1937.2	371.940	1.508
1937.3	371.930	1.508
1937.4	371.936	1.508
1937.5	371.959	1.508
1937.6	372.001	1.508
1937.7	372.057	1.508
1937.8	372.123	1.509
1937.9	372.190	1.509
1938.0	372.255	1.509
1938.1	372.311	1.509
1938.2	372.355	1.509
1938.3	372.384	1.509
1938.4	372.396	1.509
1938.5	372.388	1.509
1938.6	372.358	1.509
1938.7	372.310	1.509
1938.8	372.249	1.509
1938.9	372.179	1.509
1939.0	372.105	1.509
1939.1	372.030	1.509
1939.2	371.955	1.509
1939.3	371.880	1.509
1939.4	371.803	1.509
1939.5	371.723	1.509
1939.6	371.641	1.509
1939.7	371.557	1.509
1939.8	371.472	1.509
1939.9	371.387	1.509
1940.0	371.304	1.509
1940.1	371.224	1.509
1940.2	371.153	1.509
1940.3	371.097	1.509
1940.4	371.061	1.509
1940.5	371.053	1.509
1940.6	371.077	1.509
1940.7	371.129	1.509
1940.8	371.207	1.509
1940.9	371.305	1.509
1941.0	371.419	1.509
1941.1	371.546	1.509
1941.2	371.678	1.510
1941.3	371.809	1.510
1941.4	371.934	1.510
1941.5	372.045	1.510
1941.6	372.139	1.511
1941.7	372.211	1.511
1941.8	372.262	1.511
1941.9	372.291	1.511
1942.0	372.297	1.511
1942.1	372.279	1.511
1942.2	372.235	1.511
1942.3	372.166	1.511
1942.4	372.071	1.510
1942.5	371.949	1.510
1942.6	371.800	1.510
1942.7	371.630	1.509
1942.8	371.446	1.509
1942.9	371.254	1.509
1943.0	371.060	1.508
1943.1	370.871	1.508
1943.2	370.694	1.507
1943.3	370.535	1.507
1943.4	370.401	1.507
1943.5	370.300	1.507
1943.6	370.235	1.506
1943.7	370.205	1.506
1943.8	370.204	1.506
1943.9	370.228	1.506
1944.0	370.273	1.506
1944.1	370.333	1.507
1944.2	370.404	1.507
1944.3	370.481	1.507
1944.4	370.557	1.507
1944.5	370.629	1.507
1944.6	370.691	1.507
1944.7	370.744	1.507
1944.8	370.790	1.508
1944.9	370.829	1.508
1945.0	370.863	1.508
1945.1	370.893	1.508
1945.2	370.921	1.508
1945.3	370.949	1.508
1945.4	370.979	1.508
1945.5	371.012	1.508
1945.6	371.051	1.508
1945.7	371.094	1.508
1945.8	371.141	1.508
1945.9	371.190	1.508
1946.0	371.241	1.509
1946.1	371.291	1.509
1946.2	371.340	1.509
1946.3	371.385	1.509
1946.4	371.425	1.509
1946.5	371.458	1.509
1946.6	371.482	1.509
1946.7	371.499	1.509
1946.8	371.510	1.509
1946.9	371.517	1.509
1947.0	371.521	1.510
1947.1	371.525	1.510
1947.2	371.531	1.510
1947.3	371.541	1.510
1947.4	371.557	1.510
1947.5	371.583	1.510
1947.6	371.619	1.510
1947.7	371.662	1.510
1947.8	371.708	1.510
1947.9	371.754	1.510
1948.0	371.795	1.510
1948.1	371.828	1.511
1948.2	371.847	1.511
1948.3	371.848	1.511
1948.4	371.826	1.511
1948.5	371.776	1.511
1948.6	371.696	1.511
1948.7	371.588	1.510
1948.8	371.460	1.510
1948.9	371.317	1.510
1949.0	371.164	1.510
1949.1	371.009	1.510
1949.2	370.857	1.509
1949.3	370.715	1.509
1949.4	370.591	1.509
1949.5	370.492	1.509
1949.6	370.422	1.509
1949.7	370.381	1.509
1949.8	370.368	1.509
1949.9	370.380	1.509
1950.0	370.416	1.509
1950.1	370.473	1.509
1950.2	370.548	1.509
1950.3	370.638	1.510
1950.4	370.741	1.510
1950.5	370.853	1.510
1950.6	370.970	1.511
1950.7	371.090	1.511
1950.8	371.210	1.511
1950.9	371.324	1.512
1951.0	371.432	1.512
1951.1	371.528	1.512
1951.2	371.610	1.513
1951.3	371.676	1.513
1951.4	371.722	1.513
1951.5	371.746	1.513
1951.6	371.746	1.513
1951.7	371.729	1.513
1951.8	371.701	1.513
1951.9	371.670	1.513
1952.0	371.643	1.514
1952.1	371.628	1.514
1952.2	371.632	1.514
1952.3	371.662	1.514
1952.4	371.727	1.514
1952.5	371.833	1.514
1952.6	371.984	1.515
1952.7	372.170	1.515
1952.8	372.375	1.516
1952.9	372.586	1.516
1953.0	372.787	1.517
1953.1	372.964	1.517
1953.2	373.102	1.518
1953.3	373.187	1.518
1953.4	373.203	1.518
1953.5	373.136	1.518
1953.6	372.980	1.518
1953.7	372.771	1.518
1953.8	372.553	1.518
1953.9	372.372	1.517
1954.0	372.273	1.517
1954.1	372.299	1.517
1954.2	372.498	1.518
1954.3	372.912	1.519
1954.4	373.588	1.520
1954.5	374.570	1.523
1954.6	375.884	1.525
1954.7	377.482	1.529
1954.8	379.294	1.533
1954.9	381.251	1.537
1955.0	383.285	1.541
1955.1	385.326	1.545
1955.2	387.306	1.549
1955.3	389.155	1.553
1955.4	390.805	1.557
1955.5	392.187	2.714
1955.6	393.254	2.717
1955.7	394.055	2.719
1955.8	394.661	2.720
1955.9	395.143	2.722
1956.0	395.573	2.723
1956.1	396.023	2.724
1956.2	396.565	2.726
1956.3	397.271	2.727
1956.4	398.214	2.730
1956.5	399.465	2.733
1956.6	401.076	2.736
1956.7	403.019	2.740
1956.8	405.245	2.745
1956.9	407.703	8.538
1957.0	410.345	8.545
1957.1	413.120	8.553
1957.2	415.979	8.560
1957.3	418.871	8.568
1957.4	421.747	8.575
1957.5	424.556	8.583
1957.6	427.261	8.590
1957.7	429.877	8.597
1957.8	432.432	8.604
1957.9	434.955	8.611
1958.0	437.474	8.618
1958.1	440.018	8.625
1958.2	442.616	8.632
1958.3	445.297	8.640
1958.4	448.089	8.647
1958.5	451.023	8.655
1958.6	454.111	8.663
1958.7	457.299	8.672
1958.8	460.515	8.680
1958.9	463.688	8.689
1959.0	466.748	8.697
1959.1	469.622	8.705
1959.2	472.238	8.713
1959.3	474.522	8.720
1959.4	476.402	8.726
1959.5	477.804	8.731
1959.6	478.675	8.735
1959.7	479.052	8.738
1959.8	478.992	8.740
1959.9	478.551	8.741
1960.0	477.788	8.742
1960.1	476.760	8.742
1960.2	475.528	8.741
1960.3	474.150	8.740
1960.4	472.688	8.739
1960.5	471.202	8.737
1960.6	469.759	8.736
1960.7	468.454	8.735
1960.8	467.392	8.735
1960.9	466.675	8.735
1961.0	466.407	8.736
1961.1	466.691	8.739
1961.2	467.628	8.743
1961.3	469.320	8.748
1961.4	471.867	8.755
1961.5	475.371	8.764
1961.6	479.881	8.776
1961.7	485.232	8.788
1961.8	491.207	8.803
1961.9	497.586	8.817
1962.0	504.150	8.832
1962.1	510.679	8.847
1962.2	516.957	8.861
1962.3	522.766	8.875
1962.4	527.889	8.886
1962.5	532.107	8.896
1962.6	535.349	8.904
1962.7	538.131	8.911
1962.8	541.117	8.918
1962.9	544.975	8.927
1963.0	550.375	8.939
1963.1	562.414	8.964
1963.2	576.026	8.993
1963.3	601.314	9.045
1963.4	660.152	9.165
1963.5	686.992	9.220
1963.6	770.996	9.391
1963.7	783.107	9.416
1963.8	764.807	9.381
1963.9	741.421	9.335
1964.0	729.809	9.312
1964.1	703.082	9.260
1964.2	710.534	9.276
1964.3	715.876	9.287
1964.4	736.749	9.330
1964.5	770.593	9.400
1964.6	782.086	9.424
1964.7	742.346	9.346
1964.8	719.688	9.302
1964.9	720.205	9.305
1965.0	694.301	9.254
1965.1	695.305	9.259
1965.2	693.003	9.257
1965.3	686.592	9.247
1965.4	697.353	9.272
1965.5	716.038	9.313
1965.6	713.119	9.310
1965.7	686.294	9.259
1965.8	696.671	9.283
1965.9	679.460	9.252
1966.0	672.010	9.240
1966.1	661.194	9.220
1966.2	658.768	9.218
1966.3	655.420	9.213
1966.4	664.319	9.233
1966.5	675.937	9.258
1966.6	675.098	9.258
1966.7	680.121	9.270
1966.8	671.431	9.254
1966.9	654.957	9.222
1967.0	650.520	9.215
1967.1	659.581	9.235
1967.2	647.066	9.212
1967.3	646.812	9.213
1967.4	648.361	9.219
1967.5	663.945	9.252
1967.6	652.659	9.232
1967.7	652.960	9.235
1967.8	646.950	9.226
1967.9	642.482	9.219
1968.0	631.802	9.201
1968.1	634.383	9.210
1968.2	630.281	9.205
1968.3	629.011	9.206
1968.4	633.707	9.219
1968.5	630.853	9.217
1968.6	643.290	9.246
1968.7	632.329	9.227
1968.8	636.443	9.239
1968.9	621.095	9.212
1969.0	622.351	9.218
1969.1	630.872	9.238
1969.2	627.558	9.235
1969.3	642.584	9.268
1969.4	621.721	9.229
1969.5	624.159	9.236
1969.6	629.234	9.249
1969.7	618.033	9.228
1969.8	631.791	9.258
1969.9	611.698	9.220
1970.0	610.882	9.220
1970.1	624.845	9.250
1970.2	610.066	9.222
1970.3	607.898	9.219
1970.4	622.665	9.250
1970.5	615.182	9.237
1970.6	627.854	9.264
1970.7	624.166	9.258
1970.8	617.819	9.247
1970.9	606.714	9.226
1971.0	601.998	9.218
1971.1	594.524	9.205
1971.2	588.335	9.194
1971.3	609.371	9.239
1971.4	618.944	9.261
1971.5	625.791	9.277
1971.6	618.267	9.265
1971.7	609.696	9.251
1971.8	616.071	9.267
1971.9	591.868	9.222
1972.0	601.601	9.246
1972.1	592.995	9.234
1972.2	595.943	9.245
1972.3	604.238	9.267
1972.4	594.595	9.253
1972.5	598.734	9.267
1972.6	596.034	9.267
1972.7	593.176	9.266
1972.8	586.016	9.257
1972.9	594.888	9.279
1973.0	585.900	9.265
1973.1	583.282	9.263
1973.2	589.137	9.277
1973.3	575.975	9.253
1973.4	588.695	9.280
1973.5	583.798	9.272
1973.6	593.046	9.291
1973.7	593.072	9.292
1973.8	580.870	9.269
1973.9	573.778	9.256
1974.0	569.019	9.247
1974.1	571.148	9.253
1974.2	573.409	9.259
1974.3	572.752	9.260
1974.4	572.515	9.261
1974.5	575.911	9.270
1974.6	580.002	9.281
1974.7	575.751	9.274
1974.8	576.196	9.278
1974.9	575.615	9.279
1975.0	567.300	9.264
1975.1	575.904	9.284
1975.2	543.480	9.221
1975.3	570.041	9.277
1975.4	567.059	9.273
1975.5	565.954	9.273
1975.6	566.773	9.277
1975.7	563.184	9.273
1975.8	565.745	9.280
1975.9	552.693	5.185
1976.0	552.647	5.187
1976.1	550.466	5.184
1976.2	547.855	5.180
1976.3	553.668	5.194
1976.4	547.001	5.182
1976.5	556.772	5.204
1976.6	554.825	5.202
1976.7	553.088	5.201
1976.8	544.643	5.186
1976.9	552.350	5.204
1977.0	556.688	5.215
1977.1	545.479	5.196
1977.2	545.634	5.199
1977.3	547.756	5.206
1977.4	549.301	5.212
1977.5	546.519	5.209
1977.6	554.614	5.227
1977.7	555.002	5.230
1977.8	543.339	5.208
1977.9	547.039	5.216
1978.0	545.698	5.213
1978.1	538.893	5.199
1978.2	547.201	5.214
1978.3	542.841	5.204
1978.4	548.224	5.214
1978.5	543.156	5.204
1978.6	550.046	5.219
1978.7	548.345	5.218
1978.8	537.046	5.200
1978.9	543.244	5.220
1979.0	539.079	5.222
1979.1	544.746	5.248
1979.2	541.154	5.255
1979.3	542.938	5.262
1979.4	548.200	5.285
1979.5	538.471	5.215
1979.6	526.412	5.089
1979.7	530.896	5.100
1979.8	529.207	5.151
1979.9	532.446	5.190
1980.0	518.619	5.190
1980.1	535.949	5.248
1980.2	540.744	5.275
1980.3	552.093	5.301
1980.4	540.759	5.287
1980.5	532.589	5.231
1980.6	519.833	5.124
1980.7	535.613	5.144
1980.8	532.892	5.191
1980.9	528.291	5.218
1981.0	527.412	5.245
1981.1	529.024	5.269
1981.2	531.040	5.276
1981.3	534.838	5.288
1981.4	540.096	5.308
1981.5	537.465	5.252
1981.6	528.196	5.141
1981.7	530.075	5.154
1981.8	534.995	5.218
1981.9	533.253	5.248
1982.0	526.350	5.259
1982.1	524.436	5.277
1982.2	517.514	5.270
1982.3	530.257	5.294
1982.4	524.147	5.283
1982.5	523.276	5.241
1982.6	506.812	5.114
1982.7	504.972	5.093
1982.8	512.736	5.164
1982.9	520.915	5.222
1983.0	521.595	5.259
1983.1	519.056	5.266
1983.2	519.721	5.277
1983.3	519.153	5.281
1983.4	518.883	5.278
1983.5	517.529	5.235
1983.6	508.446	5.125
1983.7	504.835	5.117
1983.8	512.863	5.202
1983.9	514.906	5.241
1984.0	526.560	5.290
1984.1	514.175	5.291
1984.2	533.001	5.332
1984.3	514.908	5.296
1984.4	519.139	5.302
1984.5	510.434	5.238
1984.6	506.825	5.151
1984.7	505.082	5.152
1984.8	513.656	5.218
1984.9	515.433	5.250
1985.0	512.435	5.274
1985.1	513.761	5.289
1985.2	507.795	5.293
1985.3	513.724	5.318
1985.4	517.544	5.328
1985.5	510.007	5.261
1985.6	499.953	5.152
1985.7	498.671	5.140
1985.8	502.067	5.205
1985.9	507.592	5.252
1986.0	509.004	5.286
1986.1	507.980	5.307
1986.2	503.690	5.313
1986.3	507.726	5.325
1986.4	522.186	5.348
1986.5	514.363	5.282
1986.6	496.726	5.160
1986.7	492.330	5.150
1986.8	505.521	5.235
1986.9	503.786	5.271
1987.0	504.097	5.298
1987.1	498.607	5.303
1987.2	501.323	5.320
1987.3	507.869	5.338
1987.4	511.233	5.345
1987.5	502.610	5.283
1987.6	496.958	5.181
1987.7	494.682	5.165
1987.8	501.191	5.241
1987.9	506.205	5.292
1988.0	491.673	5.298
1988.1	510.299	5.363
1988.2	508.837	5.367
1988.3	504.612	5.368
1988.4	501.063	5.357
1988.5	498.150	5.300
1988.6	494.499	5.200
1988.7	492.100	5.208
1988.8	504.577	5.298
1988.9	501.957	5.336
1989.0	510.575	5.391
1989.1	507.657	5.393
1989.2	509.530	5.400
1989.3	508.766	5.401
1989.4	504.627	5.388
1989.5	502.714	5.336
1989.6	490.631	5.216
1989.7	489.958	5.215
1989.8	496.097	5.293
1989.9	504.235	5.355
1990.0	500.143	5.379
1990.1	504.200	5.402
1990.2	503.648	5.412
1990.3	504.725	5.409
1990.4	501.034	5.388
1990.5	502.621	5.326
1990.6	489.453	5.220
1990.7	487.393	5.223
1990.8	495.800	5.303
1990.9	500.045	5.352
1991.0	502.504	5.393
1991.1	502.455	5.415
1991.2	494.485	5.401
1991.3	501.064	5.416
1991.4	497.249	5.403
1991.5	491.873	5.338
1991.6	487.794	5.246
1991.7	487.149	5.241
1991.8	493.207	5.315
1991.9	497.837	5.370
1992.0	495.005	5.390
1992.1	492.546	5.395
1992.2	502.467	5.422
1992.3	501.962	5.426
1992.4	500.435	5.417
1992.5	494.211	5.351
1992.6	483.152	5.231
1992.7	481.946	5.221
1992.8	486.604	5.290
1992.9	494.148	5.352
1993.0	491.348	5.382
1993.1	495.227	5.400
1993.2	499.164	5.420
1993.3	496.532	5.418
1993.4	500.384	5.423
1993.5	489.777	5.341
1993.6	471.325	5.211
1993.7	466.397	5.205
1993.8	469.703	5.269
1993.9	473.814	5.324
1994.0	477.588	5.361
1994.1	481.735	5.390
1994.2	486.020	5.414
1994.3	488.708	5.416
1994.4	491.187	5.416
1994.5	488.454	5.363
1994.6	480.057	5.255
1994.7	480.721	5.254
1994.8	488.802	5.339
1994.9	493.646	5.393
1995.0	495.826	5.422
1995.1	497.338	5.447
1995.2	497.736	5.462
1995.3	496.115	5.455
1995.4	493.447	5.436
1995.5	487.110	5.376
1995.6	477.412	5.276
1995.7	476.954	5.277
1995.8	483.002	5.348
1995.9	487.985	5.406
1996.0	490.957	5.441
1996.1	492.129	5.455
1996.2	492.748	5.462
1996.3	493.533	5.471
1996.4	493.646	5.472
1996.5	489.749	5.429
1996.6	479.981	5.322
1996.7	477.555	5.297
1996.8	484.563	5.376
1996.9	488.313	5.420
1997.0	490.505	5.447
1997.1	492.922	5.477
1997.2	493.156	5.483
1997.3	492.941	5.483
1997.4	492.136	5.478
1997.5	484.662	5.397
1997.6	476.138	5.305
1997.7	475.918	5.306
1997.8	481.854	5.374
1997.9	487.521	5.440
1998.0	490.155	5.472
1998.1	491.675	5.491
1998.2	492.797	5.506
1998.3	492.932	5.510
1998.4	491.483	5.496
1998.5	485.771	5.435
1998.6	476.524	5.333
1998.7	478.514	5.358
1998.8	485.354	5.436
1998.9	488.953	5.479
1999.0	492.384	5.519
1999.1	494.027	5.540
1999.2	494.810	5.551
1999.3	494.818	5.553
1999.4	493.531	5.541
1999.5	486.819	5.467
1999.6	476.765	5.356
1999.7	477.471	5.366
1999.8	484.214	5.444
1999.9	488.691	5.497
2000.0	491.860	5.534
2000.1	493.426	5.554
2000.2	493.932	5.562
2000.3	493.385	5.558
2000.4	492.944	5.555
2000.5	487.466	5.496
2000.6	478.487	5.397
2000.7	477.610	5.389
2000.8	484.322	5.467
2000.9	489.591	5.529
2001.0	490.698	5.543
2001.1	493.410	5.576
2001.2	493.035	5.574
2001.3	494.030	5.587
2001.4	492.860	5.576
2001.5	485.488	5.495
2001.6	478.106	5.413
2001.7	476.791	5.400
2001.8	483.131	5.473
2001.9	489.064	5.542
2002.0	490.886	5.564
2002.1	492.480	5.584
2002.2	494.325	5.607
2002.3	494.532	5.611
2002.4	493.554	5.602
2002.5	487.736	5.537
2002.6	479.676	5.448
2002.7	477.652	5.427
2002.8	484.712	5.509
2002.9	489.711	5.568
2003.0	492.055	5.597
2003.1	493.711	5.618
2003.2	495.178	3.318
2003.3	495.659	3.322
2003.4	494.510	3.316
2003.5	488.114	3.274
2003.6	479.593	3.218
2003.7	479.410	3.218
2003.8	486.938	3.269
2003.9	493.728	3.316
2004.0	493.443	3.315
2004.1	493.763	3.318
2004.2	496.222	3.335
2004.3	496.259	3.336
2004.4	493.686	3.320
2004.5	487.795	3.281
2004.6	479.640	3.227
2004.7	477.788	3.215
2004.8	485.050	3.264
2004.9	491.256	3.307
2005.0	494.717	3.331
2005.1	495.820	3.339
2005.2	495.654	3.338
2005.3	497.015	3.348
2005.4	496.483	3.345
2005.5	488.666	3.293
2005.6	480.002	3.236
2005.7	480.539	3.240
2005.8	486.108	3.279
2005.9	492.484	3.323
2006.0	495.318	3.343
2006.1	496.583	3.352
2006.2	497.335	3.358
2006.3	498.461	3.367
2006.4	497.617	3.362
2006.5	491.595	3.322
2006.6	482.588	3.262
2006.7	481.398	3.255
2006.8	488.670	3.305
2006.9	495.102	3.349
2007.0	496.643	3.360
2007.1	497.647	3.367
2007.2	498.834	3.376
2007.3	498.638	3.375
2007.4	496.554	3.362
2007.5	490.012	3.318
2007.6	481.886	3.264
2007.7	481.886	3.265
2007.8	489.310	3.316
2007.9	494.379	3.351
2008.0	496.621	3.367
2008.1	499.275	3.385
2008.2	501.302	3.400
2008.3	501.475	3.402
2008.4	499.296	3.388
2008.5	492.328	3.341
2008.6	484.246	3.287
2008.7	482.830	3.278
2008.8	489.278	3.322
