CFC-11 history for the northern hemisphere provided by Vas Petrenko, INSTAAR
Yr dec  NEEM monthly
1800.04	0
1800.13	0
1800.21	0
1800.29	0
1800.38	0
1800.46	0
1800.54	0
1800.63	0
1800.71	0
1800.79	0
1800.88	0
1800.96	0
1801.04	0
1801.13	0
1801.21	0
1801.29	0
1801.38	0
1801.46	0
1801.54	0
1801.63	0
1801.71	0
1801.79	0
1801.88	0
1801.96	0
1802.04	0
1802.13	0
1802.21	0
1802.29	0
1802.38	0
1802.46	0
1802.54	0
1802.63	0
1802.71	0
1802.79	0
1802.88	0
1802.96	0
1803.04	0
1803.13	0
1803.21	0
1803.29	0
1803.38	0
1803.46	0
1803.54	0
1803.63	0
1803.71	0
1803.79	0
1803.88	0
1803.96	0
1804.04	0
1804.13	0
1804.21	0
1804.29	0
1804.38	0
1804.46	0
1804.54	0
1804.63	0
1804.71	0
1804.79	0
1804.88	0
1804.96	0
1805.04	0
1805.13	0
1805.21	0
1805.29	0
1805.38	0
1805.46	0
1805.54	0
1805.63	0
1805.71	0
1805.79	0
1805.88	0
1805.96	0
1806.04	0
1806.13	0
1806.21	0
1806.29	0
1806.38	0
1806.46	0
1806.54	0
1806.63	0
1806.71	0
1806.79	0
1806.88	0
1806.96	0
1807.04	0
1807.13	0
1807.21	0
1807.29	0
1807.38	0
1807.46	0
1807.54	0
1807.63	0
1807.71	0
1807.79	0
1807.88	0
1807.96	0
1808.04	0
1808.13	0
1808.21	0
1808.29	0
1808.38	0
1808.46	0
1808.54	0
1808.63	0
1808.71	0
1808.79	0
1808.88	0
1808.96	0
1809.04	0
1809.13	0
1809.21	0
1809.29	0
1809.38	0
1809.46	0
1809.54	0
1809.63	0
1809.71	0
1809.79	0
1809.88	0
1809.96	0
1810.04	0
1810.13	0
1810.21	0
1810.29	0
1810.38	0
1810.46	0
1810.54	0
1810.63	0
1810.71	0
1810.79	0
1810.88	0
1810.96	0
1811.04	0
1811.13	0
1811.21	0
1811.29	0
1811.38	0
1811.46	0
1811.54	0
1811.63	0
1811.71	0
1811.79	0
1811.88	0
1811.96	0
1812.04	0
1812.13	0
1812.21	0
1812.29	0
1812.38	0
1812.46	0
1812.54	0
1812.63	0
1812.71	0
1812.79	0
1812.88	0
1812.96	0
1813.04	0
1813.13	0
1813.21	0
1813.29	0
1813.38	0
1813.46	0
1813.54	0
1813.63	0
1813.71	0
1813.79	0
1813.88	0
1813.96	0
1814.04	0
1814.13	0
1814.21	0
1814.29	0
1814.38	0
1814.46	0
1814.54	0
1814.63	0
1814.71	0
1814.79	0
1814.88	0
1814.96	0
1815.04	0
1815.13	0
1815.21	0
1815.29	0
1815.38	0
1815.46	0
1815.54	0
1815.63	0
1815.71	0
1815.79	0
1815.88	0
1815.96	0
1816.04	0
1816.13	0
1816.21	0
1816.29	0
1816.38	0
1816.46	0
1816.54	0
1816.63	0
1816.71	0
1816.79	0
1816.88	0
1816.96	0
1817.04	0
1817.13	0
1817.21	0
1817.29	0
1817.38	0
1817.46	0
1817.54	0
1817.63	0
1817.71	0
1817.79	0
1817.88	0
1817.96	0
1818.04	0
1818.13	0
1818.21	0
1818.29	0
1818.38	0
1818.46	0
1818.54	0
1818.63	0
1818.71	0
1818.79	0
1818.88	0
1818.96	0
1819.04	0
1819.13	0
1819.21	0
1819.29	0
1819.38	0
1819.46	0
1819.54	0
1819.63	0
1819.71	0
1819.79	0
1819.88	0
1819.96	0
1820.04	0
1820.13	0
1820.21	0
1820.29	0
1820.38	0
1820.46	0
1820.54	0
1820.63	0
1820.71	0
1820.79	0
1820.88	0
1820.96	0
1821.04	0
1821.13	0
1821.21	0
1821.29	0
1821.38	0
1821.46	0
1821.54	0
1821.63	0
1821.71	0
1821.79	0
1821.88	0
1821.96	0
1822.04	0
1822.13	0
1822.21	0
1822.29	0
1822.38	0
1822.46	0
1822.54	0
1822.63	0
1822.71	0
1822.79	0
1822.88	0
1822.96	0
1823.04	0
1823.13	0
1823.21	0
1823.29	0
1823.38	0
1823.46	0
1823.54	0
1823.63	0
1823.71	0
1823.79	0
1823.88	0
1823.96	0
1824.04	0
1824.13	0
1824.21	0
1824.29	0
1824.38	0
1824.46	0
1824.54	0
1824.63	0
1824.71	0
1824.79	0
1824.88	0
1824.96	0
1825.04	0
1825.13	0
1825.21	0
1825.29	0
1825.38	0
1825.46	0
1825.54	0
1825.63	0
1825.71	0
1825.79	0
1825.88	0
1825.96	0
1826.04	0
1826.13	0
1826.21	0
1826.29	0
1826.38	0
1826.46	0
1826.54	0
1826.63	0
1826.71	0
1826.79	0
1826.88	0
1826.96	0
1827.04	0
1827.13	0
1827.21	0
1827.29	0
1827.38	0
1827.46	0
1827.54	0
1827.63	0
1827.71	0
1827.79	0
1827.88	0
1827.96	0
1828.04	0
1828.13	0
1828.21	0
1828.29	0
1828.38	0
1828.46	0
1828.54	0
1828.63	0
1828.71	0
1828.79	0
1828.88	0
1828.96	0
1829.04	0
1829.13	0
1829.21	0
1829.29	0
1829.38	0
1829.46	0
1829.54	0
1829.63	0
1829.71	0
1829.79	0
1829.88	0
1829.96	0
1830.04	0
1830.13	0
1830.21	0
1830.29	0
1830.38	0
1830.46	0
1830.54	0
1830.63	0
1830.71	0
1830.79	0
1830.88	0
1830.96	0
1831.04	0
1831.13	0
1831.21	0
1831.29	0
1831.38	0
1831.46	0
1831.54	0
1831.63	0
1831.71	0
1831.79	0
1831.88	0
1831.96	0
1832.04	0
1832.13	0
1832.21	0
1832.29	0
1832.38	0
1832.46	0
1832.54	0
1832.63	0
1832.71	0
1832.79	0
1832.88	0
1832.96	0
1833.04	0
1833.13	0
1833.21	0
1833.29	0
1833.38	0
1833.46	0
1833.54	0
1833.63	0
1833.71	0
1833.79	0
1833.88	0
1833.96	0
1834.04	0
1834.13	0
1834.21	0
1834.29	0
1834.38	0
1834.46	0
1834.54	0
1834.63	0
1834.71	0
1834.79	0
1834.88	0
1834.96	0
1835.04	0
1835.13	0
1835.21	0
1835.29	0
1835.38	0
1835.46	0
1835.54	0
1835.63	0
1835.71	0
1835.79	0
1835.88	0
1835.96	0
1836.04	0
1836.13	0
1836.21	0
1836.29	0
1836.38	0
1836.46	0
1836.54	0
1836.63	0
1836.71	0
1836.79	0
1836.88	0
1836.96	0
1837.04	0
1837.13	0
1837.21	0
1837.29	0
1837.38	0
1837.46	0
1837.54	0
1837.63	0
1837.71	0
1837.79	0
1837.88	0
1837.96	0
1838.04	0
1838.13	0
1838.21	0
1838.29	0
1838.38	0
1838.46	0
1838.54	0
1838.63	0
1838.71	0
1838.79	0
1838.88	0
1838.96	0
1839.04	0
1839.13	0
1839.21	0
1839.29	0
1839.38	0
1839.46	0
1839.54	0
1839.63	0
1839.71	0
1839.79	0
1839.88	0
1839.96	0
1840.04	0
1840.13	0
1840.21	0
1840.29	0
1840.38	0
1840.46	0
1840.54	0
1840.63	0
1840.71	0
1840.79	0
1840.88	0
1840.96	0
1841.04	0
1841.13	0
1841.21	0
1841.29	0
1841.38	0
1841.46	0
1841.54	0
1841.63	0
1841.71	0
1841.79	0
1841.88	0
1841.96	0
1842.04	0
1842.13	0
1842.21	0
1842.29	0
1842.38	0
1842.46	0
1842.54	0
1842.63	0
1842.71	0
1842.79	0
1842.88	0
1842.96	0
1843.04	0
1843.13	0
1843.21	0
1843.29	0
1843.38	0
1843.46	0
1843.54	0
1843.63	0
1843.71	0
1843.79	0
1843.88	0
1843.96	0
1844.04	0
1844.13	0
1844.21	0
1844.29	0
1844.38	0
1844.46	0
1844.54	0
1844.63	0
1844.71	0
1844.79	0
1844.88	0
1844.96	0
1845.04	0
1845.13	0
1845.21	0
1845.29	0
1845.38	0
1845.46	0
1845.54	0
1845.63	0
1845.71	0
1845.79	0
1845.88	0
1845.96	0
1846.04	0
1846.13	0
1846.21	0
1846.29	0
1846.38	0
1846.46	0
1846.54	0
1846.63	0
1846.71	0
1846.79	0
1846.88	0
1846.96	0
1847.04	0
1847.13	0
1847.21	0
1847.29	0
1847.38	0
1847.46	0
1847.54	0
1847.63	0
1847.71	0
1847.79	0
1847.88	0
1847.96	0
1848.04	0
1848.13	0
1848.21	0
1848.29	0
1848.38	0
1848.46	0
1848.54	0
1848.63	0
1848.71	0
1848.79	0
1848.88	0
1848.96	0
1849.04	0
1849.13	0
1849.21	0
1849.29	0
1849.38	0
1849.46	0
1849.54	0
1849.63	0
1849.71	0
1849.79	0
1849.88	0
1849.96	0
1850.04	0
1850.13	0
1850.21	0
1850.29	0
1850.38	0
1850.46	0
1850.54	0
1850.63	0
1850.71	0
1850.79	0
1850.88	0
1850.96	0
1851.04	0
1851.13	0
1851.21	0
1851.29	0
1851.38	0
1851.46	0
1851.54	0
1851.63	0
1851.71	0
1851.79	0
1851.88	0
1851.96	0
1852.04	0
1852.13	0
1852.21	0
1852.29	0
1852.38	0
1852.46	0
1852.54	0
1852.63	0
1852.71	0
1852.79	0
1852.88	0
1852.96	0
1853.04	0
1853.13	0
1853.21	0
1853.29	0
1853.38	0
1853.46	0
1853.54	0
1853.63	0
1853.71	0
1853.79	0
1853.88	0
1853.96	0
1854.04	0
1854.13	0
1854.21	0
1854.29	0
1854.38	0
1854.46	0
1854.54	0
1854.63	0
1854.71	0
1854.79	0
1854.88	0
1854.96	0
1855.04	0
1855.13	0
1855.21	0
1855.29	0
1855.38	0
1855.46	0
1855.54	0
1855.63	0
1855.71	0
1855.79	0
1855.88	0
1855.96	0
1856.04	0
1856.13	0
1856.21	0
1856.29	0
1856.38	0
1856.46	0
1856.54	0
1856.63	0
1856.71	0
1856.79	0
1856.88	0
1856.96	0
1857.04	0
1857.13	0
1857.21	0
1857.29	0
1857.38	0
1857.46	0
1857.54	0
1857.63	0
1857.71	0
1857.79	0
1857.88	0
1857.96	0
1858.04	0
1858.13	0
1858.21	0
1858.29	0
1858.38	0
1858.46	0
1858.54	0
1858.63	0
1858.71	0
1858.79	0
1858.88	0
1858.96	0
1859.04	0
1859.13	0
1859.21	0
1859.29	0
1859.38	0
1859.46	0
1859.54	0
1859.63	0
1859.71	0
1859.79	0
1859.88	0
1859.96	0
1860.04	0
1860.13	0
1860.21	0
1860.29	0
1860.38	0
1860.46	0
1860.54	0
1860.63	0
1860.71	0
1860.79	0
1860.88	0
1860.96	0
1861.04	0
1861.13	0
1861.21	0
1861.29	0
1861.38	0
1861.46	0
1861.54	0
1861.63	0
1861.71	0
1861.79	0
1861.88	0
1861.96	0
1862.04	0
1862.13	0
1862.21	0
1862.29	0
1862.38	0
1862.46	0
1862.54	0
1862.63	0
1862.71	0
1862.79	0
1862.88	0
1862.96	0
1863.04	0
1863.13	0
1863.21	0
1863.29	0
1863.38	0
1863.46	0
1863.54	0
1863.63	0
1863.71	0
1863.79	0
1863.88	0
1863.96	0
1864.04	0
1864.13	0
1864.21	0
1864.29	0
1864.38	0
1864.46	0
1864.54	0
1864.63	0
1864.71	0
1864.79	0
1864.88	0
1864.96	0
1865.04	0
1865.13	0
1865.21	0
1865.29	0
1865.38	0
1865.46	0
1865.54	0
1865.63	0
1865.71	0
1865.79	0
1865.88	0
1865.96	0
1866.04	0
1866.13	0
1866.21	0
1866.29	0
1866.38	0
1866.46	0
1866.54	0
1866.63	0
1866.71	0
1866.79	0
1866.88	0
1866.96	0
1867.04	0
1867.13	0
1867.21	0
1867.29	0
1867.38	0
1867.46	0
1867.54	0
1867.63	0
1867.71	0
1867.79	0
1867.88	0
1867.96	0
1868.04	0
1868.13	0
1868.21	0
1868.29	0
1868.38	0
1868.46	0
1868.54	0
1868.63	0
1868.71	0
1868.79	0
1868.88	0
1868.96	0
1869.04	0
1869.13	0
1869.21	0
1869.29	0
1869.38	0
1869.46	0
1869.54	0
1869.63	0
1869.71	0
1869.79	0
1869.88	0
1869.96	0
1870.04	0
1870.13	0
1870.21	0
1870.29	0
1870.38	0
1870.46	0
1870.54	0
1870.63	0
1870.71	0
1870.79	0
1870.88	0
1870.96	0
1871.04	0
1871.13	0
1871.21	0
1871.29	0
1871.38	0
1871.46	0
1871.54	0
1871.63	0
1871.71	0
1871.79	0
1871.88	0
1871.96	0
1872.04	0
1872.13	0
1872.21	0
1872.29	0
1872.38	0
1872.46	0
1872.54	0
1872.63	0
1872.71	0
1872.79	0
1872.88	0
1872.96	0
1873.04	0
1873.13	0
1873.21	0
1873.29	0
1873.38	0
1873.46	0
1873.54	0
1873.63	0
1873.71	0
1873.79	0
1873.88	0
1873.96	0
1874.04	0
1874.13	0
1874.21	0
1874.29	0
1874.38	0
1874.46	0
1874.54	0
1874.63	0
1874.71	0
1874.79	0
1874.88	0
1874.96	0
1875.04	0
1875.13	0
1875.21	0
1875.29	0
1875.38	0
1875.46	0
1875.54	0
1875.63	0
1875.71	0
1875.79	0
1875.88	0
1875.96	0
1876.04	0
1876.13	0
1876.21	0
1876.29	0
1876.38	0
1876.46	0
1876.54	0
1876.63	0
1876.71	0
1876.79	0
1876.88	0
1876.96	0
1877.04	0
1877.13	0
1877.21	0
1877.29	0
1877.38	0
1877.46	0
1877.54	0
1877.63	0
1877.71	0
1877.79	0
1877.88	0
1877.96	0
1878.04	0
1878.13	0
1878.21	0
1878.29	0
1878.38	0
1878.46	0
1878.54	0
1878.63	0
1878.71	0
1878.79	0
1878.88	0
1878.96	0
1879.04	0
1879.13	0
1879.21	0
1879.29	0
1879.38	0
1879.46	0
1879.54	0
1879.63	0
1879.71	0
1879.79	0
1879.88	0
1879.96	0
1880.04	0
1880.13	0
1880.21	0
1880.29	0
1880.38	0
1880.46	0
1880.54	0
1880.63	0
1880.71	0
1880.79	0
1880.88	0
1880.96	0
1881.04	0
1881.13	0
1881.21	0
1881.29	0
1881.38	0
1881.46	0
1881.54	0
1881.63	0
1881.71	0
1881.79	0
1881.88	0
1881.96	0
1882.04	0
1882.13	0
1882.21	0
1882.29	0
1882.38	0
1882.46	0
1882.54	0
1882.63	0
1882.71	0
1882.79	0
1882.88	0
1882.96	0
1883.04	0
1883.13	0
1883.21	0
1883.29	0
1883.38	0
1883.46	0
1883.54	0
1883.63	0
1883.71	0
1883.79	0
1883.88	0
1883.96	0
1884.04	0
1884.13	0
1884.21	0
1884.29	0
1884.38	0
1884.46	0
1884.54	0
1884.63	0
1884.71	0
1884.79	0
1884.88	0
1884.96	0
1885.04	0
1885.13	0
1885.21	0
1885.29	0
1885.38	0
1885.46	0
1885.54	0
1885.63	0
1885.71	0
1885.79	0
1885.88	0
1885.96	0
1886.04	0
1886.13	0
1886.21	0
1886.29	0
1886.38	0
1886.46	0
1886.54	0
1886.63	0
1886.71	0
1886.79	0
1886.88	0
1886.96	0
1887.04	0
1887.13	0
1887.21	0
1887.29	0
1887.38	0
1887.46	0
1887.54	0
1887.63	0
1887.71	0
1887.79	0
1887.88	0
1887.96	0
1888.04	0
1888.13	0
1888.21	0
1888.29	0
1888.38	0
1888.46	0
1888.54	0
1888.63	0
1888.71	0
1888.79	0
1888.88	0
1888.96	0
1889.04	0
1889.13	0
1889.21	0
1889.29	0
1889.38	0
1889.46	0
1889.54	0
1889.63	0
1889.71	0
1889.79	0
1889.88	0
1889.96	0
1890.04	0
1890.13	0
1890.21	0
1890.29	0
1890.38	0
1890.46	0
1890.54	0
1890.63	0
1890.71	0
1890.79	0
1890.88	0
1890.96	0
1891.04	0
1891.13	0
1891.21	0
1891.29	0
1891.38	0
1891.46	0
1891.54	0
1891.63	0
1891.71	0
1891.79	0
1891.88	0
1891.96	0
1892.04	0
1892.13	0
1892.21	0
1892.29	0
1892.38	0
1892.46	0
1892.54	0
1892.63	0
1892.71	0
1892.79	0
1892.88	0
1892.96	0
1893.04	0
1893.13	0
1893.21	0
1893.29	0
1893.38	0
1893.46	0
1893.54	0
1893.63	0
1893.71	0
1893.79	0
1893.88	0
1893.96	0
1894.04	0
1894.13	0
1894.21	0
1894.29	0
1894.38	0
1894.46	0
1894.54	0
1894.63	0
1894.71	0
1894.79	0
1894.88	0
1894.96	0
1895.04	0
1895.13	0
1895.21	0
1895.29	0
1895.38	0
1895.46	0
1895.54	0
1895.63	0
1895.71	0
1895.79	0
1895.88	0
1895.96	0
1896.04	0
1896.13	0
1896.21	0
1896.29	0
1896.38	0
1896.46	0
1896.54	0
1896.63	0
1896.71	0
1896.79	0
1896.88	0
1896.96	0
1897.04	0
1897.13	0
1897.21	0
1897.29	0
1897.38	0
1897.46	0
1897.54	0
1897.63	0
1897.71	0
1897.79	0
1897.88	0
1897.96	0
1898.04	0
1898.13	0
1898.21	0
1898.29	0
1898.38	0
1898.46	0
1898.54	0
1898.63	0
1898.71	0
1898.79	0
1898.88	0
1898.96	0
1899.04	0
1899.13	0
1899.21	0
1899.29	0
1899.38	0
1899.46	0
1899.54	0
1899.63	0
1899.71	0
1899.79	0
1899.88	0
1899.96	0
1900.04	0
1900.13	0
1900.21	0
1900.29	0
1900.38	0
1900.46	0
1900.54	0
1900.63	0
1900.71	0
1900.79	0
1900.88	0
1900.96	0
1901.04	0
1901.13	0
1901.21	0
1901.29	0
1901.38	0
1901.46	0
1901.54	0
1901.63	0
1901.71	0
1901.79	0
1901.88	0
1901.96	0
1902.04	0
1902.13	0
1902.21	0
1902.29	0
1902.38	0
1902.46	0
1902.54	0
1902.63	0
1902.71	0
1902.79	0
1902.88	0
1902.96	0
1903.04	0
1903.13	0
1903.21	0
1903.29	0
1903.38	0
1903.46	0
1903.54	0
1903.63	0
1903.71	0
1903.79	0
1903.88	0
1903.96	0
1904.04	0
1904.13	0
1904.21	0
1904.29	0
1904.38	0
1904.46	0
1904.54	0
1904.63	0
1904.71	0
1904.79	0
1904.88	0
1904.96	0
1905.04	0
1905.13	0
1905.21	0
1905.29	0
1905.38	0
1905.46	0
1905.54	0
1905.63	0
1905.71	0
1905.79	0
1905.88	0
1905.96	0
1906.04	0
1906.13	0
1906.21	0
1906.29	0
1906.38	0
1906.46	0
1906.54	0
1906.63	0
1906.71	0
1906.79	0
1906.88	0
1906.96	0
1907.04	0
1907.13	0
1907.21	0
1907.29	0
1907.38	0
1907.46	0
1907.54	0
1907.63	0
1907.71	0
1907.79	0
1907.88	0
1907.96	0
1908.04	0
1908.13	0
1908.21	0
1908.29	0
1908.38	0
1908.46	0
1908.54	0
1908.63	0
1908.71	0
1908.79	0
1908.88	0
1908.96	0
1909.04	0
1909.13	0
1909.21	0
1909.29	0
1909.38	0
1909.46	0
1909.54	0
1909.63	0
1909.71	0
1909.79	0
1909.88	0
1909.96	0
1910.04	0
1910.13	0
1910.21	0
1910.29	0
1910.38	0
1910.46	0
1910.54	0
1910.63	0
1910.71	0
1910.79	0
1910.88	0
1910.96	0
1911.04	0
1911.13	0
1911.21	0
1911.29	0
1911.38	0
1911.46	0
1911.54	0
1911.63	0
1911.71	0
1911.79	0
1911.88	0
1911.96	0
1912.04	0
1912.13	0
1912.21	0
1912.29	0
1912.38	0
1912.46	0
1912.54	0
1912.63	0
1912.71	0
1912.79	0
1912.88	0
1912.96	0
1913.04	0
1913.13	0
1913.21	0
1913.29	0
1913.38	0
1913.46	0
1913.54	0
1913.63	0
1913.71	0
1913.79	0
1913.88	0
1913.96	0
1914.04	0
1914.13	0
1914.21	0
1914.29	0
1914.38	0
1914.46	0
1914.54	0
1914.63	0
1914.71	0
1914.79	0
1914.88	0
1914.96	0
1915.04	0
1915.13	0
1915.21	0
1915.29	0
1915.38	0
1915.46	0
1915.54	0
1915.63	0
1915.71	0
1915.79	0
1915.88	0
1915.96	0
1916.04	0
1916.13	0
1916.21	0
1916.29	0
1916.38	0
1916.46	0
1916.54	0
1916.63	0
1916.71	0
1916.79	0
1916.88	0
1916.96	0
1917.04	0
1917.13	0
1917.21	0
1917.29	0
1917.38	0
1917.46	0
1917.54	0
1917.63	0
1917.71	0
1917.79	0
1917.88	0
1917.96	0
1918.04	0
1918.13	0
1918.21	0
1918.29	0
1918.38	0
1918.46	0
1918.54	0
1918.63	0
1918.71	0
1918.79	0
1918.88	0
1918.96	0
1919.04	0
1919.13	0
1919.21	0
1919.29	0
1919.38	0
1919.46	0
1919.54	0
1919.63	0
1919.71	0
1919.79	0
1919.88	0
1919.96	0
1920.04	0
1920.13	0
1920.21	0
1920.29	0
1920.38	0
1920.46	0
1920.54	0
1920.63	0
1920.71	0
1920.79	0
1920.88	0
1920.96	0
1921.04	0
1921.13	0
1921.21	0
1921.29	0
1921.38	0
1921.46	0
1921.54	0
1921.63	0
1921.71	0
1921.79	0
1921.88	0
1921.96	0
1922.04	0
1922.13	0
1922.21	0
1922.29	0
1922.38	0
1922.46	0
1922.54	0
1922.63	0
1922.71	0
1922.79	0
1922.88	0
1922.96	0
1923.04	0
1923.13	0
1923.21	0
1923.29	0
1923.38	0
1923.46	0
1923.54	0
1923.63	0
1923.71	0
1923.79	0
1923.88	0
1923.96	0
1924.04	0
1924.13	0
1924.21	0
1924.29	0
1924.38	0
1924.46	0
1924.54	0
1924.63	0
1924.71	0
1924.79	0
1924.88	0
1924.96	0
1925.04	0
1925.13	0
1925.21	0
1925.29	0
1925.38	0
1925.46	0
1925.54	0
1925.63	0
1925.71	0
1925.79	0
1925.88	0
1925.96	0
1926.04	0
1926.13	0
1926.21	0
1926.29	0
1926.38	0
1926.46	0
1926.54	0
1926.63	0
1926.71	0
1926.79	0
1926.88	0
1926.96	0
1927.04	0
1927.13	0
1927.21	0
1927.29	0
1927.38	0
1927.46	0
1927.54	0
1927.63	0
1927.71	0
1927.79	0
1927.88	0
1927.96	0
1928.04	0
1928.13	0
1928.21	0
1928.29	0
1928.38	0
1928.46	0
1928.54	0
1928.63	0
1928.71	0
1928.79	0
1928.88	0
1928.96	0
1929.04	0
1929.13	0
1929.21	0
1929.29	0
1929.38	0
1929.46	0
1929.54	0
1929.63	0
1929.71	0
1929.79	0
1929.88	0
1929.96	0
1930.04	0
1930.13	0
1930.21	0
1930.29	0
1930.38	0
1930.46	0
1930.54	0
1930.63	0
1930.71	0
1930.79	0
1930.88	0
1930.96	0
1931.04	0
1931.13	0
1931.21	0
1931.29	0
1931.38	0
1931.46	0
1931.54	0
1931.63	0
1931.71	0
1931.79	0
1931.88	0
1931.96	0
1932.04	0
1932.13	0
1932.21	0
1932.29	0
1932.38	0
1932.46	0
1932.54	0
1932.63	0
1932.71	0
1932.79	0
1932.88	0
1932.96	0
1933.04	0
1933.13	0
1933.21	0
1933.29	0
1933.38	0
1933.46	0
1933.54	0
1933.63	0
1933.71	0
1933.79	0
1933.88	0
1933.96	0
1934.04	0
1934.13	0
1934.21	0
1934.29	0
1934.38	0
1934.46	0
1934.54	0
1934.63	0
1934.71	0
1934.79	0
1934.88	0
1934.96	0
1935.04	0
1935.13	0
1935.21	0
1935.29	0
1935.38	0
1935.46	0
1935.54	0
1935.63	0
1935.71	0
1935.79	0
1935.88	0
1935.96	0
1936.04	0
1936.13	0
1936.21	0
1936.29	0
1936.38	0
1936.46	0
1936.54	0
1936.63	0
1936.71	0
1936.79	0
1936.88	0
1936.96	0
1937.04	0
1937.13	0
1937.21	0
1937.29	0
1937.38	0
1937.46	0
1937.54	0
1937.63	0
1937.71	0
1937.79	0
1937.88	0
1937.96	0
1938.04	0
1938.13	0
1938.21	0
1938.29	0
1938.38	0
1938.46	0
1938.54	0
1938.63	0
1938.71	0
1938.79	0
1938.88	0
1938.96	0
1939.04	0
1939.13	0
1939.21	0
1939.29	0
1939.38	0
1939.46	0
1939.54	0
1939.63	0
1939.71	0
1939.79	0
1939.88	0
1939.96	0
1940.04	0
1940.13	0
1940.21	0
1940.29	0
1940.38	0
1940.46	0
1940.54	0
1940.63	0
1940.71	0
1940.79	0
1940.88	0
1940.96	0
1941.04	0
1941.13	0
1941.21	0
1941.29	0
1941.38	0
1941.46	0
1941.54	0
1941.63	0
1941.71	0
1941.79	0
1941.88	0
1941.96	0
1942.04	0
1942.13	0
1942.21	0
1942.29	0
1942.38	0
1942.46	0
1942.54	0
1942.63	0
1942.71	0
1942.79	0
1942.88	0
1942.96	0
1943.04	0
1943.13	0
1943.21	0
1943.29	0
1943.38	0
1943.46	0
1943.54	0
1943.63	0
1943.71	0
1943.79	0
1943.88	0
1943.96	0
1944.04	0
1944.13	0
1944.21	0
1944.29	0
1944.38	0
1944.46	0
1944.54	0.004166667
1944.63	0.0125
1944.71	0.020833333
1944.79	0.029166667
1944.88	0.0375
1944.96	0.045833333
1945.04	0.054166667
1945.13	0.0625
1945.21	0.070833333
1945.29	0.079166667
1945.38	0.0875
1945.46	0.095833333
1945.54	0.1
1945.63	0.1
1945.71	0.1
1945.79	0.1
1945.88	0.1
1945.96	0.1
1946.04	0.1
1946.13	0.1
1946.21	0.1
1946.29	0.1
1946.38	0.1
1946.46	0.1
1946.54	0.1
1946.63	0.1
1946.71	0.1
1946.79	0.1
1946.88	0.1
1946.96	0.1
1947.04	0.1
1947.13	0.1
1947.21	0.1
1947.29	0.1
1947.38	0.1
1947.46	0.1
1947.54	0.104166667
1947.63	0.1125
1947.71	0.120833333
1947.79	0.129166667
1947.88	0.1375
1947.96	0.145833333
1948.04	0.154166667
1948.13	0.1625
1948.21	0.170833333
1948.29	0.179166667
1948.38	0.1875
1948.46	0.195833333
1948.54	0.208333333
1948.63	0.225
1948.71	0.241666667
1948.79	0.258333333
1948.88	0.275
1948.96	0.291666667
1949.04	0.308333333
1949.13	0.325
1949.21	0.341666667
1949.29	0.358333333
1949.38	0.375
1949.46	0.391666667
1949.54	0.4125
1949.63	0.4375
1949.71	0.4625
1949.79	0.4875
1949.88	0.5125
1949.96	0.5375
1950.04	0.5625
1950.13	0.5875
1950.21	0.6125
1950.29	0.6375
1950.38	0.6625
1950.46	0.6875
1950.54	0.7125
1950.63	0.7375
1950.71	0.7625
1950.79	0.7875
1950.88	0.8125
1950.96	0.8375
1951.04	0.8625
1951.13	0.8875
1951.21	0.9125
1951.29	0.9375
1951.38	0.9625
1951.46	0.9875
1951.54	1.020833333
1951.63	1.0625
1951.71	1.104166667
1951.79	1.145833333
1951.88	1.1875
1951.96	1.229166667
1952.04	1.270833333
1952.13	1.3125
1952.21	1.354166667
1952.29	1.395833333
1952.38	1.4375
1952.46	1.479166667
1952.54	1.529166667
1952.63	1.5875
1952.71	1.645833333
1952.79	1.704166667
1952.88	1.7625
1952.96	1.820833333
1953.04	1.879166667
1953.13	1.9375
1953.21	1.995833333
1953.29	2.054166667
1953.38	2.1125
1953.46	2.170833333
1953.54	2.233333333
1953.63	2.3
1953.71	2.366666667
1953.79	2.433333333
1953.88	2.5
1953.96	2.566666667
1954.04	2.633333333
1954.13	2.7
1954.21	2.766666667
1954.29	2.833333333
1954.38	2.9
1954.46	2.966666667
1954.54	3.045833333
1954.63	3.1375
1954.71	3.229166667
1954.79	3.320833333
1954.88	3.4125
1954.96	3.504166667
1955.04	3.595833333
1955.13	3.6875
1955.21	3.779166667
1955.29	3.870833333
1955.38	3.9625
1955.46	4.054166667
1955.54	4.154166667
1955.63	4.2625
1955.71	4.370833333
1955.79	4.479166667
1955.88	4.5875
1955.96	4.695833333
1956.04	4.804166667
1956.13	4.9125
1956.21	5.020833333
1956.29	5.129166667
1956.38	5.2375
1956.46	5.345833333
1956.54	5.458333333
1956.63	5.575
1956.71	5.691666667
1956.79	5.808333333
1956.88	5.925
1956.96	6.041666667
1957.04	6.158333333
1957.13	6.275
1957.21	6.391666667
1957.29	6.508333333
1957.38	6.625
1957.46	6.741666667
1957.54	6.854166667
1957.63	6.9625
1957.71	7.070833333
1957.79	7.179166667
1957.88	7.2875
1957.96	7.395833333
1958.04	7.504166667
1958.13	7.6125
1958.21	7.720833333
1958.29	7.829166667
1958.38	7.9375
1958.46	8.045833333
1958.54	8.154166667
1958.63	8.2625
1958.71	8.370833333
1958.79	8.479166667
1958.88	8.5875
1958.96	8.695833333
1959.04	8.804166667
1959.13	8.9125
1959.21	9.020833333
1959.29	9.129166667
1959.38	9.2375
1959.46	9.345833333
1959.54	9.470833333
1959.63	9.6125
1959.71	9.754166667
1959.79	9.895833333
1959.88	10.0375
1959.96	10.17916667
1960.04	10.32083333
1960.13	10.4625
1960.21	10.60416667
1960.29	10.74583333
1960.38	10.8875
1960.46	11.02916667
1960.54	11.27523917
1960.63	11.6257175
1960.71	11.97619583
1960.79	12.32667417
1960.88	12.6771525
1960.96	13.02763083
1961.04	13.37810917
1961.13	13.7285875
1961.21	14.07906583
1961.29	14.42954417
1961.38	14.7800225
1961.46	15.13050083
1961.54	15.43269917
1961.63	15.6866175
1961.71	15.94053583
1961.79	16.19445417
1961.88	16.4483725
1961.96	16.70229083
1962.04	16.95620917
1962.13	17.2101275
1962.21	17.46404583
1962.29	17.71796417
1962.38	17.9718825
1962.46	18.22580083
1962.54	18.51060125
1962.63	18.82628375
1962.71	19.14196625
1962.79	19.45764875
1962.88	19.77333125
1962.96	20.08901375
1963.04	20.40469625
1963.13	20.72037875
1963.21	21.03606125
1963.29	21.35174375
1963.38	21.66742625
1963.46	21.98310875
1963.54	22.32795792
1963.63	22.70197375
1963.71	23.07598958
1963.79	23.45000542
1963.88	23.82402125
1963.96	24.19803708
1964.04	24.57205292
1964.13	24.94606875
1964.21	25.32008458
1964.29	25.69410042
1964.38	26.06811625
1964.46	26.44213208
1964.54	26.82766833
1964.63	27.224725
1964.71	27.62178167
1964.79	28.01883833
1964.88	28.415895
1964.96	28.81295167
1965.04	29.21000833
1965.13	29.607065
1965.21	30.00412167
1965.29	30.40117833
1965.38	30.798235
1965.46	31.19529167
1965.54	31.62077917
1965.63	32.0746975
1965.71	32.52861583
1965.79	32.98253417
1965.88	33.4364525
1965.96	33.89037083
1966.04	34.34428917
1966.13	34.7982075
1966.21	35.25212583
1966.29	35.70604417
1966.38	36.1599625
1966.46	36.61388083
1966.54	37.09868125
1966.63	37.61436375
1966.71	38.13004625
1966.79	38.64572875
1966.88	39.16141125
1966.96	39.67709375
1967.04	40.19277625
1967.13	40.70845875
1967.21	41.22414125
1967.29	41.73982375
1967.38	42.25550625
1967.46	42.77118875
1967.54	43.31603792
1967.63	43.89005375
1967.71	44.46406958
1967.79	45.03808542
1967.88	45.61210125
1967.96	46.18611708
1968.04	46.76013292
1968.13	47.33414875
1968.21	47.90816458
1968.29	48.48218042
1968.38	49.05619625
1968.46	49.63021208
1968.54	50.25104083
1968.63	50.9186825
1968.71	51.58632417
1968.79	52.25396583
1968.88	52.9216075
1968.96	53.58924917
1969.04	54.25689083
1969.13	54.9245325
1969.21	55.59217417
1969.29	56.25981583
1969.38	56.9274575
1969.46	57.59509917
1969.54	58.31617167
1969.63	59.090675
1969.71	59.86517833
1969.79	60.63968167
1969.88	61.414185
1969.96	62.18868833
1970.04	62.96319167
1970.13	63.737695
1970.21	64.51219833
1970.29	65.28670167
1970.38	66.061205
1970.46	66.83570833
1970.54	67.63080125
1970.63	68.44648375
1970.71	69.26216625
1970.79	70.07784875
1970.88	70.89353125
1970.96	71.70921375
1971.04	72.52489625
1971.13	73.34057875
1971.21	74.15626125
1971.29	74.97194375
1971.38	75.78762625
1971.46	76.60330875
1971.54	77.47756833
1971.63	78.410405
1971.71	79.34324167
1971.79	80.27607833
1971.88	81.208915
1971.96	82.14175167
1972.04	83.07458833
1972.13	84.007425
1972.21	84.94026167
1972.29	85.87309833
1972.38	86.805935
1972.46	87.73877167
1972.54	88.73925458
1972.63	89.80738375
1972.71	90.87551292
1972.79	91.94364208
1972.88	93.01177125
1972.96	94.07990042
1973.04	95.14802958
1973.13	96.21615875
1973.21	97.28428792
1973.29	98.35241708
1973.38	99.42054625
1973.46	100.4886754
1973.54	101.6075404
1973.63	102.7771413
1973.71	103.9467421
1973.79	105.1163429
1973.88	106.2859438
1973.96	107.4555446
1974.04	108.6251454
1974.13	109.7947463
1974.21	110.9643471
1974.29	112.1339479
1974.38	113.3035488
1974.46	114.4731496
1974.54	115.5910396
1974.63	116.6572188
1974.71	117.7233979
1974.79	118.7895771
1974.88	119.8557563
1974.96	120.9219354
1975.04	121.9881146
1975.13	123.0542938
1975.21	124.1204729
1975.29	125.1866521
1975.38	126.2528313
1975.46	127.3190104
1975.54	128.3643563
1975.63	129.3888688
1975.71	130.4133812
1975.79	131.4378938
1975.88	132.4624063
1975.96	133.4869187
1976.04	134.5114313
1976.13	135.5359438
1976.21	136.5604562
1976.29	137.5849688
1976.38	138.6094813
1976.46	139.6339937
1976.54	140.6376729
1976.63	141.6205188
1976.71	142.6033646
1976.79	143.5862104
1976.88	144.5690563
1976.96	145.5519021
1977.04	146.5347479
1977.13	147.5175938
1977.21	148.5004396
1977.29	149.4832854
1977.38	150.4661313
1977.46	151.4489771
1977.54	152.3639329
1977.63	153.2109988
1977.71	154.0580646
1977.79	154.9051304
1977.88	155.7521963
1977.96	156.5992621
1978.04	157.4463279
1978.13	158.2933938
1978.21	159.1404596
1978.29	159.9875254
1978.38	160.8345913
1978.46	161.6816571
1978.54	162.6098442
1978.63	163.6191525
1978.71	164.6284608
1978.79	165.6377692
1978.88	166.6470775
1978.96	167.6563858
1979.04	168.6656942
1979.13	169.6750025
1979.21	170.6843108
1979.29	171.6936192
1979.38	172.7029275
1979.46	173.7122358
1979.54	174.5102813
1979.63	175.0970638
1979.71	175.6838462
1979.79	176.2706288
1979.88	176.8574113
1979.96	177.4441937
1980.04	178.0309763
1980.13	178.6177588
1980.21	179.2045412
1980.29	179.7913238
1980.38	180.3781063
1980.46	180.9648887
1980.54	181.5612233
1980.63	182.16711
1980.71	182.7729967
1980.79	183.3788833
1980.88	183.98477
1980.96	184.5906567
1981.04	185.1965433
1981.13	185.80243
1981.21	186.4083167
1981.29	187.0142033
1981.38	187.62009
1981.46	188.2259767
1981.54	188.8161763
1981.63	189.3906888
1981.71	189.9652012
1981.79	190.5397138
1981.88	191.1142263
1981.96	191.6887387
1982.04	192.2632513
1982.13	192.8377638
1982.21	193.4122762
1982.29	193.9867888
1982.38	194.5613013
1982.46	195.1358137
1982.54	195.7718421
1982.63	196.4693863
1982.71	197.1669304
1982.79	197.8644746
1982.88	198.5620188
1982.96	199.2595629
1983.04	199.9571071
1983.13	200.6546513
1983.21	201.3521954
1983.29	202.0497396
1983.38	202.7472838
1983.46	203.4448279
1983.54	204.1681079
1983.63	204.9171238
1983.71	205.6661396
1983.79	206.4151554
1983.88	207.1641713
1983.96	207.9131871
1984.04	208.6622029
1984.13	209.4112188
1984.21	210.1602346
1984.29	210.9092504
1984.38	211.6582663
1984.46	212.4072821
1984.54	213.2207571
1984.63	214.0986913
1984.71	214.9766254
1984.79	215.8545596
1984.88	216.7324938
1984.96	217.6104279
1985.04	218.4883621
1985.13	219.3662963
1985.21	220.2442304
1985.29	221.1221646
1985.38	222.0000988
1985.46	222.8780329
1985.54	223.8160158
1985.63	224.8140475
1985.71	225.8120792
1985.79	226.8101108
1985.88	227.8081425
1985.96	228.8061742
1986.04	229.8042058
1986.13	230.8022375
1986.21	231.8002692
1986.29	232.7983008
1986.38	233.7963325
1986.46	234.7943642
1986.54	235.8154367
1986.63	236.85955
1986.71	237.9036633
1986.79	238.9477767
1986.88	239.99189
1986.96	241.0360033
1987.04	242.0801167
1987.13	243.12423
1987.21	244.1683433
1987.29	245.2124567
1987.38	246.25657
1987.46	247.3006833
1987.54	248.2781346
1987.63	249.1889238
1987.71	250.0997129
1987.79	251.0105021
1987.88	251.9212913
1987.96	252.8320804
1988.04	253.7428696
1988.13	254.6536588
1988.21	255.5644479
1988.29	256.4752371
1988.38	257.3860263
1988.46	258.2968154
1988.54	258.9407033
1988.63	259.31769
1988.71	259.6946767
1988.79	260.0716633
1988.88	260.44865
1988.96	260.8256367
1989.04	261.2026233
1989.13	261.57961
1989.21	261.9565967
1989.29	262.3335833
1989.38	262.71057
1989.46	263.0875567
1989.54	263.5468833
1989.63	264.08855
1989.71	264.6302167
1989.79	265.1718833
1989.88	265.71355
1989.96	266.2552167
1990.04	266.7968833
1990.13	267.33855
1990.21	267.8802167
1990.29	268.4218833
1990.38	268.96355
1990.46	269.5052167
1990.54	269.8057179
1990.63	269.8650538
1990.71	269.9243896
1990.79	269.9837254
1990.88	270.0430613
1990.96	270.1023971
1991.04	270.1617329
1991.13	270.2210688
1991.21	270.2804046
1991.29	270.3397404
1991.38	270.3990763
1991.46	270.4584121
1991.54	270.4410279
1991.63	270.3469238
1991.71	270.2528196
1991.79	270.1587154
1991.88	270.0646113
1991.96	269.9705071
1992.04	269.8764029
1992.13	269.7822988
1992.21	269.6881946
1992.29	269.5940904
1992.38	269.4999863
1992.46	269.4058821
1992.54	269.4428946
1992.63	269.6110238
1992.71	269.7791529
1992.79	269.9472821
1992.88	270.1154113
1992.96	270.2835404
1993.04	270.4516696
1993.13	270.6197988
1993.21	270.7879279
1993.29	270.9560571
1993.38	271.1241863
1993.46	271.2923154
1993.54	271.3582463
1993.63	271.3219788
1993.71	271.2857113
1993.79	271.2494438
1993.88	271.2131763
1993.96	271.1769088
1994.04	271.1406413
1994.13	271.1043738
1994.21	271.0681063
1994.29	271.0318388
1994.38	270.9955713
1994.46	270.9593038
1994.54	270.8629875
1994.63	270.7066225
1994.71	270.5502575
1994.79	270.3938925
1994.88	270.2375275
1994.96	270.0811625
1995.04	269.9247975
1995.13	269.7684325
1995.21	269.6120675
1995.29	269.4557025
1995.38	269.2993375
1995.46	269.1429725
1995.54	269.0165054
1995.63	268.9199363
1995.71	268.8233671
1995.79	268.7267979
1995.88	268.6302288
1995.96	268.5336596
1996.04	268.4370904
1996.13	268.3405213
1996.21	268.2439521
1996.29	268.1473829
1996.38	268.0508138
1996.46	267.9542446
1996.54	267.8441958
1996.63	267.7206675
1996.71	267.5971392
1996.79	267.4736108
1996.88	267.3500825
1996.96	267.2265542
1997.04	267.1030258
1997.13	266.9794975
1997.21	266.8559692
1997.29	266.7324408
1997.38	266.6089125
1997.46	266.4853842
1997.54	266.3594046
1997.63	266.2309738
1997.71	266.1025429
1997.79	265.9741121
1997.88	265.8456813
1997.96	265.7172504
1998.04	265.5888196
1998.13	265.4603888
1998.21	265.3319579
1998.29	265.2035271
1998.38	265.0750963
1998.46	264.9466654
1998.54	264.81995
1998.63	264.69495
1998.71	264.56995
1998.79	264.44495
1998.88	264.31995
1998.96	264.19495
1999.04	264.06995
1999.13	263.94495
1999.21	263.81995
1999.29	263.69495
1999.38	263.56995
1999.46	263.44495
1999.54	263.3552425
1999.63	263.3008275
1999.71	263.2464125
1999.79	263.1919975
1999.88	263.1375825
1999.96	263.0831675
2000.04	263.0287525
2000.13	262.9743375
2000.21	262.9199225
2000.29	262.8655075
2000.38	262.8110925
2000.46	262.7566775
2000.54	262.6449133
2000.63	262.4758
2000.71	262.3066867
2000.79	262.1375733
2000.88	261.96846
2000.96	261.7993467
2001.04	261.6302333
2001.13	261.46112
2001.21	261.2920067
2001.29	261.1228933
2001.38	260.95378
2001.46	260.7846667
2001.54	260.5998663
2001.63	260.3993788
2001.71	260.1988913
2001.79	259.9984038
2001.88	259.7979163
2001.96	259.5974288
2002.04	259.3969413
2002.13	259.1964538
2002.21	258.9959663
2002.29	258.7954788
2002.38	258.5949913
2002.46	258.3945038
2002.54	258.2084754
2002.63	258.0369063
2002.71	257.8653371
2002.79	257.6937679
2002.88	257.5221988
2002.96	257.3506296
2003.04	257.1790604
2003.13	257.0074913
2003.21	256.8359221
2003.29	256.6643529
2003.38	256.4927838
2003.46	256.3212146
2003.54	256.1585178
2003.63	256.0046933
2003.71	255.8508688
2003.79	255.6970443
2003.88	255.5432198
2003.96	255.3893953
2004.04	255.2355708
2004.13	255.0817463
2004.21	254.9279218
2004.29	254.7740973
2004.38	254.6202728
2004.46	254.4664483
2004.54	254.29836
2004.63	254.1160081
2004.71	253.9336562
2004.79	253.7513043
2004.88	253.5689524
2004.96	253.3866005
2005.04	253.2042485
2005.13	253.0218966
2005.21	252.8395447
2005.29	252.6571928
2005.38	252.4748409
2005.46	252.292489
2005.54	252.0592812
2005.63	251.7752175
2005.71	251.4911538
2005.79	251.2070902
2005.88	250.9230265
2005.96	250.6389628
2006.04	250.3548992
2006.13	250.0708355
2006.21	249.7867718
2006.29	249.5027082
2006.38	249.2186445
2006.46	248.9345808
2006.54	248.7215906
2006.63	248.5796738
2006.71	248.4377569
2006.79	248.2958401
2006.88	248.1539233
2006.96	248.0120064
2007.04	247.8700896
2007.13	247.7281728
2007.21	247.5862559
2007.29	247.4443391
2007.38	247.3024223
2007.46	247.1605054
2007.54	247.0354033
2007.63	246.927116
2007.71	246.8188287
2007.79	246.7105413
2007.88	246.602254
2007.96	246.4939667
2008.04	246.3856793
2008.13	246.277392
2008.21	246.1691047
2008.29	246.0608173
2008.38	245.95253
2008.46	245.8442427
2008.54	245.7359553
2008.63	245.627668
2008.71	245.5193807
2008.79	245.4110933
2008.88	245.302806
2008.96	245.1945187
	
	
	
	
	
	
	
	
