CO2 uncertainties for NEEM by Christo
year    c(ppb)  u(ppb)
1800.00	281.35	1.2
1801.00	281.64	1.2
1802.00	281.94	1.2
1803.00	282.22	1.2
1804.00	282.50	1.2
1805.00	282.76	1.2
1806.00	283.01	1.2
1807.00	283.24	1.2
1808.00	283.45	1.2
1809.00	283.63	1.2
1810.00	283.78	1.2
1811.00	283.91	1.2
1812.00	284.00	1.2
1813.00	284.06	1.2
1814.00	284.08	1.2
1815.00	284.06	1.2
1816.00	284.00	1.2
1817.00	283.91	1.2
1818.00	283.81	1.2
1819.00	283.69	1.2
1820.00	283.58	1.2
1821.00	283.47	1.2
1822.00	283.37	1.2
1823.00	283.30	1.2
1824.00	283.26	1.2
1825.00	283.26	1.2
1826.00	283.30	1.2
1827.00	283.40	1.2
1828.00	283.51	1.2
1829.00	283.61	1.2
1830.00	283.70	1.2
1831.00	283.78	1.2
1832.00	283.84	1.2
1833.00	283.88	1.2
1834.00	283.89	1.2
1835.00	283.89	1.2
1836.00	283.89	1.2
1837.00	283.92	1.2
1838.00	283.97	1.2
1839.00	284.07	1.2
1840.00	284.22	1.2
1841.00	284.46	1.2
1842.00	284.77	1.2
1843.00	285.13	1.2
1844.00	285.50	1.2
1845.00	285.83	1.2
1846.00	286.12	1.2
1847.00	286.36	1.2
1848.00	286.56	1.2
1849.00	286.69	1.2
1850.00	286.76	1.2
1851.00	286.78	1.2
1852.00	286.76	1.2
1853.00	286.69	1.2
1854.00	286.56	1.2
1855.00	286.42	1.2
1856.00	286.31	1.2
1857.00	286.24	1.2
1858.00	286.18	1.2
1859.00	286.15	1.2
1860.00	286.12	1.2
1861.00	286.11	1.2
1862.00	286.12	1.2
1863.00	286.16	1.2
1864.00	286.24	1.2
1865.00	286.40	1.2
1866.00	286.61	1.2
1867.00	286.88	1.2
1868.00	287.19	1.2
1869.00	287.53	1.2
1870.00	287.88	1.2
1871.00	288.25	1.2
1872.00	288.60	1.2
1873.00	288.91	1.2
1874.00	289.16	1.2
1875.00	289.32	1.2
1876.00	289.42	1.2
1877.00	289.50	1.2
1878.00	289.57	1.2
1879.00	289.67	1.2
1880.00	289.80	1.2
1881.00	289.96	1.2
1882.00	290.16	1.2
1883.00	290.37	1.2
1884.00	290.63	1.2
1885.00	290.96	1.2
1886.00	291.36	1.2
1887.00	291.78	1.2
1888.00	292.19	1.2
1889.00	292.62	1.2
1890.00	293.09	1.2
1891.00	293.58	1.2
1892.00	294.07	1.2
1893.00	294.54	1.2
1894.00	294.97	1.2
1895.00	295.36	1.2
1896.00	295.67	1.2
1897.00	295.86	1.2
1898.00	295.97	1.2
1899.00	296.06	1.2
1900.00	295.80	1.2
1901.00	296.10	1.2
1902.00	296.50	1.2
1903.00	296.80	1.2
1904.00	297.20	1.2
1905.00	297.60	1.2
1906.00	298.10	1.2
1907.00	298.50	1.2
1908.00	298.90	1.2
1909.00	299.30	1.2
1910.00	299.70	1.2
1911.00	300.10	1.2
1912.00	300.40	1.2
1913.00	300.80	1.2
1914.00	301.10	1.2
1915.00	301.40	1.2
1916.00	301.70	1.2
1917.00	302.10	1.2
1918.00	302.40	1.2
1919.00	302.70	1.2
1920.00	303.00	1.2
1921.00	303.40	1.2
1922.00	303.80	1.2
1923.00	304.10	1.2
1924.00	304.50	1.2
1925.00	305.00	1.2
1926.00	305.40	1.2
1927.00	305.80	1.2
1928.00	306.30	1.2
1929.00	306.80	1.2
1930.00	307.20	1.2
1931.00	307.70	1.2
1932.00	308.20	1.2
1933.00	308.60	1.2
1934.00	309.00	1.2
1935.00	309.40	1.2
1936.00	309.80	1.2
1937.00	310.00	1.2
1938.00	310.20	1.2
1939.00	310.30	1.2
1940.00	310.98	1.2
1941.00	311.03	1.2
1942.00	310.97	1.2
1943.00	310.92	1.2
1944.00	310.87	1.2
1945.00	310.91	1.2
1946.00	310.96	1.2
1947.00	311.11	1.2
1948.00	311.26	1.2
1949.00	311.50	1.2
1950.00	311.75	1.2
1951.00	312.20	1.2
1952.00	312.64	1.2
1953.00	313.09	1.2
1954.00	313.64	1.2
1955.00	314.29	1.2
1956.00	314.93	1.2
1957.00	315.58	1.2
1958.00	316.33	1.2
1959.00	317.14	0.6
1960.00	318.06	0.6
1961.00	318.78	0.6
1962.00	319.61	0.6
1963.00	320.17	0.6
1964.00	320.67	0.6
1965.00	321.24	0.6
1966.00	322.48	0.6
1967.00	323.27	0.6
1968.00	324.25	0.6
1969.00	325.74	0.6
1970.00	326.79	0.6
1971.00	327.47	0.6
1972.00	328.67	0.6
1973.00	330.74	0.6
1974.00	331.44	0.6
1975.00	332.30	0.6
1976.00	333.33	0.6
1977.00	335.02	0.6
1978.00	336.67	0.6
1979.00	338.53	0.6
1979.05	339.05	0.6
1979.10	339.68	0.6
1979.15	340.38	0.6
1979.20	340.86	0.6
1979.25	341.00	0.6
1979.30	341.18	0.6
1979.35	341.75	0.6
1979.40	342.16	0.6
1979.45	341.20	0.6
1979.50	338.00	0.6
1979.55	333.40	0.6
1979.60	329.65	0.6
1979.65	328.54	0.6
1979.70	329.94	0.6
1979.75	332.33	0.6
1979.80	334.36	0.6
1979.85	335.82	0.6
1979.90	337.05	0.6
1979.95	338.25	0.6
1980.00	339.33	0.6
1980.05	340.24	0.6
1980.10	341.17	0.6
1980.15	342.07	0.6
1980.20	342.60	0.6
1980.25	342.71	0.6
1980.30	342.89	0.6
1980.35	343.27	0.6
1980.40	343.55	0.6
1980.45	342.76	0.6
1980.50	340.33	0.6
1980.55	336.83	0.6
1980.60	333.67	0.6
1980.65	332.17	0.6
1980.70	332.76	0.6
1980.75	334.80	0.6
1980.80	337.08	0.6
1980.85	338.81	0.6
1980.90	340.06	0.6
1980.95	341.20	0.6
1981.00	342.39	0.6
1981.05	343.42	0.6
1981.10	344.07	0.6
1981.15	344.29	0.6
1981.20	344.33	0.6
1981.25	344.41	0.6
1981.30	344.65	0.6
1981.35	345.16	0.6
1981.40	345.42	0.6
1981.45	344.34	0.6
1981.50	341.22	0.6
1981.55	336.94	0.6
1981.60	333.66	0.6
1981.65	332.93	0.6
1981.70	334.48	0.6
1981.75	336.86	0.6
1981.80	338.97	0.6
1981.85	340.52	0.6
1981.90	341.71	0.6
1981.95	342.73	0.6
1982.00	343.73	0.6
1982.05	344.69	0.6
1982.10	345.47	0.6
1982.15	345.92	0.6
1982.20	346.05	0.6
1982.25	345.99	0.6
1982.30	345.95	0.6
1982.35	346.06	0.6
1982.40	346.05	0.6
1982.45	345.18	0.6
1982.50	342.68	0.6
1982.55	338.80	0.6
1982.60	335.04	0.6
1982.65	333.11	0.6
1982.70	333.64	0.6
1982.75	335.81	0.6
1982.80	338.21	0.6
1982.85	340.07	0.6
1982.90	341.59	0.6
1982.95	343.12	0.6
1983.00	344.48	0.6
1983.05	345.26	0.6
1983.10	345.53	0.6
1983.15	345.82	0.6
1983.20	346.33	0.6
1983.25	346.72	0.6
1983.30	346.73	0.6
1983.35	346.62	0.6
1983.40	346.49	0.6
1983.45	345.66	0.6
1983.50	343.18	0.6
1983.55	339.26	0.6
1983.60	335.66	0.6
1983.65	334.31	0.6
1983.70	335.66	0.6
1983.75	338.53	0.6
1983.80	341.30	0.6
1983.85	343.11	0.6
1983.90	344.12	0.6
1983.95	345.04	0.6
1984.00	346.25	0.6
1984.05	347.54	0.6
1984.10	348.41	0.6
1984.15	348.68	0.6
1984.20	348.64	0.6
1984.25	348.60	0.6
1984.30	348.67	0.6
1984.35	348.72	0.6
1984.40	348.42	0.6
1984.45	347.21	0.6
1984.50	344.60	0.6
1984.55	341.06	0.6
1984.60	338.11	0.6
1984.65	337.24	0.6
1984.70	338.54	0.6
1984.75	340.73	0.6
1984.80	342.51	0.6
1984.85	343.69	0.6
1984.90	344.84	0.6
1984.95	346.18	0.6
1985.00	347.29	0.6
1985.05	347.93	0.4
1985.10	348.30	0.4
1985.15	348.84	0.4
1985.20	349.59	0.4
1985.25	350.25	0.4
1985.30	350.71	0.4
1985.35	351.00	0.4
1985.40	350.82	0.4
1985.45	349.44	0.4
1985.50	346.59	0.4
1985.55	342.69	0.4
1985.60	339.30	0.4
1985.65	337.80	0.4
1985.70	338.62	0.4
1985.75	341.00	0.4
1985.80	343.40	0.4
1985.85	345.08	0.4
1985.90	346.29	0.4
1985.95	347.55	0.4
1986.00	348.90	0.4
1986.05	350.01	0.4
1986.10	350.78	0.4
1986.15	351.40	0.4
1986.20	351.91	0.4
1986.25	352.18	0.4
1986.30	352.21	0.4
1986.35	352.14	0.4
1986.40	351.77	0.4
1986.45	350.41	0.4
1986.50	347.56	0.4
1986.55	343.73	0.4
1986.60	340.52	0.4
1986.65	339.39	0.4
1986.70	340.53	0.4
1986.75	342.90	0.4
1986.80	345.27	0.4
1986.85	347.09	0.4
1986.90	348.48	0.4
1986.95	349.68	0.4
1987.00	350.66	0.4
1987.05	351.38	0.4
1987.10	351.94	0.4
1987.15	352.49	0.4
1987.20	352.94	0.4
1987.25	353.17	0.4
1987.30	353.28	0.4
1987.35	353.42	0.4
1987.40	353.32	0.4
1987.45	352.22	0.4
1987.50	349.64	0.4
1987.55	345.80	0.4
1987.60	342.16	0.4
1987.65	340.46	0.4
1987.70	341.32	0.4
1987.75	343.86	0.4
1987.80	346.56	0.4
1987.85	348.51	0.4
1987.90	349.84	0.4
1987.95	351.14	0.4
1988.00	352.71	0.4
1988.05	354.17	0.4
1988.10	355.02	0.4
1988.15	355.32	0.4
1988.20	355.58	0.4
1988.25	355.98	0.4
1988.30	356.29	0.4
1988.35	356.32	0.4
1988.40	355.98	0.4
1988.45	354.70	0.4
1988.50	351.76	0.4
1988.55	347.61	0.4
1988.60	344.21	0.4
1988.65	343.44	0.4
1988.70	345.31	0.4
1988.75	348.21	0.4
1988.80	350.67	0.4
1988.85	352.50	0.4
1988.90	354.20	0.4
1988.95	355.92	0.4
1989.00	357.21	0.4
1989.05	357.77	0.4
1989.10	357.86	0.4
1989.15	357.91	0.4
1989.20	358.16	0.4
1989.25	358.34	0.4
1989.30	358.33	0.4
1989.35	358.25	0.4
1989.40	357.95	0.4
1989.45	356.80	0.4
1989.50	353.93	0.4
1989.55	349.74	0.4
1989.60	346.09	0.4
1989.65	344.84	0.4
1989.70	346.23	0.4
1989.75	348.97	0.4
1989.80	351.62	0.4
1989.85	353.67	0.4
1989.90	355.39	0.4
1989.95	356.92	0.4
1990.00	358.01	0.4
1990.05	358.66	0.4
1990.10	359.19	0.4
1990.15	359.76	0.4
1990.20	360.07	0.4
1990.25	359.95	0.4
1990.30	359.67	0.4
1990.35	359.36	0.4
1990.40	358.56	0.4
1990.45	356.51	0.4
1990.50	353.13	0.4
1990.55	349.38	0.4
1990.60	346.68	0.4
1990.65	345.98	0.4
1990.70	347.32	0.4
1990.75	349.90	0.4
1990.80	352.53	0.4
1990.85	354.42	0.4
1990.90	355.78	0.4
1990.95	357.22	0.4
1991.00	358.80	0.4
1991.05	359.98	0.4
1991.10	360.52	0.4
1991.15	360.67	0.4
1991.20	360.75	0.4
1991.25	360.83	0.4
1991.30	360.90	0.4
1991.35	360.87	0.4
1991.40	360.44	0.4
1991.45	358.90	0.4
1991.50	355.96	0.4
1991.55	352.25	0.4
1991.60	349.11	0.4
1991.65	347.92	0.4
1991.70	348.90	0.4
1991.75	351.32	0.4
1991.80	353.98	0.4
1991.85	356.10	0.4
1991.90	357.62	0.4
1991.95	358.84	0.4
1992.00	359.79	0.4
1992.05	360.30	0.4
1992.10	360.54	0.4
1992.15	360.76	0.4
1992.20	361.12	0.4
1992.25	361.43	0.4
1992.30	361.52	0.4
1992.35	361.43	0.4
1992.40	361.02	0.4
1992.45	359.67	0.4
1992.50	356.64	0.4
1992.55	352.38	0.4
1992.60	348.64	0.4
1992.65	347.11	0.4
1992.70	348.08	0.4
1992.75	350.51	0.4
1992.80	352.97	0.4
1992.85	355.01	0.4
1992.90	356.78	0.4
1992.95	358.46	0.4
1993.00	359.71	0.4
1993.05	360.28	0.4
1993.10	360.53	0.4
1993.15	360.96	0.4
1993.20	361.50	0.4
1993.25	361.76	0.4
1993.30	361.75	0.4
1993.35	361.78	0.4
1993.40	361.55	0.4
1993.45	359.99	0.4
1993.50	356.51	0.4
1993.55	352.16	0.4
1993.60	348.98	0.4
1993.65	348.15	0.4
1993.70	349.35	0.4
1993.75	351.61	0.4
1993.80	354.06	0.4
1993.85	356.21	0.4
1993.90	357.88	0.4
1993.95	359.18	0.4
1994.00	360.24	0.4
1994.05	361.13	0.4
1994.10	361.97	0.4
1994.15	362.69	0.4
1994.20	363.18	0.4
1994.25	363.18	0.4
1994.30	362.90	0.4
1994.35	362.72	0.4
1994.40	362.50	0.4
1994.45	361.36	0.4
1994.50	358.56	0.4
1994.55	354.60	0.4
1994.60	351.14	0.4
1994.65	349.81	0.4
1994.70	351.01	0.4
1994.75	353.77	0.4
1994.80	356.66	0.4
1994.85	358.83	0.4
1994.90	360.29	0.4
1994.95	361.37	0.4
1995.00	362.31	0.4
1995.05	363.21	0.4
1995.10	364.08	0.4
1995.15	364.79	0.4
1995.20	365.18	0.4
1995.25	365.18	0.4
1995.30	364.88	0.4
1995.35	364.43	0.4
1995.40	363.79	0.4
1995.45	362.45	0.4
1995.50	359.85	0.4
1995.55	356.31	0.4
1995.60	353.31	0.4
1995.65	352.35	0.4
1995.70	353.53	0.4
1995.75	355.89	0.4
1995.80	358.36	0.4
1995.85	360.52	0.4
1995.90	362.28	0.4
1995.95	363.64	0.4
1996.00	364.61	0.4
1996.05	365.23	0.4
1996.10	365.55	0.4
1996.15	365.76	0.4
1996.20	366.05	0.4
1996.25	366.39	0.4
1996.30	366.65	0.4
1996.35	366.80	0.4
1996.40	366.74	0.4
1996.45	365.97	0.4
1996.50	363.83	0.4
1996.55	360.34	0.4
1996.60	356.64	0.4
1996.65	354.54	0.4
1996.70	355.07	0.4
1996.75	357.61	0.4
1996.80	360.47	0.4
1996.85	362.39	0.4
1996.90	363.41	0.4
1996.95	364.21	0.4
1997.00	365.26	0.4
1997.05	366.42	0.4
1997.10	367.29	0.4
1997.15	367.66	0.4
1997.20	367.70	0.4
1997.25	367.70	0.4
1997.30	367.80	0.4
1997.35	367.92	0.4
1997.40	367.44	0.4
1997.45	365.54	0.4
1997.50	362.04	0.4
1997.55	358.42	0.4
1997.60	355.95	0.4
1997.65	355.21	0.4
1997.70	356.08	0.4
1997.75	358.15	0.4
1997.80	360.77	0.4
1997.85	363.26	0.4
1997.90	365.20	0.4
1997.95	366.52	0.4
1998.00	367.36	0.4
1998.05	368.00	0.4
1998.10	368.70	0.4
1998.15	369.35	0.4
1998.20	369.72	0.4
1998.25	369.87	0.4
1998.30	370.01	0.4
1998.35	369.91	0.4
1998.40	369.08	0.4
1998.45	367.32	0.4
1998.50	364.94	0.4
1998.55	361.35	0.4
1998.60	358.16	0.4
1998.65	357.73	0.4
1998.70	359.95	0.4
1998.75	362.81	0.4
1998.80	365.25	0.4
1998.85	366.85	0.4
1998.90	368.11	0.4
1998.95	369.51	0.4
1999.00	370.87	0.4
1999.05	371.78	0.4
1999.10	372.26	0.4
1999.15	372.64	0.4
1999.20	373.03	0.4
1999.25	373.24	0.4
1999.30	373.19	0.4
1999.35	372.97	0.4
1999.40	372.38	0.4
1999.45	370.71	0.4
1999.50	367.43	0.4
1999.55	363.25	0.4
1999.60	360.03	0.4
1999.65	359.24	0.4
1999.70	360.84	0.4
1999.75	363.56	0.4
1999.80	366.10	0.4
1999.85	368.04	0.4
1999.90	369.64	0.4
1999.95	371.07	0.4
2000.00	372.20	0.4
2000.05	372.97	0.4
2000.10	373.55	0.4
2000.15	373.97	0.4
2000.20	374.10	0.4
2000.25	373.97	0.4
2000.30	373.86	0.4
2000.35	373.91	0.4
2000.40	373.70	0.4
2000.45	372.41	0.4
2000.50	369.68	0.4
2000.55	365.97	0.4
2000.60	363.06	0.4
2000.65	362.07	0.4
2000.70	362.65	0.4
2000.75	364.88	0.4
2000.80	367.97	0.4
2000.85	370.69	0.4
2000.90	372.11	0.4
2000.95	372.53	0.4
2001.00	373.13	0.4
2001.05	374.34	0.4
2001.10	375.38	0.4
2001.15	375.52	0.4
2001.20	375.24	0.4
2001.25	375.46	0.4
2001.30	376.20	0.4
2001.35	376.49	0.4
2001.40	375.42	0.4
2001.45	373.00	0.4
2001.50	369.93	0.4
2001.55	366.93	0.4
2001.60	364.48	0.4
2001.65	363.20	0.4
2001.70	363.69	0.4
2001.75	365.82	0.4
2001.80	368.70	0.4
2001.85	371.38	0.4
2001.90	373.33	0.4
2001.95	374.40	0.4
2002.00	374.83	0.4
2002.05	375.29	0.4
2002.10	376.20	0.4
2002.15	377.21	0.4
2002.20	377.74	0.4
2002.25	377.86	0.4
2002.30	378.04	0.4
2002.35	378.14	0.4
2002.40	377.41	0.4
2002.45	375.53	0.4
2002.50	373.08	0.4
2002.55	370.89	0.4
2002.60	367.05	0.4
2002.65	365.01	0.4
2002.70	365.80	0.4
2002.75	368.43	0.4
2002.80	371.40	0.4
2002.85	373.71	0.4
2002.90	375.38	0.4
2002.95	376.55	0.4
2003.00	377.35	0.4
2003.05	378.04	0.4
2003.10	378.81	0.4
2003.15	379.55	0.4
2003.20	380.12	0.4
2003.25	380.48	0.4
2003.30	380.66	0.4
2003.35	380.59	0.4
2003.40	379.94	0.4
2003.45	378.23	0.4
2003.50	375.16	0.4
2003.55	371.43	0.4
2003.60	368.81	0.4
2003.65	367.94	0.4
2003.70	368.91	0.4
2003.75	371.42	0.4
2003.80	374.90	0.4
2003.85	378.25	0.4
2003.90	380.24	0.4
2003.95	380.55	0.4
2004.00	380.13	0.4
2004.05	380.01	0.4
2004.10	380.55	0.4
2004.15	381.55	0.4
2004.20	382.58	0.4
2004.25	383.05	0.4
2004.30	382.71	0.4
2004.35	381.91	0.4
2004.40	380.84	0.4
2004.45	379.11	0.4
2004.50	376.38	0.4
2004.55	373.10	0.4
2004.60	370.21	0.4
2004.65	368.60	0.4
2004.70	368.97	0.4
2004.75	371.37	0.4
2004.80	374.73	0.4
2004.85	377.62	0.4
2004.90	379.59	0.4
2004.95	381.08	0.4
2005.00	382.36	0.4
2005.05	383.13	0.4
2005.10	383.29	0.4
2005.15	383.20	0.4
2005.20	383.28	0.4
2005.25	383.75	0.4
2005.30	384.46	0.4
2005.35	384.84	0.4
2005.40	384.13	0.4
2005.45	381.82	0.4
2005.50	378.15	0.4
2005.55	374.24	0.4
2005.60	371.62	0.4
2005.65	371.10	0.4
2005.70	372.26	0.4
2005.75	374.26	0.4
2005.80	376.73	0.4
2005.85	379.46	0.4
2005.90	381.82	0.4
2005.95	383.31	0.4
2006.00	384.14	0.4
2006.05	384.76	0.4
2006.10	385.27	0.4
2006.15	385.64	0.4
2006.20	386.01	0.4
2006.25	386.53	0.4
2006.30	387.04	0.4
2006.35	387.15	0.4
2006.40	386.50	0.4
2006.45	384.80	0.4
2006.50	381.92	0.4
2006.55	378.29	0.4
2006.60	375.06	0.4
2006.65	373.58	0.4
2006.70	374.36	0.4
2006.75	376.88	0.4
2006.80	380.17	0.4
2006.85	383.22	0.4
2006.90	385.25	0.4
2006.95	386.15	0.4
2007.00	386.53	0.4
2007.05	386.93	0.4
2007.10	387.43	0.4
2007.15	387.96	0.4
2007.20	388.46	0.4
2007.25	388.66	0.4
2007.30	388.39	0.4
2007.35	387.82	0.4
2007.40	386.86	0.4
2007.45	384.94	0.4
2007.50	381.82	0.4
2007.55	378.30	0.4
2007.60	375.63	0.4
2007.65	374.72	0.4
2007.70	375.82	0.4
2007.75	378.52	0.4
2007.80	381.75	0.4
2007.85	384.32	0.4
2007.90	385.77	0.4
2007.95	386.62	0.4
2008.00	387.63	0.4
2008.05	389.22	0.4
2008.10	389.81	0.4
2008.15	390.69	0.4
2008.20	391.52	0.4
2008.25	391.83	0.4
2008.30	391.76	0.4
2008.35	391.36	0.4
2008.40	390.14	0.4
2008.45	387.87	0.4
2008.50	384.78	0.4
2008.55	381.41	0.4
2008.60	378.60	0.4
2008.65	377.22	0.4
2008.70	377.68	0.4
2008.75	379.87	0.4
2008.80	382.89	0.4
2008.85	385.88	0.4

