SF6 history for the NH. Average of Alert and Summit stations, plus Trudinger history
year    concentration (ppt)
1900.00	0.000
1952.40	0.000
1952.50	0.000
1952.60	0.002
1952.70	0.006
1952.80	0.010
1952.90	0.014
1953.00	0.018
1953.10	0.022
1953.20	0.026
1953.30	0.030
1953.40	0.034
1953.50	0.038
1953.60	0.040
1953.70	0.040
1953.80	0.040
1953.90	0.040
1954.00	0.040
1954.10	0.040
1954.20	0.040
1954.30	0.040
1954.40	0.040
1954.50	0.040
1954.60	0.040
1954.70	0.040
1954.80	0.040
1954.90	0.040
1955.00	0.040
1955.10	0.040
1955.20	0.040
1955.30	0.040
1955.40	0.040
1955.50	0.040
1955.60	0.040
1955.70	0.040
1955.80	0.040
1955.90	0.040
1956.00	0.040
1956.10	0.040
1956.20	0.040
1956.30	0.040
1956.40	0.040
1956.50	0.040
1956.60	0.041
1956.70	0.042
1956.80	0.043
1956.90	0.044
1957.00	0.045
1957.10	0.046
1957.20	0.047
1957.30	0.048
1957.40	0.049
1957.50	0.050
1957.60	0.050
1957.70	0.050
1957.80	0.050
1957.90	0.050
1958.00	0.050
1958.10	0.050
1958.20	0.050
1958.30	0.050
1958.40	0.050
1958.50	0.050
1958.60	0.050
1958.70	0.050
1958.80	0.050
1958.90	0.050
1959.00	0.050
1959.10	0.050
1959.20	0.050
1959.30	0.050
1959.40	0.050
1959.50	0.050
1959.60	0.050
1959.70	0.050
1959.80	0.050
1959.90	0.050
1960.00	0.050
1960.10	0.050
1960.20	0.050
1960.30	0.050
1960.40	0.050
1960.50	0.050
1960.60	0.051
1960.70	0.052
1960.80	0.053
1960.90	0.054
1961.00	0.055
1961.10	0.056
1961.20	0.057
1961.30	0.058
1961.40	0.059
1961.50	0.060
1961.60	0.061
1961.70	0.062
1961.80	0.063
1961.90	0.064
1962.00	0.065
1962.10	0.066
1962.20	0.067
1962.30	0.068
1962.40	0.069
1962.50	0.070
1962.60	0.071
1962.70	0.072
1962.80	0.073
1962.90	0.074
1963.00	0.075
1963.10	0.076
1963.20	0.077
1963.30	0.078
1963.40	0.079
1963.50	0.080
1963.60	0.081
1963.70	0.082
1963.80	0.083
1963.90	0.084
1964.00	0.085
1964.10	0.086
1964.20	0.087
1964.30	0.088
1964.40	0.089
1964.50	0.090
1964.60	0.091
1964.70	0.093
1964.80	0.095
1964.90	0.097
1965.00	0.099
1965.10	0.101
1965.20	0.103
1965.30	0.105
1965.40	0.107
1965.50	0.109
1965.60	0.111
1965.70	0.113
1965.80	0.115
1965.90	0.117
1966.00	0.119
1966.10	0.121
1966.20	0.123
1966.30	0.125
1966.40	0.127
1966.50	0.129
1966.60	0.132
1966.70	0.135
1966.80	0.138
1966.90	0.141
1967.00	0.144
1967.10	0.147
1967.20	0.150
1967.30	0.153
1967.40	0.156
1967.50	0.159
1967.60	0.161
1967.70	0.163
1967.80	0.165
1967.90	0.167
1968.00	0.169
1968.10	0.171
1968.20	0.173
1968.30	0.175
1968.40	0.177
1968.50	0.179
1968.60	0.182
1968.70	0.185
1968.80	0.188
1968.90	0.191
1969.00	0.194
1969.10	0.197
1969.20	0.200
1969.30	0.203
1969.40	0.206
1969.50	0.209
1969.60	0.211
1969.70	0.213
1969.80	0.215
1969.90	0.217
1970.00	0.219
1970.10	0.221
1970.20	0.223
1970.30	0.225
1970.40	0.227
1970.50	0.229
1970.60	0.232
1970.70	0.235
1970.80	0.238
1970.90	0.241
1971.00	0.244
1971.10	0.247
1971.20	0.250
1971.30	0.253
1971.40	0.256
1971.50	0.259
1971.60	0.262
1971.70	0.266
1971.80	0.270
1971.90	0.274
1972.00	0.278
1972.10	0.282
1972.20	0.286
1972.30	0.290
1972.40	0.294
1972.50	0.298
1972.60	0.302
1972.70	0.306
1972.80	0.310
1972.90	0.314
1973.00	0.318
1973.10	0.322
1973.20	0.326
1973.30	0.330
1973.40	0.334
1973.50	0.338
1973.60	0.343
1973.70	0.348
1973.80	0.353
1973.90	0.358
1974.00	0.363
1974.10	0.368
1974.20	0.373
1974.30	0.378
1974.40	0.383
1974.50	0.388
1974.60	0.393
1974.70	0.398
1974.80	0.403
1974.90	0.408
1975.00	0.413
1975.10	0.418
1975.20	0.423
1975.30	0.428
1975.40	0.433
1975.50	0.438
1975.60	0.444
1975.70	0.450
1975.80	0.456
1975.90	0.462
1976.00	0.468
1976.10	0.474
1976.20	0.480
1976.30	0.486
1976.40	0.492
1976.50	0.498
1976.60	0.505
1976.70	0.513
1976.80	0.521
1976.90	0.529
1977.00	0.537
1977.10	0.545
1977.20	0.553
1977.30	0.561
1977.40	0.569
1977.50	0.577
1977.60	0.585
1977.70	0.593
1977.80	0.601
1977.90	0.609
1978.00	0.617
1978.10	0.625
1978.20	0.633
1978.30	0.641
1978.40	0.649
1978.50	0.657
1978.60	0.666
1978.70	0.676
1978.80	0.686
1978.90	0.696
1979.00	0.706
1979.10	0.716
1979.20	0.726
1979.30	0.736
1979.40	0.746
1979.50	0.756
1979.60	0.767
1979.70	0.779
1979.80	0.791
1979.90	0.803
1980.00	0.815
1980.10	0.827
1980.20	0.839
1980.30	0.851
1980.40	0.863
1980.50	0.875
1980.60	0.888
1980.70	0.901
1980.80	0.914
1980.90	0.927
1981.00	0.940
1981.10	0.953
1981.20	0.966
1981.30	0.979
1981.40	0.992
1981.50	1.005
1981.60	1.018
1981.70	1.031
1981.80	1.044
1981.90	1.057
1982.00	1.070
1982.10	1.083
1982.20	1.096
1982.30	1.109
1982.40	1.122
1982.50	1.135
1982.60	1.148
1982.70	1.161
1982.80	1.174
1982.90	1.187
1983.00	1.200
1983.10	1.213
1983.20	1.226
1983.30	1.239
1983.40	1.252
1983.50	1.265
1983.60	1.278
1983.70	1.292
1983.80	1.306
1983.90	1.320
1984.00	1.334
1984.10	1.348
1984.20	1.362
1984.30	1.376
1984.40	1.390
1984.50	1.404
1984.60	1.419
1984.70	1.434
1984.80	1.449
1984.90	1.464
1985.00	1.479
1985.10	1.494
1985.20	1.509
1985.30	1.524
1985.40	1.539
1985.50	1.554
1985.60	1.570
1985.70	1.586
1985.80	1.602
1985.90	1.618
1986.00	1.634
1986.10	1.650
1986.20	1.666
1986.30	1.682
1986.40	1.698
1986.50	1.714
1986.60	1.730
1986.70	1.747
1986.80	1.764
1986.90	1.781
1987.00	1.798
1987.10	1.815
1987.20	1.832
1987.30	1.849
1987.40	1.866
1987.50	1.883
1987.60	1.900
1987.70	1.917
1987.80	1.934
1987.90	1.951
1988.00	1.968
1988.10	1.985
1988.20	2.002
1988.30	2.019
1988.40	2.036
1988.50	2.053
1988.60	2.070
1988.70	2.087
1988.80	2.104
1988.90	2.121
1989.00	2.138
1989.10	2.155
1989.20	2.172
1989.30	2.189
1989.40	2.206
1989.50	2.223
1989.60	2.241
1989.70	2.260
1989.80	2.279
1989.90	2.298
1990.00	2.317
1990.10	2.336
1990.20	2.355
1990.30	2.374
1990.40	2.393
1990.50	2.412
1990.60	2.433
1990.70	2.454
1990.80	2.475
1990.90	2.496
1991.00	2.517
1991.10	2.538
1991.20	2.559
1991.30	2.580
1991.40	2.601
1991.50	2.622
1991.60	2.644
1991.70	2.667
1991.80	2.690
1991.90	2.713
1992.00	2.736
1992.10	2.759
1992.20	2.782
1992.30	2.805
1992.40	2.828
1992.50	2.851
1992.60	2.885
1992.70	2.928
1992.80	2.970
1992.90	3.013
1993.00	3.055
1993.10	3.097
1993.20	3.140
1993.30	3.182
1993.40	3.199
1993.50	3.297
1993.60	3.216
1993.70	3.233
1993.80	3.210
1993.90	3.207
1994.00	3.339
1994.10	3.335
1994.20	3.389
1994.30	3.400
1994.40	3.421
1994.50	3.459
1994.60	3.555
1994.70	3.450
1994.80	3.475
1994.90	3.522
1995.00	3.579
1995.10	3.626
1995.20	3.674
1995.30	3.658
1995.40	3.739
1995.50	3.781
1995.60	3.693
1995.70	3.692
1995.80	3.742
1995.90	3.774
1996.00	3.806
1996.10	3.857
1996.20	3.855
1996.30	3.880
1996.40	3.884
1996.50	3.926
1996.60	3.924
1996.70	3.935
1996.80	3.953
1996.90	4.001
1997.00	4.028
1997.10	4.033
1997.20	4.104
1997.30	4.118
1997.40	4.120
1997.50	4.139
1997.60	4.167
1997.70	4.152
1997.80	4.180
1997.90	4.219
1998.00	4.234
1998.10	4.291
1998.20	4.306
1998.30	4.352
1998.40	4.317
1998.50	4.317
1998.60	4.353
1998.70	4.351
1998.80	4.363
1998.90	4.377
1999.00	4.416
1999.10	4.452
1999.20	4.464
1999.30	4.477
1999.40	4.493
1999.50	4.476
1999.60	4.499
1999.70	4.527
1999.80	4.549
1999.90	4.580
2000.00	4.612
2000.10	4.623
2000.20	4.642
2000.30	4.653
2000.40	4.700
2000.50	4.676
2000.60	4.717
2000.70	4.751
2000.80	4.764
2000.90	4.793
2001.00	4.826
2001.10	4.852
2001.20	4.884
2001.30	4.900
2001.40	4.932
2001.50	4.926
2001.60	4.930
2001.70	4.963
2001.80	4.989
2001.90	5.028
2002.00	5.021
2002.10	5.058
2002.20	5.117
2002.30	5.128
2002.40	5.130
2002.50	5.138
2002.60	5.163
2002.70	5.189
2002.80	5.204
2002.90	5.229
2003.00	5.274
2003.10	5.314
2003.20	5.339
2003.30	5.354
2003.40	5.396
2003.50	5.383
2003.60	5.415
2003.70	5.412
2003.80	5.437
2003.90	5.463
2004.00	5.476
2004.10	5.497
2004.20	5.528
2004.30	5.562
2004.40	5.565
2004.50	5.594
2004.60	5.602
2004.70	5.632
2004.80	5.677
2004.90	5.701
2005.00	5.703
2005.10	5.759
2005.20	5.792
2005.30	5.819
2005.40	5.832
2005.50	5.844
2005.60	5.851
2005.70	5.868
2005.80	5.894
2005.90	5.933
2006.00	5.975
2006.10	5.980
2006.20	6.011
2006.30	6.054
2006.40	6.082
2006.50	6.104
2006.60	6.086
2006.70	6.122
2006.80	6.140
2006.90	6.186
2007.00	6.244
2007.10	6.264
2007.20	6.291
2007.30	6.324
2007.40	6.338
2007.50	6.382
2007.60	6.404
2007.70	6.419
2007.80	6.438
2007.90	6.484
2008.00	6.541
2008.10	6.554
2008.20	6.602
2008.30	6.611
2008.40	6.662
2008.50	6.682
2008.60	6.716
2008.70	6.726
2008.80	6.775
2008.90	6.822
2009.00	6.844
2009.10	6.861
2009.20	6.892
2009.30	6.918
2009.40	6.945
2009.50	6.968
2009.60	6.984
