0.00	8.794888705955E-01	0.0000000000E+00
0.25	8.794299039785E-01	0.0000000000E+00
0.50	8.789797889835E-01	0.0000000000E+00
0.75	8.771523204091E-01	0.0000000000E+00
1.00	8.741135835465E-01	0.0000000000E+00
1.25	8.701520311963E-01	0.0000000000E+00
1.50	8.656989484927E-01	0.0000000000E+00
1.75	8.606405067571E-01	0.0000000000E+00
2.00	8.562453206733E-01	0.0000000000E+00
2.25	8.512938091875E-01	0.0000000000E+00
2.50	8.457536449112E-01	0.0000000000E+00
2.75	8.396211172066E-01	0.0000000000E+00
3.00	8.329687806039E-01	0.0000000000E+00
3.25	8.258912694894E-01	0.0000000000E+00
3.50	8.184184869354E-01	0.0000000000E+00
3.75	8.105904754466E-01	0.0000000000E+00
4.00	8.024578887856E-01	0.0000000000E+00
4.25	7.940497341001E-01	0.0000000000E+00
4.50	7.853090758136E-01	0.0000000000E+00
4.75	7.762634228795E-01	0.0000000000E+00
5.00	7.669728771014E-01	0.0000000000E+00
5.25	7.574655804127E-01	0.0000000000E+00
5.50	7.478111931397E-01	0.0000000000E+00
5.75	7.380371290476E-01	0.0000000000E+00
6.00	7.282013930287E-01	0.0000000000E+00
6.25	7.183619543562E-01	0.0000000000E+00
6.50	7.085343244413E-01	0.0000000000E+00
6.75	6.987539550123E-01	0.0000000000E+00
7.00	6.890667669441E-01	0.0000000000E+00
7.25	6.795080708373E-01	0.0000000000E+00
7.50	6.701022602306E-01	0.0000000000E+00
7.75	6.608836271188E-01	0.0000000000E+00
8.00	6.518760340277E-01	0.0000000000E+00
8.25	6.430925370531E-01	0.0000000000E+00
8.50	6.345663416009E-01	0.0000000000E+00
8.75	6.262999721541E-01	0.0000000000E+00
9.00	6.183155063559E-01	0.0000000000E+00
9.25	6.106147335996E-01	0.0000000000E+00
9.50	6.031986344369E-01	0.0000000000E+00
9.75	5.960678780786E-01	0.0000000000E+00
10.00	5.892227813514E-01	0.0000000000E+00
10.25	5.826632694445E-01	0.0000000000E+00
10.50	5.763786821845E-01	0.0000000000E+00
10.75	5.703677616155E-01	0.0000000000E+00
11.00	5.646189435992E-01	0.0000000000E+00
11.25	5.591198504805E-01	0.0000000000E+00
11.50	5.538677052202E-01	0.0000000000E+00
11.75	5.488494424225E-01	0.0000000000E+00
12.00	5.440410474940E-01	0.0000000000E+00
12.25	5.394479072274E-01	0.0000000000E+00
12.50	5.350357061433E-01	0.0000000000E+00
12.75	5.308185623270E-01	0.0000000000E+00
13.00	5.267718380342E-01	0.0000000000E+00
13.25	5.228690080718E-01	0.0000000000E+00
13.50	5.191234849971E-01	0.0000000000E+00
13.75	5.155099020862E-01	0.0000000000E+00
14.00	5.120212103024E-01	0.0000000000E+00
14.25	5.086511534307E-01	0.0000000000E+00
14.50	5.053734286250E-01	0.0000000000E+00
14.75	5.022011108114E-01	0.0000000000E+00
15.00	4.991191574353E-01	0.0000000000E+00
15.25	4.961013973348E-01	0.0000000000E+00
15.50	4.931716400251E-01	0.0000000000E+00
15.75	4.902963131845E-01	0.0000000000E+00
16.00	4.874794771454E-01	0.0000000000E+00
16.25	4.847276004230E-01	0.0000000000E+00
16.50	4.820176556856E-01	0.0000000000E+00
16.75	4.793556270549E-01	0.0000000000E+00
17.00	4.767395618162E-01	0.0000000000E+00
17.25	4.741575549166E-01	0.0000000000E+00
17.50	4.716076783212E-01	0.0000000000E+00
17.75	4.690989879144E-01	0.0000000000E+00
18.00	4.666117345889E-01	0.0000000000E+00
18.25	4.641547931815E-01	0.0000000000E+00
18.50	4.617192733621E-01	0.0000000000E+00
18.75	4.593153403274E-01	0.0000000000E+00
19.00	4.569249835864E-01	0.0000000000E+00
19.25	4.545583772740E-01	0.0000000000E+00
19.50	4.522079783263E-01	0.0000000000E+00
19.75	4.498653124510E-01	0.0000000000E+00
20.00	4.475514475963E-01	0.0000000000E+00
20.25	4.452502214821E-01	0.0000000000E+00
20.50	4.429529662918E-01	0.0000000000E+00
20.75	4.406711488617E-01	0.0000000000E+00
21.00	4.383980672053E-01	0.0000000000E+00
21.25	4.361451224923E-01	0.0000000000E+00
21.50	4.338864001588E-01	0.0000000000E+00
21.75	4.316511778468E-01	0.0000000000E+00
22.00	4.294149550133E-01	0.0000000000E+00
22.25	4.271781195308E-01	0.0000000000E+00
22.50	4.249525098452E-01	0.0000000000E+00
22.75	4.227315660892E-01	0.0000000000E+00
23.00	4.205168931643E-01	0.0000000000E+00
23.25	4.183107672661E-01	0.0000000000E+00
23.50	4.160967221132E-01	0.0000000000E+00
23.75	4.138944943966E-01	0.0000000000E+00
24.00	4.116985076724E-01	0.0000000000E+00
24.25	4.095012159981E-01	0.0000000000E+00
24.50	4.073137097394E-01	0.0000000000E+00
24.75	4.051208217614E-01	0.0000000000E+00
25.00	4.029421891845E-01	0.0000000000E+00
25.25	4.007727483958E-01	0.0000000000E+00
25.50	3.986053773087E-01	0.0000000000E+00
25.75	3.964512345897E-01	0.0000000000E+00
26.00	3.942957155727E-01	0.0000000000E+00
26.25	3.921582154527E-01	0.0000000000E+00
26.50	3.900339345008E-01	0.0000000000E+00
26.75	3.879247750269E-01	0.0000000000E+00
27.00	3.858243771567E-01	0.0000000000E+00
27.25	3.837433624168E-01	0.0000000000E+00
27.50	3.816759188136E-01	0.0000000000E+00
27.75	3.796322546777E-01	0.0000000000E+00
28.00	3.775974306686E-01	0.0000000000E+00
28.25	3.755804301335E-01	0.0000000000E+00
28.50	3.735835470533E-01	0.0000000000E+00
28.75	3.715993004354E-01	0.0000000000E+00
29.00	3.696366437482E-01	0.0000000000E+00
29.25	3.676884716426E-01	0.0000000000E+00
29.50	3.657545370464E-01	0.0000000000E+00
29.75	3.638351899293E-01	0.0000000000E+00
30.00	3.619305706895E-01	0.0000000000E+00
30.25	3.600406299518E-01	0.0000000000E+00
30.50	3.581479899937E-01	0.0000000000E+00
30.75	3.562763430064E-01	0.0000000000E+00
31.00	3.544021008487E-01	0.0000000000E+00
31.25	3.525306724700E-01	0.0000000000E+00
31.50	3.506707920394E-01	0.0000000000E+00
31.75	3.488055872687E-01	0.0000000000E+00
32.00	3.469410252713E-01	0.0000000000E+00
32.25	3.450686862509E-01	0.0000000000E+00
32.50	3.431952770449E-01	0.0000000000E+00
32.75	3.413123153390E-01	0.0000000000E+00
33.00	3.394263673113E-01	0.0000000000E+00
33.25	3.375288665898E-01	0.0000000000E+00
33.50	3.356177802435E-01	0.0000000000E+00
33.75	3.337003264172E-01	0.0000000000E+00
34.00	3.317593021562E-01	0.0000000000E+00
34.25	3.298082143783E-01	0.0000000000E+00
34.50	3.278389998338E-01	0.0000000000E+00
34.75	3.258574012350E-01	0.0000000000E+00
35.00	3.238457432436E-01	0.0000000000E+00
35.25	3.218252485773E-01	0.0000000000E+00
35.50	3.197715391662E-01	0.0000000000E+00
35.75	3.176961182708E-01	0.0000000000E+00
36.00	3.155985452012E-01	0.0000000000E+00
36.25	3.134762818135E-01	0.0000000000E+00
36.50	3.113266990688E-01	0.0000000000E+00
36.75	3.091387169814E-01	0.0000000000E+00
37.00	3.069253410168E-01	0.0000000000E+00
37.25	3.046775484142E-01	0.0000000000E+00
37.50	3.024000106156E-01	0.0000000000E+00
37.75	3.000828116570E-01	0.0000000000E+00
38.00	2.977224164150E-01	0.0000000000E+00
38.25	2.953248883588E-01	0.0000000000E+00
38.50	2.928975753657E-01	0.0000000000E+00
38.75	2.904229086724E-01	0.0000000000E+00
39.00	2.879054331862E-01	0.0000000000E+00
39.25	2.853448625855E-01	0.0000000000E+00
39.50	2.827400973773E-01	0.0000000000E+00
39.75	2.800987138976E-01	0.0000000000E+00
40.00	2.774129489742E-01	0.0000000000E+00
40.25	2.746814477568E-01	0.0000000000E+00
40.50	2.719126398955E-01	0.0000000000E+00
40.75	2.690996210094E-01	0.0000000000E+00
41.00	2.662501698576E-01	0.0000000000E+00
41.25	2.633578627024E-01	0.0000000000E+00
41.50	2.604224977452E-01	0.0000000000E+00
41.75	2.574535555735E-01	0.0000000000E+00
42.00	2.544451171591E-01	0.0000000000E+00
42.25	2.513973297172E-01	0.0000000000E+00
42.50	2.483199262268E-01	0.0000000000E+00
42.75	2.452071887886E-01	0.0000000000E+00
43.00	2.420676342685E-01	0.0000000000E+00
43.25	2.388955121442E-01	0.0000000000E+00
43.50	2.356908745373E-01	0.0000000000E+00
43.75	2.324632087992E-01	0.0000000000E+00
44.00	2.292065032105E-01	0.0000000000E+00
44.25	2.259287128350E-01	0.0000000000E+00
44.50	2.226318348307E-01	0.0000000000E+00
44.75	2.192998636449E-01	0.0000000000E+00
45.00	2.159554689547E-01	0.0000000000E+00
45.25	2.125943917078E-01	0.0000000000E+00
45.50	2.092070656082E-01	0.0000000000E+00
45.75	2.058002422958E-01	0.0000000000E+00
46.00	2.023830661329E-01	0.0000000000E+00
46.25	1.989480053248E-01	0.0000000000E+00
46.50	1.955012213622E-01	0.0000000000E+00
46.75	1.920431120301E-01	0.0000000000E+00
47.00	1.885643853118E-01	0.0000000000E+00
47.25	1.850789679364E-01	0.0000000000E+00
47.50	1.815882730729E-01	0.0000000000E+00
47.75	1.780827538726E-01	0.0000000000E+00
48.00	1.745760844929E-01	0.0000000000E+00
48.25	1.710532283329E-01	0.0000000000E+00
48.50	1.675346601646E-01	0.0000000000E+00
48.75	1.640068752353E-01	0.0000000000E+00
49.00	1.604740944118E-01	0.0000000000E+00
49.25	1.569448205252E-01	0.0000000000E+00
49.50	1.534114138187E-01	0.0000000000E+00
49.75	1.498880516441E-01	0.0000000000E+00
50.00	1.463608214520E-01	0.0000000000E+00
50.25	1.428428843581E-01	0.0000000000E+00
50.50	1.393370928125E-01	0.0000000000E+00
50.75	1.358356458115E-01	0.0000000000E+00
51.00	1.323537989431E-01	0.0000000000E+00
51.25	1.288791596606E-01	0.0000000000E+00
51.50	1.254340141135E-01	0.0000000000E+00
51.75	1.220000190296E-01	0.0000000000E+00
52.00	1.185903934355E-01	0.0000000000E+00
52.25	1.152098315845E-01	0.0000000000E+00
52.50	1.118602893535E-01	0.0000000000E+00
52.75	1.085438770644E-01	0.0000000000E+00
53.00	1.052628240429E-01	0.0000000000E+00
53.25	1.020116265671E-01	0.0000000000E+00
53.50	9.880681161464E-02	0.0000000000E+00
53.75	9.564585667790E-02	0.0000000000E+00
54.00	9.252959224670E-02	0.0000000000E+00
54.25	8.946179197213E-02	0.0000000000E+00
54.50	8.644256817645E-02	3.9938502525E-13
54.75	8.347422888486E-02	2.0097061135E-12
55.00	8.055798025870E-02	6.0669211388E-12
55.25	7.769455157172E-02	1.4243379131E-11
55.50	7.488597290111E-02	2.8658191144E-11
55.75	7.213209925802E-02	5.1889214436E-11
56.00	6.943287710110E-02	8.6982970968E-11
56.25	6.678818289693E-02	1.3746026553E-10
56.50	6.419767556861E-02	2.0734428376E-10
56.75	6.166080236490E-02	3.0113064855E-10
57.00	5.917608164632E-02	4.2382497577E-10
57.25	5.674315178638E-02	5.7926662912E-10
57.50	5.435960131736E-02	7.7007688817E-10
57.75	5.202458422273E-02	9.9762253417E-10
58.00	4.973611886647E-02	1.2619224539E-09
58.25	4.749180613664E-02	1.5617237179E-09
58.50	4.528985056603E-02	1.8943764937E-09
58.75	4.312991537964E-02	2.2558339972E-09
59.00	4.101115352924E-02	2.6404513090E-09
59.25	3.893178157131E-02	3.0411482075E-09
59.50	3.689189297611E-02	3.4495753761E-09
59.75	3.489125577375E-02	3.8554611371E-09
60.00	3.292942221789E-02	4.2499013399E-09
60.25	3.100727361802E-02	4.6249160086E-09
60.50	2.912593597436E-02	4.9740171498E-09
60.75	2.728579649693E-02	5.2915868108E-09
61.00	2.548912421603E-02	5.5736342528E-09
61.25	2.373723961310E-02	5.8172672771E-09
61.50	2.203252237094E-02	6.0211738142E-09
61.75	2.037766524267E-02	6.1851801531E-09
62.00	1.877607617960E-02	6.3110016267E-09
62.25	1.723068283673E-02	6.4013286435E-09
62.50	1.574433313088E-02	6.4606544523E-09
62.75	1.432135733218E-02	6.4929679850E-09
63.00	1.296377980535E-02	6.5020245750E-09
63.25	1.167521185217E-02	6.4910650759E-09
63.50	1.045785295486E-02	6.4631768379E-09
63.75	9.312915008821E-03	6.4208316682E-09
64.00	8.241851055593E-03	6.3663386210E-09
64.25	7.245812105544E-03	6.3012973581E-09
64.50	6.325183897763E-03	6.2272333120E-09
64.75	5.479784905432E-03	6.1451473052E-09
65.00	4.709125875504E-03	6.0555246898E-09
65.25	4.012086855678E-03	5.9585247158E-09
65.50	3.386942992823E-03	5.8546037996E-09
65.75	2.832008085482E-03	5.7439851408E-09
66.00	2.344621120526E-03	5.6270985735E-09
66.25	1.920961723155E-03	5.5044022424E-09
66.50	1.556031938587E-03	5.3763812533E-09
66.75	1.244840572356E-03	5.2436295169E-09
67.00	9.822525711354E-04	5.1066775497E-09
67.25	7.632351024411E-04	4.9662392613E-09
67.50	5.830158180529E-04	4.8229563506E-09
67.75	4.369664971932E-04	4.6776380232E-09
68.00	3.206644787713E-04	4.5308518036E-09
68.25	2.299422954103E-04	4.3834776036E-09
68.50	1.608771316277E-04	4.2361440773E-09
68.75	1.098379225728E-04	4.0896164196E-09
69.00	7.346327281886E-05	3.9445560252E-09
69.25	4.871047245366E-05	3.8016669379E-09
69.50	3.225157558570E-05	3.6616127435E-09
69.75	2.134983301991E-05	3.5249406928E-09
70.00	1.412993284043E-05	3.3922237025E-09
70.25	9.349942804158E-06	3.2639139946E-09
70.50	6.185710769314E-06	3.1404147897E-09
70.75	4.091422675251E-06	3.0222139854E-09
71.00	2.705697039368E-06	2.9094780231E-09
71.25	1.788928980227E-06	2.8025295272E-09
71.50	1.182540650098E-06	2.7015141225E-09
71.75	7.815878414298E-07	2.6066034927E-09
72.00	5.164864775275E-07	2.5178070179E-09
72.25	3.412378049382E-07	2.4351702592E-09
72.50	2.254205255830E-07	2.3586531554E-09
72.75	1.488899598341E-07	2.2881990128E-09
73.00	9.832336695914E-08	2.2236788993E-09
73.25	6.492205657908E-08	2.1650181755E-09
73.50	4.286184209138E-08	2.1120201880E-09
73.75	2.829384893092E-08	2.0644331481E-09
74.00	1.867514833123E-08	2.0221886129E-09
74.25	1.232445400923E-08	1.9850493078E-09
74.50	8.132900072217E-09	1.9527315925E-09
74.75	5.366350225837E-09	1.9250808156E-09
75.00	3.540479249194E-09	1.9018392619E-09
75.25	2.335643395555E-09	1.8828206270E-09
75.50	1.540693543133E-09	1.8677367012E-09
75.75	1.016252648512E-09	1.8564273588E-09
76.00	6.702784041640E-10	1.8486869674E-09
76.25	4.420536658584E-10	1.8443211434E-09
76.50	2.915172696277E-10	1.8430880253E-09
76.75	1.922407113673E-10	1.8448122585E-09
77.00	1.267641716869E-10	1.8493844468E-09
77.25	8.358407960941E-11	1.8565282583E-09
77.50	5.511122713672E-11	1.8662054162E-09
77.75	3.633717146515E-11	1.8781497449E-09
78.00	2.395777387839E-11	1.8922740443E-09
78.25	1.579581575740E-11	1.9083770148E-09
78.50	1.041411835817E-11	1.9264970354E-09
78.75	6.865954458835E-12	1.9463789193E-09
79.00	4.526731260896E-12	1.9678868875E-09
79.25	2.984458382542E-12	1.9910681108E-09
79.50	1.967627978682E-12	2.0157309208E-09
79.75	1.297314001875E-12	2.0418054109E-09
80.00	8.553423046081E-13	2.0692234099E-09
80.25	5.639491740933E-13	2.0978559699E-09
80.50	3.718329231062E-13	2.1277619146E-09
80.75	2.451722313658E-13	2.1588151064E-09
81.00	1.616618772432E-13	2.1909520588E-09
81.25	1.065967810861E-13	2.2241739236E-09
81.50	7.028956617303E-14	2.2584192481E-09
81.75	4.635009826902E-14	2.2936262918E-09
82.00	3.056497814858E-14	2.3297982315E-09
82.25	2.015599956267E-14	2.3669390179E-09
82.50	1.329190790132E-14	2.4011135471E-09
82.75	8.765572488037E-15	2.4320269621E-09
83.00	5.780791774375E-15	2.4594415489E-09
83.25	3.812398592320E-15	2.4830420333E-09
83.50	2.514270318163E-15	2.5025012132E-09
83.75	1.658218344313E-15	2.5174098757E-09
84.00	1.093620377759E-15	2.5275542118E-09
84.25	7.212637621036E-16	2.5324998821E-09
84.50	4.756929730914E-16	2.5318686874E-09
84.75	3.137317560917E-16	2.5318686874E-09
85.00	2.069181617312E-16	2.5318686874E-09
85.25	1.364679382827E-16	2.5318686874E-09
85.50	9.000392053267E-17	2.5318686874E-09
85.75	5.935997817496E-17	2.5318686874E-09
86.00	3.914938042631E-17	2.5318686874E-09
86.25	2.581951008891E-17	2.5318686874E-09
86.50	1.702850221560E-17	2.5318686874E-09
86.75	1.123029488578E-17	2.5318686874E-09
87.00	7.406282247117E-18	2.5318686874E-09
87.25	4.884371035937E-18	2.5318686874E-09
87.50	3.221150815726E-18	2.5318686874E-09
87.75	2.124229191944E-18	2.5318686874E-09
88.00	1.400867084510E-18	2.5318686874E-09
88.25	9.237981195327E-19	2.5318686874E-09
88.50	6.091845957996E-19	2.5318686874E-09
88.75	4.017152293304E-19	2.5318686874E-09
89.00	2.648986318551E-19	2.5318686874E-09
89.25	1.746771144453E-19	2.5318686874E-09
89.50	1.151827842063E-19	2.5318686874E-09
89.75	7.594799000202E-20	2.5318686874E-09
90.00	5.007700735747E-20	2.5318686874E-09
90.25	3.301870612384E-20	2.5318686874E-09
90.50	1.841397776364E-20	2.5318686874E-09
90.75	9.324295903960E-21	2.5318686874E-09
91.00	4.835064866279E-21	2.5318686874E-09
91.25	2.583021201232E-21	2.5318686874E-09
91.50	1.431794580941E-21	2.5318686874E-09
91.75	8.297126711459E-22	2.5318686874E-09
92.00	5.061835156293E-22	2.5318686874E-09
92.25	4.333121678765E-22	2.5318686874E-09
92.50	4.328196323329E-22	2.5318686874E-09
92.75	4.323223412751E-22	2.5318686874E-09
93.00	4.318104475625E-22	2.5318686874E-09
93.25	4.312956121205E-22	2.5318686874E-09
93.50	4.307762927646E-22	2.5318686874E-09
93.75	4.302426678785E-22	2.5318686874E-09
94.00	4.297063311092E-22	2.5318686874E-09
94.25	4.291658207830E-22	2.5318686874E-09
94.50	4.286113394843E-22	2.5318686874E-09
94.75	4.280544095355E-22	2.5318686874E-09
400.00	4.274865595830E-22	2.5318686874E-09