year	concentration	uncert
1800.04	285.631	4.216
1800.13	286.505	4.170
1800.21	287.127	4.167
1800.29	287.256	4.149
1800.38	287.074	4.147
1800.46	284.619	4.145
1800.54	279.161	4.207
1800.63	274.435	4.188
1800.71	274.938	4.159
1800.79	279.151	4.164
1800.88	283.299	4.159
1800.96	285.603	4.189
1801.04	285.731	4.216
1801.13	286.605	4.170
1801.21	287.227	4.167
1801.29	287.356	4.149
1801.38	287.174	4.147
1801.46	284.719	4.145
1801.54	279.261	4.207
1801.63	274.535	4.188
1801.71	275.038	4.159
1801.79	279.251	4.164
1801.88	283.399	4.159
1801.96	285.703	4.189
1802.04	285.831	4.216
1802.13	286.705	4.170
1802.21	287.327	4.167
1802.29	287.456	4.149
1802.38	287.274	4.147
1802.46	284.819	4.145
1802.54	279.361	4.207
1802.63	274.635	4.188
1802.71	275.138	4.159
1802.79	279.351	4.164
1802.88	283.499	4.159
1802.96	285.803	4.189
1803.04	285.931	4.216
1803.13	286.805	4.170
1803.21	287.427	4.167
1803.29	287.556	4.149
1803.38	287.374	4.147
1803.46	284.919	4.145
1803.54	279.461	4.207
1803.63	274.735	4.188
1803.71	275.238	4.159
1803.79	279.451	4.164
1803.88	283.599	4.159
1803.96	285.903	4.189
1804.04	286.031	4.216
1804.13	286.905	4.170
1804.21	287.527	4.167
1804.29	287.656	4.149
1804.38	287.474	4.147
1804.46	285.019	4.145
1804.54	279.561	4.207
1804.63	274.835	4.188
1804.71	275.338	4.159
1804.79	279.551	4.164
1804.88	283.699	4.159
1804.96	286.003	4.189
1805.04	286.131	4.216
1805.13	287.005	4.170
1805.21	287.627	4.167
1805.29	287.756	4.149
1805.38	287.574	4.147
1805.46	285.119	4.145
1805.54	279.661	4.207
1805.63	274.935	4.188
1805.71	275.438	4.159
1805.79	279.651	4.164
1805.88	283.799	4.159
1805.96	286.103	4.189
1806.04	286.211	4.216
1806.13	287.085	4.170
1806.21	287.707	4.167
1806.29	287.836	4.149
1806.38	287.654	4.147
1806.46	285.199	4.145
1806.54	279.741	4.207
1806.63	275.015	4.188
1806.71	275.518	4.159
1806.79	279.731	4.164
1806.88	283.879	4.159
1806.96	286.183	4.189
1807.04	286.291	4.216
1807.13	287.165	4.170
1807.21	287.787	4.167
1807.29	287.916	4.149
1807.38	287.734	4.147
1807.46	285.279	4.145
1807.54	279.821	4.207
1807.63	275.095	4.188
1807.71	275.598	4.159
1807.79	279.811	4.164
1807.88	283.959	4.159
1807.96	286.263	4.189
1808.04	286.371	4.216
1808.13	287.245	4.170
1808.21	287.867	4.167
1808.29	287.996	4.149
1808.38	287.814	4.147
1808.46	285.359	4.145
1808.54	279.901	4.207
1808.63	275.175	4.188
1808.71	275.678	4.159
1808.79	279.891	4.164
1808.88	284.039	4.159
1808.96	286.343	4.189
1809.04	286.451	4.216
1809.13	287.325	4.170
1809.21	287.947	4.167
1809.29	288.076	4.149
1809.38	287.894	4.147
1809.46	285.439	4.145
1809.54	279.981	4.207
1809.63	275.255	4.188
1809.71	275.758	4.159
1809.79	279.971	4.164
1809.88	284.119	4.159
1809.96	286.423	4.189
1810.04	286.531	4.216
1810.13	287.405	4.170
1810.21	288.027	4.167
1810.29	288.156	4.149
1810.38	287.974	4.147
1810.46	285.519	4.145
1810.54	280.061	4.207
1810.63	275.335	4.188
1810.71	275.838	4.159
1810.79	280.051	4.164
1810.88	284.199	4.159
1810.96	286.503	4.189
1811.04	286.571	4.216
1811.13	287.445	4.170
1811.21	288.067	4.167
1811.29	288.196	4.149
1811.38	288.014	4.147
1811.46	285.559	4.145
1811.54	280.101	4.207
1811.63	275.375	4.188
1811.71	275.878	4.159
1811.79	280.091	4.164
1811.88	284.239	4.159
1811.96	286.543	4.189
1812.04	286.611	4.216
1812.13	287.485	4.170
1812.21	288.107	4.167
1812.29	288.236	4.149
1812.38	288.054	4.147
1812.46	285.599	4.145
1812.54	280.141	4.207
1812.63	275.415	4.188
1812.71	275.918	4.159
1812.79	280.131	4.164
1812.88	284.279	4.159
1812.96	286.583	4.189
1813.04	286.651	4.216
1813.13	287.525	4.170
1813.21	288.147	4.167
1813.29	288.276	4.149
1813.38	288.094	4.147
1813.46	285.639	4.145
1813.54	280.181	4.207
1813.63	275.455	4.188
1813.71	275.958	4.159
1813.79	280.171	4.164
1813.88	284.319	4.159
1813.96	286.623	4.189
1814.04	286.691	4.216
1814.13	287.565	4.170
1814.21	288.187	4.167
1814.29	288.316	4.149
1814.38	288.134	4.147
1814.46	285.679	4.145
1814.54	280.221	4.207
1814.63	275.495	4.188
1814.71	275.998	4.159
1814.79	280.211	4.164
1814.88	284.359	4.159
1814.96	286.663	4.189
1815.04	286.731	4.216
1815.13	287.605	4.170
1815.21	288.227	4.167
1815.29	288.356	4.149
1815.38	288.174	4.147
1815.46	285.719	4.145
1815.54	280.261	4.207
1815.63	275.535	4.188
1815.71	276.038	4.159
1815.79	280.251	4.164
1815.88	284.399	4.159
1815.96	286.703	4.189
1816.04	286.771	4.216
1816.13	287.645	4.170
1816.21	288.267	4.167
1816.29	288.396	4.149
1816.38	288.214	4.147
1816.46	285.759	4.145
1816.54	280.301	4.207
1816.63	275.575	4.188
1816.71	276.078	4.159
1816.79	280.291	4.164
1816.88	284.439	4.159
1816.96	286.743	4.189
1817.04	286.811	4.216
1817.13	287.685	4.170
1817.21	288.307	4.167
1817.29	288.436	4.149
1817.38	288.254	4.147
1817.46	285.799	4.145
1817.54	280.341	4.207
1817.63	275.615	4.188
1817.71	276.118	4.159
1817.79	280.331	4.164
1817.88	284.479	4.159
1817.96	286.783	4.189
1818.04	286.851	4.216
1818.13	287.725	4.170
1818.21	288.347	4.167
1818.29	288.476	4.149
1818.38	288.294	4.147
1818.46	285.839	4.145
1818.54	280.381	4.207
1818.63	275.655	4.188
1818.71	276.158	4.159
1818.79	280.371	4.164
1818.88	284.519	4.159
1818.96	286.823	4.189
1819.04	286.891	4.216
1819.13	287.765	4.170
1819.21	288.387	4.167
1819.29	288.516	4.149
1819.38	288.334	4.147
1819.46	285.879	4.145
1819.54	280.421	4.207
1819.63	275.695	4.188
1819.71	276.198	4.159
1819.79	280.411	4.164
1819.88	284.559	4.159
1819.96	286.863	4.189
1820.04	286.931	4.216
1820.13	287.805	4.170
1820.21	288.427	4.167
1820.29	288.556	4.149
1820.38	288.374	4.147
1820.46	285.919	4.145
1820.54	280.461	4.207
1820.63	275.735	4.188
1820.71	276.238	4.159
1820.79	280.451	4.164
1820.88	284.599	4.159
1820.96	286.903	4.189
1821.04	286.951	4.216
1821.13	287.825	4.170
1821.21	288.447	4.167
1821.29	288.576	4.149
1821.38	288.394	4.147
1821.46	285.939	4.145
1821.54	280.481	4.207
1821.63	275.755	4.188
1821.71	276.258	4.159
1821.79	280.471	4.164
1821.88	284.619	4.159
1821.96	286.923	4.189
1822.04	286.971	4.216
1822.13	287.845	4.170
1822.21	288.467	4.167
1822.29	288.596	4.149
1822.38	288.414	4.147
1822.46	285.959	4.145
1822.54	280.501	4.207
1822.63	275.775	4.188
1822.71	276.278	4.159
1822.79	280.491	4.164
1822.88	284.639	4.159
1822.96	286.943	4.189
1823.04	286.991	4.216
1823.13	287.865	4.170
1823.21	288.487	4.167
1823.29	288.616	4.149
1823.38	288.434	4.147
1823.46	285.979	4.145
1823.54	280.521	4.207
1823.63	275.795	4.188
1823.71	276.298	4.159
1823.79	280.511	4.164
1823.88	284.659	4.159
1823.96	286.963	4.189
1824.04	287.011	4.216
1824.13	287.885	4.170
1824.21	288.507	4.167
1824.29	288.636	4.149
1824.38	288.454	4.147
1824.46	285.999	4.145
1824.54	280.541	4.207
1824.63	275.815	4.188
1824.71	276.318	4.159
1824.79	280.531	4.164
1824.88	284.679	4.159
1824.96	286.983	4.189
1825.04	287.031	4.216
1825.13	287.905	4.170
1825.21	288.527	4.167
1825.29	288.656	4.149
1825.38	288.474	4.147
1825.46	286.019	4.145
1825.54	280.561	4.207
1825.63	275.835	4.188
1825.71	276.338	4.159
1825.79	280.551	4.164
1825.88	284.699	4.159
1825.96	287.003	4.189
1826.04	287.051	4.216
1826.13	287.925	4.170
1826.21	288.547	4.167
1826.29	288.676	4.149
1826.38	288.494	4.147
1826.46	286.039	4.145
1826.54	280.581	4.207
1826.63	275.855	4.188
1826.71	276.358	4.159
1826.79	280.571	4.164
1826.88	284.719	4.159
1826.96	287.023	4.189
1827.04	287.071	4.216
1827.13	287.945	4.170
1827.21	288.567	4.167
1827.29	288.696	4.149
1827.38	288.514	4.147
1827.46	286.059	4.145
1827.54	280.601	4.207
1827.63	275.875	4.188
1827.71	276.378	4.159
1827.79	280.591	4.164
1827.88	284.739	4.159
1827.96	287.043	4.189
1828.04	287.091	4.216
1828.13	287.965	4.170
1828.21	288.587	4.167
1828.29	288.716	4.149
1828.38	288.534	4.147
1828.46	286.079	4.145
1828.54	280.621	4.207
1828.63	275.895	4.188
1828.71	276.398	4.159
1828.79	280.611	4.164
1828.88	284.759	4.159
1828.96	287.063	4.189
1829.04	287.111	4.216
1829.13	287.985	4.170
1829.21	288.607	4.167
1829.29	288.736	4.149
1829.38	288.554	4.147
1829.46	286.099	4.145
1829.54	280.641	4.207
1829.63	275.915	4.188
1829.71	276.418	4.159
1829.79	280.631	4.164
1829.88	284.779	4.159
1829.96	287.083	4.189
1830.04	287.131	4.216
1830.13	288.005	4.170
1830.21	288.627	4.167
1830.29	288.756	4.149
1830.38	288.574	4.147
1830.46	286.119	4.145
1830.54	280.661	4.207
1830.63	275.935	4.188
1830.71	276.438	4.159
1830.79	280.651	4.164
1830.88	284.799	4.159
1830.96	287.103	4.189
1831.04	287.081	4.216
1831.13	287.955	4.170
1831.21	288.577	4.167
1831.29	288.706	4.149
1831.38	288.524	4.147
1831.46	286.069	4.145
1831.54	280.611	4.207
1831.63	275.885	4.188
1831.71	276.388	4.159
1831.79	280.601	4.164
1831.88	284.749	4.159
1831.96	287.053	4.189
1832.04	287.031	4.216
1832.13	287.905	4.170
1832.21	288.527	4.167
1832.29	288.656	4.149
1832.38	288.474	4.147
1832.46	286.019	4.145
1832.54	280.561	4.207
1832.63	275.835	4.188
1832.71	276.338	4.159
1832.79	280.551	4.164
1832.88	284.699	4.159
1832.96	287.003	4.189
1833.04	286.831	4.216
1833.13	287.705	4.170
1833.21	288.327	4.167
1833.29	288.456	4.149
1833.38	288.274	4.147
1833.46	285.819	4.145
1833.54	280.361	4.207
1833.63	275.635	4.188
1833.71	276.138	4.159
1833.79	280.351	4.164
1833.88	284.499	4.159
1833.96	286.803	4.189
1834.04	286.731	4.216
1834.13	287.605	4.170
1834.21	288.227	4.167
1834.29	288.356	4.149
1834.38	288.174	4.147
1834.46	285.719	4.145
1834.54	280.261	4.207
1834.63	275.535	4.188
1834.71	276.038	4.159
1834.79	280.251	4.164
1834.88	284.399	4.159
1834.96	286.703	4.189
1835.04	286.531	4.216
1835.13	287.405	4.170
1835.21	288.027	4.167
1835.29	288.156	4.149
1835.38	287.974	4.147
1835.46	285.519	4.145
1835.54	280.061	4.207
1835.63	275.335	4.188
1835.71	275.838	4.159
1835.79	280.051	4.164
1835.88	284.199	4.159
1835.96	286.503	4.189
1836.04	286.431	4.216
1836.13	287.305	4.170
1836.21	287.927	4.167
1836.29	288.056	4.149
1836.38	287.874	4.147
1836.46	285.419	4.145
1836.54	279.961	4.207
1836.63	275.235	4.188
1836.71	275.738	4.159
1836.79	279.951	4.164
1836.88	284.099	4.159
1836.96	286.403	4.189
1837.04	286.231	4.216
1837.13	287.105	4.170
1837.21	287.727	4.167
1837.29	287.856	4.149
1837.38	287.674	4.147
1837.46	285.219	4.145
1837.54	279.761	4.207
1837.63	275.035	4.188
1837.71	275.538	4.159
1837.79	279.751	4.164
1837.88	283.899	4.159
1837.96	286.203	4.189
1838.04	286.131	4.216
1838.13	287.005	4.170
1838.21	287.627	4.167
1838.29	287.756	4.149
1838.38	287.574	4.147
1838.46	285.119	4.145
1838.54	279.661	4.207
1838.63	274.935	4.188
1838.71	275.438	4.159
1838.79	279.651	4.164
1838.88	283.799	4.159
1838.96	286.103	4.189
1839.04	286.131	4.216
1839.13	287.005	4.170
1839.21	287.627	4.167
1839.29	287.756	4.149
1839.38	287.574	4.147
1839.46	285.119	4.145
1839.54	279.661	4.207
1839.63	274.935	4.188
1839.71	275.438	4.159
1839.79	279.651	4.164
1839.88	283.799	4.159
1839.96	286.103	4.189
1840.04	286.131	4.216
1840.13	287.005	4.170
1840.21	287.627	4.167
1840.29	287.756	4.149
1840.38	287.574	4.147
1840.46	285.119	4.145
1840.54	279.661	4.207
1840.63	274.935	4.188
1840.71	275.438	4.159
1840.79	279.651	4.164
1840.88	283.799	4.159
1840.96	286.103	4.189
1841.04	286.131	4.216
1841.13	287.005	4.170
1841.21	287.627	4.167
1841.29	287.756	4.149
1841.38	287.574	4.147
1841.46	285.119	4.145
1841.54	279.661	4.207
1841.63	274.935	4.188
1841.71	275.438	4.159
1841.79	279.651	4.164
1841.88	283.799	4.159
1841.96	286.103	4.189
1842.04	286.231	4.216
1842.13	287.105	4.170
1842.21	287.727	4.167
1842.29	287.856	4.149
1842.38	287.674	4.147
1842.46	285.219	4.145
1842.54	279.761	4.207
1842.63	275.035	4.188
1842.71	275.538	4.159
1842.79	279.751	4.164
1842.88	283.899	4.159
1842.96	286.203	4.189
1843.04	286.331	4.216
1843.13	287.205	4.170
1843.21	287.827	4.167
1843.29	287.956	4.149
1843.38	287.774	4.147
1843.46	285.319	4.145
1843.54	279.861	4.207
1843.63	275.135	4.188
1843.71	275.638	4.159
1843.79	279.851	4.164
1843.88	283.999	4.159
1843.96	286.303	4.189
1844.04	286.431	4.216
1844.13	287.305	4.170
1844.21	287.927	4.167
1844.29	288.056	4.149
1844.38	287.874	4.147
1844.46	285.419	4.145
1844.54	279.961	4.207
1844.63	275.235	4.188
1844.71	275.738	4.159
1844.79	279.951	4.164
1844.88	284.099	4.159
1844.96	286.403	4.189
1845.04	286.631	4.216
1845.13	287.505	4.170
1845.21	288.127	4.167
1845.29	288.256	4.149
1845.38	288.074	4.147
1845.46	285.619	4.145
1845.54	280.161	4.207
1845.63	275.435	4.188
1845.71	275.938	4.159
1845.79	280.151	4.164
1845.88	284.299	4.159
1845.96	286.603	4.189
1846.04	286.831	4.216
1846.13	287.705	4.170
1846.21	288.327	4.167
1846.29	288.456	4.149
1846.38	288.274	4.147
1846.46	285.819	4.145
1846.54	280.361	4.207
1846.63	275.635	4.188
1846.71	276.138	4.159
1846.79	280.351	4.164
1846.88	284.499	4.159
1846.96	286.803	4.189
1847.04	286.931	4.216
1847.13	287.805	4.170
1847.21	288.427	4.167
1847.29	288.556	4.149
1847.38	288.374	4.147
1847.46	285.919	4.145
1847.54	280.461	4.207
1847.63	275.735	4.188
1847.71	276.238	4.159
1847.79	280.451	4.164
1847.88	284.599	4.159
1847.96	286.903	4.189
1848.04	287.131	4.216
1848.13	288.005	4.170
1848.21	288.627	4.167
1848.29	288.756	4.149
1848.38	288.574	4.147
1848.46	286.119	4.145
1848.54	280.661	4.207
1848.63	275.935	4.188
1848.71	276.438	4.159
1848.79	280.651	4.164
1848.88	284.799	4.159
1848.96	287.103	4.189
1849.04	287.331	4.216
1849.13	288.205	4.170
1849.21	288.827	4.167
1849.29	288.956	4.149
1849.38	288.774	4.147
1849.46	286.319	4.145
1849.54	280.861	4.207
1849.63	276.135	4.188
1849.71	276.638	4.159
1849.79	280.851	4.164
1849.88	284.999	4.159
1849.96	287.303	4.189
1850.04	287.431	4.216
1850.13	288.305	4.170
1850.21	288.927	4.167
1850.29	289.056	4.149
1850.38	288.874	4.147
1850.46	286.419	4.145
1850.54	280.961	4.207
1850.63	276.235	4.188
1850.71	276.738	4.159
1850.79	280.951	4.164
1850.88	285.099	4.159
1850.96	287.403	4.189
1851.04	287.631	4.216
1851.13	288.505	4.170
1851.21	289.127	4.167
1851.29	289.256	4.149
1851.38	289.074	4.147
1851.46	286.619	4.145
1851.54	281.161	4.207
1851.63	276.435	4.188
1851.71	276.938	4.159
1851.79	281.151	4.164
1851.88	285.299	4.159
1851.96	287.603	4.189
1852.04	287.731	4.216
1852.13	288.605	4.170
1852.21	289.227	4.167
1852.29	289.356	4.149
1852.38	289.174	4.147
1852.46	286.719	4.145
1852.54	281.261	4.207
1852.63	276.535	4.188
1852.71	277.038	4.159
1852.79	281.251	4.164
1852.88	285.399	4.159
1852.96	287.703	4.189
1853.04	287.831	4.216
1853.13	288.705	4.170
1853.21	289.327	4.167
1853.29	289.456	4.149
1853.38	289.274	4.147
1853.46	286.819	4.145
1853.54	281.361	4.207
1853.63	276.635	4.188
1853.71	277.138	4.159
1853.79	281.351	4.164
1853.88	285.499	4.159
1853.96	287.803	4.189
1854.04	288.031	4.216
1854.13	288.905	4.170
1854.21	289.527	4.167
1854.29	289.656	4.149
1854.38	289.474	4.147
1854.46	287.019	4.145
1854.54	281.561	4.207
1854.63	276.835	4.188
1854.71	277.338	4.159
1854.79	281.551	4.164
1854.88	285.699	4.159
1854.96	288.003	4.189
1855.04	288.131	4.216
1855.13	289.005	4.170
1855.21	289.627	4.167
1855.29	289.756	4.149
1855.38	289.574	4.147
1855.46	287.119	4.145
1855.54	281.661	4.207
1855.63	276.935	4.188
1855.71	277.438	4.159
1855.79	281.651	4.164
1855.88	285.799	4.159
1855.96	288.103	4.189
1856.04	288.331	4.216
1856.13	289.205	4.170
1856.21	289.827	4.167
1856.29	289.956	4.149
1856.38	289.774	4.147
1856.46	287.319	4.145
1856.54	281.861	4.207
1856.63	277.135	4.188
1856.71	277.638	4.159
1856.79	281.851	4.164
1856.88	285.999	4.159
1856.96	288.303	4.189
1857.04	288.431	4.216
1857.13	289.305	4.170
1857.21	289.927	4.167
1857.29	290.056	4.149
1857.38	289.874	4.147
1857.46	287.419	4.145
1857.54	281.961	4.207
1857.63	277.235	4.188
1857.71	277.738	4.159
1857.79	281.951	4.164
1857.88	286.099	4.159
1857.96	288.403	4.189
1858.04	288.631	4.216
1858.13	289.505	4.170
1858.21	290.127	4.167
1858.29	290.256	4.149
1858.38	290.074	4.147
1858.46	287.619	4.145
1858.54	282.161	4.207
1858.63	277.435	4.188
1858.71	277.938	4.159
1858.79	282.151	4.164
1858.88	286.299	4.159
1858.96	288.603	4.189
1859.04	288.831	4.216
1859.13	289.705	4.170
1859.21	290.327	4.167
1859.29	290.456	4.149
1859.38	290.274	4.147
1859.46	287.819	4.145
1859.54	282.361	4.207
1859.63	277.635	4.188
1859.71	278.138	4.159
1859.79	282.351	4.164
1859.88	286.499	4.159
1859.96	288.803	4.189
1860.04	288.931	4.216
1860.13	289.805	4.170
1860.21	290.427	4.167
1860.29	290.556	4.149
1860.38	290.374	4.147
1860.46	287.919	4.145
1860.54	282.461	4.207
1860.63	277.735	4.188
1860.71	278.238	4.159
1860.79	282.451	4.164
1860.88	286.599	4.159
1860.96	288.903	4.189
1861.04	289.131	4.216
1861.13	290.005	4.170
1861.21	290.627	4.167
1861.29	290.756	4.149
1861.38	290.574	4.147
1861.46	288.119	4.145
1861.54	282.661	4.207
1861.63	277.935	4.188
1861.71	278.438	4.159
1861.79	282.651	4.164
1861.88	286.799	4.159
1861.96	289.103	4.189
1862.04	289.231	4.216
1862.13	290.105	4.170
1862.21	290.727	4.167
1862.29	290.856	4.149
1862.38	290.674	4.147
1862.46	288.219	4.145
1862.54	282.761	4.207
1862.63	278.035	4.188
1862.71	278.538	4.159
1862.79	282.751	4.164
1862.88	286.899	4.159
1862.96	289.203	4.189
1863.04	289.331	4.216
1863.13	290.205	4.170
1863.21	290.827	4.167
1863.29	290.956	4.149
1863.38	290.774	4.147
1863.46	288.319	4.145
1863.54	282.861	4.207
1863.63	278.135	4.188
1863.71	278.638	4.159
1863.79	282.851	4.164
1863.88	286.999	4.159
1863.96	289.303	4.189
1864.04	289.531	4.216
1864.13	290.405	4.170
1864.21	291.027	4.167
1864.29	291.156	4.149
1864.38	290.974	4.147
1864.46	288.519	4.145
1864.54	283.061	4.207
1864.63	278.335	4.188
1864.71	278.838	4.159
1864.79	283.051	4.164
1864.88	287.199	4.159
1864.96	289.503	4.189
1865.04	289.631	4.216
1865.13	290.505	4.170
1865.21	291.127	4.167
1865.29	291.256	4.149
1865.38	291.074	4.147
1865.46	288.619	4.145
1865.54	283.161	4.207
1865.63	278.435	4.188
1865.71	278.938	4.159
1865.79	283.151	4.164
1865.88	287.299	4.159
1865.96	289.603	4.189
1866.04	289.731	4.216
1866.13	290.605	4.170
1866.21	291.227	4.167
1866.29	291.356	4.149
1866.38	291.174	4.147
1866.46	288.719	4.145
1866.54	283.261	4.207
1866.63	278.535	4.188
1866.71	279.038	4.159
1866.79	283.251	4.164
1866.88	287.399	4.159
1866.96	289.703	4.189
1867.04	289.831	4.216
1867.13	290.705	4.170
1867.21	291.327	4.167
1867.29	291.456	4.149
1867.38	291.274	4.147
1867.46	288.819	4.145
1867.54	283.361	4.207
1867.63	278.635	4.188
1867.71	279.138	4.159
1867.79	283.351	4.164
1867.88	287.499	4.159
1867.96	289.803	4.189
1868.04	289.931	4.216
1868.13	290.805	4.170
1868.21	291.427	4.167
1868.29	291.556	4.149
1868.38	291.374	4.147
1868.46	288.919	4.145
1868.54	283.461	4.207
1868.63	278.735	4.188
1868.71	279.238	4.159
1868.79	283.451	4.164
1868.88	287.599	4.159
1868.96	289.903	4.189
1869.04	290.131	4.216
1869.13	291.005	4.170
1869.21	291.627	4.167
1869.29	291.756	4.149
1869.38	291.574	4.147
1869.46	289.119	4.145
1869.54	283.661	4.207
1869.63	278.935	4.188
1869.71	279.438	4.159
1869.79	283.651	4.164
1869.88	287.799	4.159
1869.96	290.103	4.189
1870.04	290.231	4.216
1870.13	291.105	4.170
1870.21	291.727	4.167
1870.29	291.856	4.149
1870.38	291.674	4.147
1870.46	289.219	4.145
1870.54	283.761	4.207
1870.63	279.035	4.188
1870.71	279.538	4.159
1870.79	283.751	4.164
1870.88	287.899	4.159
1870.96	290.203	4.189
1871.04	290.431	4.216
1871.13	291.305	4.170
1871.21	291.927	4.167
1871.29	292.056	4.149
1871.38	291.874	4.147
1871.46	289.419	4.145
1871.54	283.961	4.207
1871.63	279.235	4.188
1871.71	279.738	4.159
1871.79	283.951	4.164
1871.88	288.099	4.159
1871.96	290.403	4.189
1872.04	290.631	4.216
1872.13	291.505	4.170
1872.21	292.127	4.167
1872.29	292.256	4.149
1872.38	292.074	4.147
1872.46	289.619	4.145
1872.54	284.161	4.207
1872.63	279.435	4.188
1872.71	279.938	4.159
1872.79	284.151	4.164
1872.88	288.299	4.159
1872.96	290.603	4.189
1873.04	290.831	4.216
1873.13	291.705	4.170
1873.21	292.327	4.167
1873.29	292.456	4.149
1873.38	292.274	4.147
1873.46	289.819	4.145
1873.54	284.361	4.207
1873.63	279.635	4.188
1873.71	280.138	4.159
1873.79	284.351	4.164
1873.88	288.499	4.159
1873.96	290.803	4.189
1874.04	291.131	4.216
1874.13	292.005	4.170
1874.21	292.627	4.167
1874.29	292.756	4.149
1874.38	292.574	4.147
1874.46	290.119	4.145
1874.54	284.661	4.207
1874.63	279.935	4.188
1874.71	280.438	4.159
1874.79	284.651	4.164
1874.88	288.799	4.159
1874.96	291.103	4.189
1875.04	291.431	4.216
1875.13	292.305	4.170
1875.21	292.927	4.167
1875.29	293.056	4.149
1875.38	292.874	4.147
1875.46	290.419	4.145
1875.54	284.961	4.207
1875.63	280.235	4.188
1875.71	280.738	4.159
1875.79	284.951	4.164
1875.88	289.099	4.159
1875.96	291.403	4.189
1876.04	291.731	4.216
1876.13	292.605	4.170
1876.21	293.227	4.167
1876.29	293.356	4.149
1876.38	293.174	4.147
1876.46	290.719	4.145
1876.54	285.261	4.207
1876.63	280.535	4.188
1876.71	281.038	4.159
1876.79	285.251	4.164
1876.88	289.399	4.159
1876.96	291.703	4.189
1877.04	292.131	4.216
1877.13	293.005	4.170
1877.21	293.627	4.167
1877.29	293.756	4.149
1877.38	293.574	4.147
1877.46	291.119	4.145
1877.54	285.661	4.207
1877.63	280.935	4.188
1877.71	281.438	4.159
1877.79	285.651	4.164
1877.88	289.799	4.159
1877.96	292.103	4.189
1878.04	292.531	4.216
1878.13	293.405	4.170
1878.21	294.027	4.167
1878.29	294.156	4.149
1878.38	293.974	4.147
1878.46	291.519	4.145
1878.54	286.061	4.207
1878.63	281.335	4.188
1878.71	281.838	4.159
1878.79	286.051	4.164
1878.88	290.199	4.159
1878.96	292.503	4.189
1879.04	292.931	4.216
1879.13	293.805	4.170
1879.21	294.427	4.167
1879.29	294.556	4.149
1879.38	294.374	4.147
1879.46	291.919	4.145
1879.54	286.461	4.207
1879.63	281.735	4.188
1879.71	282.238	4.159
1879.79	286.451	4.164
1879.88	290.599	4.159
1879.96	292.903	4.189
1880.04	293.431	4.216
1880.13	294.305	4.170
1880.21	294.927	4.167
1880.29	295.056	4.149
1880.38	294.874	4.147
1880.46	292.419	4.145
1880.54	286.961	4.207
1880.63	282.235	4.188
1880.71	282.738	4.159
1880.79	286.951	4.164
1880.88	291.099	4.159
1880.96	293.403	4.189
1881.04	293.931	4.216
1881.13	294.805	4.170
1881.21	295.427	4.167
1881.29	295.556	4.149
1881.38	295.374	4.147
1881.46	292.919	4.145
1881.54	287.461	4.207
1881.63	282.735	4.188
1881.71	283.238	4.159
1881.79	287.451	4.164
1881.88	291.599	4.159
1881.96	293.903	4.189
1882.04	294.431	4.216
1882.13	295.305	4.170
1882.21	295.927	4.167
1882.29	296.056	4.149
1882.38	295.874	4.147
1882.46	293.419	4.145
1882.54	287.961	4.207
1882.63	283.235	4.188
1882.71	283.738	4.159
1882.79	287.951	4.164
1882.88	292.099	4.159
1882.96	294.403	4.189
1883.04	294.831	4.216
1883.13	295.705	4.170
1883.21	296.327	4.167
1883.29	296.456	4.149
1883.38	296.274	4.147
1883.46	293.819	4.145
1883.54	288.361	4.207
1883.63	283.635	4.188
1883.71	284.138	4.159
1883.79	288.351	4.164
1883.88	292.499	4.159
1883.96	294.803	4.189
1884.04	295.331	4.216
1884.13	296.205	4.170
1884.21	296.827	4.167
1884.29	296.956	4.149
1884.38	296.774	4.147
1884.46	294.319	4.145
1884.54	288.861	4.207
1884.63	284.135	4.188
1884.71	284.638	4.159
1884.79	288.851	4.164
1884.88	292.999	4.159
1884.96	295.303	4.189
1885.04	295.731	4.216
1885.13	296.605	4.170
1885.21	297.227	4.167
1885.29	297.356	4.149
1885.38	297.174	4.147
1885.46	294.719	4.145
1885.54	289.261	4.207
1885.63	284.535	4.188
1885.71	285.038	4.159
1885.79	289.251	4.164
1885.88	293.399	4.159
1885.96	295.703	4.189
1886.04	296.031	4.216
1886.13	296.905	4.170
1886.21	297.527	4.167
1886.29	297.656	4.149
1886.38	297.474	4.147
1886.46	295.019	4.145
1886.54	289.561	4.207
1886.63	284.835	4.188
1886.71	285.338	4.159
1886.79	289.551	4.164
1886.88	293.699	4.159
1886.96	296.003	4.189
1887.04	296.331	4.216
1887.13	297.205	4.170
1887.21	297.827	4.167
1887.29	297.956	4.149
1887.38	297.774	4.147
1887.46	295.319	4.145
1887.54	289.861	4.207
1887.63	285.135	4.188
1887.71	285.638	4.159
1887.79	289.851	4.164
1887.88	293.999	4.159
1887.96	296.303	4.189
1888.04	296.531	4.216
1888.13	297.405	4.170
1888.21	298.027	4.167
1888.29	298.156	4.149
1888.38	297.974	4.147
1888.46	295.519	4.145
1888.54	290.061	4.207
1888.63	285.335	4.188
1888.71	285.838	4.159
1888.79	290.051	4.164
1888.88	294.199	4.159
1888.96	296.503	4.189
1889.04	296.731	4.216
1889.13	297.605	4.170
1889.21	298.227	4.167
1889.29	298.356	4.149
1889.38	298.174	4.147
1889.46	295.719	4.145
1889.54	290.261	4.207
1889.63	285.535	4.188
1889.71	286.038	4.159
1889.79	290.251	4.164
1889.88	294.399	4.159
1889.96	296.703	4.189
1890.04	296.931	4.216
1890.13	297.805	4.170
1890.21	298.427	4.167
1890.29	298.556	4.149
1890.38	298.374	4.147
1890.46	295.919	4.145
1890.54	290.461	4.207
1890.63	285.735	4.188
1890.71	286.238	4.159
1890.79	290.451	4.164
1890.88	294.599	4.159
1890.96	296.903	4.189
1891.04	297.031	4.216
1891.13	297.905	4.170
1891.21	298.527	4.167
1891.29	298.656	4.149
1891.38	298.474	4.147
1891.46	296.019	4.145
1891.54	290.561	4.207
1891.63	285.835	4.188
1891.71	286.338	4.159
1891.79	290.551	4.164
1891.88	294.699	4.159
1891.96	297.003	4.189
1892.04	297.231	4.216
1892.13	298.105	4.170
1892.21	298.727	4.167
1892.29	298.856	4.149
1892.38	298.674	4.147
1892.46	296.219	4.145
1892.54	290.761	4.207
1892.63	286.035	4.188
1892.71	286.538	4.159
1892.79	290.751	4.164
1892.88	294.899	4.159
1892.96	297.203	4.189
1893.04	297.331	4.216
1893.13	298.205	4.170
1893.21	298.827	4.167
1893.29	298.956	4.149
1893.38	298.774	4.147
1893.46	296.319	4.145
1893.54	290.861	4.207
1893.63	286.135	4.188
1893.71	286.638	4.159
1893.79	290.851	4.164
1893.88	294.999	4.159
1893.96	297.303	4.189
1894.04	297.431	4.216
1894.13	298.305	4.170
1894.21	298.927	4.167
1894.29	299.056	4.149
1894.38	298.874	4.147
1894.46	296.419	4.145
1894.54	290.961	4.207
1894.63	286.235	4.188
1894.71	286.738	4.159
1894.79	290.951	4.164
1894.88	295.099	4.159
1894.96	297.403	4.189
1895.04	297.531	4.216
1895.13	298.405	4.170
1895.21	299.027	4.167
1895.29	299.156	4.149
1895.38	298.974	4.147
1895.46	296.519	4.145
1895.54	291.061	4.207
1895.63	286.335	4.188
1895.71	286.838	4.159
1895.79	291.051	4.164
1895.88	295.199	4.159
1895.96	297.503	4.189
1896.04	297.631	4.216
1896.13	298.505	4.170
1896.21	299.127	4.167
1896.29	299.256	4.149
1896.38	299.074	4.147
1896.46	296.619	4.145
1896.54	291.161	4.207
1896.63	286.435	4.188
1896.71	286.938	4.159
1896.79	291.151	4.164
1896.88	295.299	4.159
1896.96	297.603	4.189
1897.04	297.731	4.216
1897.13	298.605	4.170
1897.21	299.227	4.167
1897.29	299.356	4.149
1897.38	299.174	4.147
1897.46	296.719	4.145
1897.54	291.261	4.207
1897.63	286.535	4.188
1897.71	287.038	4.159
1897.79	291.251	4.164
1897.88	295.399	4.159
1897.96	297.703	4.189
1898.04	297.931	4.216
1898.13	298.805	4.170
1898.21	299.427	4.167
1898.29	299.556	4.149
1898.38	299.374	4.147
1898.46	296.919	4.145
1898.54	291.461	4.207
1898.63	286.735	4.188
1898.71	287.238	4.159
1898.79	291.451	4.164
1898.88	295.599	4.159
1898.96	297.903	4.189
1899.04	298.231	4.216
1899.13	299.105	4.170
1899.21	299.727	4.167
1899.29	299.856	4.149
1899.38	299.674	4.147
1899.46	297.219	4.145
1899.54	291.761	4.207
1899.63	287.035	4.188
1899.71	287.538	4.159
1899.79	291.751	4.164
1899.88	295.899	4.159
1899.96	298.203	4.189
1900.04	298.531	4.216
1900.13	299.405	4.170
1900.21	300.027	4.167
1900.29	300.156	4.149
1900.38	299.974	4.147
1900.46	297.519	4.145
1900.54	292.061	4.207
1900.63	287.335	4.188
1900.71	287.838	4.159
1900.79	292.051	4.164
1900.88	296.199	4.159
1900.96	298.503	4.189
1901.04	298.831	4.216
1901.13	299.705	4.170
1901.21	300.327	4.167
1901.29	300.456	4.149
1901.38	300.274	4.147
1901.46	297.819	4.145
1901.54	292.361	4.207
1901.63	287.635	4.188
1901.71	288.138	4.159
1901.79	292.351	4.164
1901.88	296.499	4.159
1901.96	298.803	4.189
1902.04	299.231	4.216
1902.13	300.105	4.170
1902.21	300.727	4.167
1902.29	300.856	4.149
1902.38	300.674	4.147
1902.46	298.219	4.145
1902.54	292.761	4.207
1902.63	288.035	4.188
1902.71	288.538	4.159
1902.79	292.751	4.164
1902.88	296.899	4.159
1902.96	299.203	4.189
1903.04	299.531	4.216
1903.13	300.405	4.170
1903.21	301.027	4.167
1903.29	301.156	4.149
1903.38	300.974	4.147
1903.46	298.519	4.145
1903.54	293.061	4.207
1903.63	288.335	4.188
1903.71	288.838	4.159
1903.79	293.051	4.164
1903.88	297.199	4.159
1903.96	299.503	4.189
1904.04	299.931	4.216
1904.13	300.805	4.170
1904.21	301.427	4.167
1904.29	301.556	4.149
1904.38	301.374	4.147
1904.46	298.919	4.145
1904.54	293.461	4.207
1904.63	288.735	4.188
1904.71	289.238	4.159
1904.79	293.451	4.164
1904.88	297.599	4.159
1904.96	299.903	4.189
1905.04	300.331	4.216
1905.13	301.205	4.170
1905.21	301.827	4.167
1905.29	301.956	4.149
1905.38	301.774	4.147
1905.46	299.319	4.145
1905.54	293.861	4.207
1905.63	289.135	4.188
1905.71	289.638	4.159
1905.79	293.851	4.164
1905.88	297.999	4.159
1905.96	300.303	4.189
1906.04	300.831	4.216
1906.13	301.705	4.170
1906.21	302.327	4.167
1906.29	302.456	4.149
1906.38	302.274	4.147
1906.46	299.819	4.145
1906.54	294.361	4.207
1906.63	289.635	4.188
1906.71	290.138	4.159
1906.79	294.351	4.164
1906.88	298.499	4.159
1906.96	300.803	4.189
1907.04	301.231	4.216
1907.13	302.105	4.170
1907.21	302.727	4.167
1907.29	302.856	4.149
1907.38	302.674	4.147
1907.46	300.219	4.145
1907.54	294.761	4.207
1907.63	290.035	4.188
1907.71	290.538	4.159
1907.79	294.751	4.164
1907.88	298.899	4.159
1907.96	301.203	4.189
1908.04	301.631	4.216
1908.13	302.505	4.170
1908.21	303.127	4.167
1908.29	303.256	4.149
1908.38	303.074	4.147
1908.46	300.619	4.145
1908.54	295.161	4.207
1908.63	290.435	4.188
1908.71	290.938	4.159
1908.79	295.151	4.164
1908.88	299.299	4.159
1908.96	301.603	4.189
1909.04	302.031	4.216
1909.13	302.905	4.170
1909.21	303.527	4.167
1909.29	303.656	4.149
1909.38	303.474	4.147
1909.46	301.019	4.145
1909.54	295.561	4.207
1909.63	290.835	4.188
1909.71	291.338	4.159
1909.79	295.551	4.164
1909.88	299.699	4.159
1909.96	302.003	4.189
1910.04	302.431	4.216
1910.13	303.305	4.170
1910.21	303.927	4.167
1910.29	304.056	4.149
1910.38	303.874	4.147
1910.46	301.419	4.145
1910.54	295.961	4.207
1910.63	291.235	4.188
1910.71	291.738	4.159
1910.79	295.951	4.164
1910.88	300.099	4.159
1910.96	302.403	4.189
1911.04	302.831	4.216
1911.13	303.705	4.170
1911.21	304.327	4.167
1911.29	304.456	4.149
1911.38	304.274	4.147
1911.46	301.819	4.145
1911.54	296.361	4.207
1911.63	291.635	4.188
1911.71	292.138	4.159
1911.79	296.351	4.164
1911.88	300.499	4.159
1911.96	302.803	4.189
1912.04	303.131	4.216
1912.13	304.005	4.170
1912.21	304.627	4.167
1912.29	304.756	4.149
1912.38	304.574	4.147
1912.46	302.119	4.145
1912.54	296.661	4.207
1912.63	291.935	4.188
1912.71	292.438	4.159
1912.79	296.651	4.164
1912.88	300.799	4.159
1912.96	303.103	4.189
1913.04	303.531	4.216
1913.13	304.405	4.170
1913.21	305.027	4.167
1913.29	305.156	4.149
1913.38	304.974	4.147
1913.46	302.519	4.145
1913.54	297.061	4.207
1913.63	292.335	4.188
1913.71	292.838	4.159
1913.79	297.051	4.164
1913.88	301.199	4.159
1913.96	303.503	4.189
1914.04	303.831	4.216
1914.13	304.705	4.170
1914.21	305.327	4.167
1914.29	305.456	4.149
1914.38	305.274	4.147
1914.46	302.819	4.145
1914.54	297.361	4.207
1914.63	292.635	4.188
1914.71	293.138	4.159
1914.79	297.351	4.164
1914.88	301.499	4.159
1914.96	303.803	4.189
1915.04	304.131	4.216
1915.13	305.005	4.170
1915.21	305.627	4.167
1915.29	305.756	4.149
1915.38	305.574	4.147
1915.46	303.119	4.145
1915.54	297.661	4.207
1915.63	292.935	4.188
1915.71	293.438	4.159
1915.79	297.651	4.164
1915.88	301.799	4.159
1915.96	304.103	4.189
1916.04	304.431	4.216
1916.13	305.305	4.170
1916.21	305.927	4.167
1916.29	306.056	4.149
1916.38	305.874	4.147
1916.46	303.419	4.145
1916.54	297.961	4.207
1916.63	293.235	4.188
1916.71	293.738	4.159
1916.79	297.951	4.164
1916.88	302.099	4.159
1916.96	304.403	4.189
1917.04	304.831	4.216
1917.13	305.705	4.170
1917.21	306.327	4.167
1917.29	306.456	4.149
1917.38	306.274	4.147
1917.46	303.819	4.145
1917.54	298.361	4.207
1917.63	293.635	4.188
1917.71	294.138	4.159
1917.79	298.351	4.164
1917.88	302.499	4.159
1917.96	304.803	4.189
1918.04	305.131	4.216
1918.13	306.005	4.170
1918.21	306.627	4.167
1918.29	306.756	4.149
1918.38	306.574	4.147
1918.46	304.119	4.145
1918.54	298.661	4.207
1918.63	293.935	4.188
1918.71	294.438	4.159
1918.79	298.651	4.164
1918.88	302.799	4.159
1918.96	305.103	4.189
1919.04	305.431	4.216
1919.13	306.305	4.170
1919.21	306.927	4.167
1919.29	307.056	4.149
1919.38	306.874	4.147
1919.46	304.419	4.145
1919.54	298.961	4.207
1919.63	294.235	4.188
1919.71	294.738	4.159
1919.79	298.951	4.164
1919.88	303.099	4.159
1919.96	305.403	4.189
1920.04	305.731	4.216
1920.13	306.605	4.170
1920.21	307.227	4.167
1920.29	307.356	4.149
1920.38	307.174	4.147
1920.46	304.719	4.145
1920.54	299.261	4.207
1920.63	294.535	4.188
1920.71	295.038	4.159
1920.79	299.251	4.164
1920.88	303.399	4.159
1920.96	305.703	4.189
1921.04	306.131	4.216
1921.13	307.005	4.170
1921.21	307.627	4.167
1921.29	307.756	4.149
1921.38	307.574	4.147
1921.46	305.119	4.145
1921.54	299.661	4.207
1921.63	294.935	4.188
1921.71	295.438	4.159
1921.79	299.651	4.164
1921.88	303.799	4.159
1921.96	306.103	4.189
1922.04	306.531	4.216
1922.13	307.405	4.170
1922.21	308.027	4.167
1922.29	308.156	4.149
1922.38	307.974	4.147
1922.46	305.519	4.145
1922.54	300.061	4.207
1922.63	295.335	4.188
1922.71	295.838	4.159
1922.79	300.051	4.164
1922.88	304.199	4.159
1922.96	306.503	4.189
1923.04	306.831	4.216
1923.13	307.705	4.170
1923.21	308.327	4.167
1923.29	308.456	4.149
1923.38	308.274	4.147
1923.46	305.819	4.145
1923.54	300.361	4.207
1923.63	295.635	4.188
1923.71	296.138	4.159
1923.79	300.351	4.164
1923.88	304.499	4.159
1923.96	306.803	4.189
1924.04	307.231	4.216
1924.13	308.105	4.170
1924.21	308.727	4.167
1924.29	308.856	4.149
1924.38	308.674	4.147
1924.46	306.219	4.145
1924.54	300.761	4.207
1924.63	296.035	4.188
1924.71	296.538	4.159
1924.79	300.751	4.164
1924.88	304.899	4.159
1924.96	307.203	4.189
1925.04	307.731	4.216
1925.13	308.605	4.170
1925.21	309.227	4.167
1925.29	309.356	4.149
1925.38	309.174	4.147
1925.46	306.719	4.145
1925.54	301.261	4.207
1925.63	296.535	4.188
1925.71	297.038	4.159
1925.79	301.251	4.164
1925.88	305.399	4.159
1925.96	307.703	4.189
1926.04	308.131	4.216
1926.13	309.005	4.170
1926.21	309.627	4.167
1926.29	309.756	4.149
1926.38	309.574	4.147
1926.46	307.119	4.145
1926.54	301.661	4.207
1926.63	296.935	4.188
1926.71	297.438	4.159
1926.79	301.651	4.164
1926.88	305.799	4.159
1926.96	308.103	4.189
1927.04	308.531	4.216
1927.13	309.405	4.170
1927.21	310.027	4.167
1927.29	310.156	4.149
1927.38	309.974	4.147
1927.46	307.519	4.145
1927.54	302.061	4.207
1927.63	297.335	4.188
1927.71	297.838	4.159
1927.79	302.051	4.164
1927.88	306.199	4.159
1927.96	308.503	4.189
1928.04	309.031	4.216
1928.13	309.905	4.170
1928.21	310.527	4.167
1928.29	310.656	4.149
1928.38	310.474	4.147
1928.46	308.019	4.145
1928.54	302.561	4.207
1928.63	297.835	4.188
1928.71	298.338	4.159
1928.79	302.551	4.164
1928.88	306.699	4.159
1928.96	309.003	4.189
1929.04	309.531	4.216
1929.13	310.405	4.170
1929.21	311.027	4.167
1929.29	311.156	4.149
1929.38	310.974	4.147
1929.46	308.519	4.145
1929.54	303.061	4.207
1929.63	298.335	4.188
1929.71	298.838	4.159
1929.79	303.051	4.164
1929.88	307.199	4.159
1929.96	309.503	4.189
1930.04	309.931	3.252
1930.13	310.805	3.192
1930.21	311.427	3.187
1930.29	311.556	3.165
1930.38	311.374	3.162
1930.46	308.919	3.159
1930.54	303.461	3.240
1930.63	298.735	3.216
1930.71	299.238	3.177
1930.79	303.451	3.184
1930.88	307.599	3.178
1930.96	309.903	3.217
1931.04	310.425	3.252
1931.13	311.298	3.192
1931.21	311.921	3.187
1931.29	312.050	3.165
1931.38	311.868	3.162
1931.46	309.413	3.159
1931.54	303.954	3.240
1931.63	299.229	3.216
1931.71	299.732	3.177
1931.79	303.945	3.184
1931.88	308.093	3.178
1931.96	310.396	3.217
1932.04	310.966	3.252
1932.13	311.839	3.192
1932.21	312.462	3.187
1932.29	312.591	3.165
1932.38	312.409	3.162
1932.46	309.953	3.159
1932.54	304.495	3.240
1932.63	299.770	3.216
1932.71	300.273	3.177
1932.79	304.486	3.184
1932.88	308.634	3.178
1932.96	310.937	3.217
1933.04	311.407	3.252
1933.13	312.280	3.192
1933.21	312.903	3.187
1933.29	313.032	3.165
1933.38	312.850	3.162
1933.46	310.394	3.159
1933.54	304.936	3.240
1933.63	300.211	3.216
1933.71	300.714	3.177
1933.79	304.927	3.184
1933.88	309.075	3.178
1933.96	311.378	3.217
1934.04	311.848	3.252
1934.13	312.721	3.192
1934.21	313.344	3.187
1934.29	313.473	3.165
1934.38	313.291	3.162
1934.46	310.835	3.159
1934.54	305.377	3.240
1934.63	300.652	3.216
1934.71	301.155	3.177
1934.79	305.368	3.184
1934.88	309.516	3.178
1934.96	311.819	3.217
1935.04	312.289	3.252
1935.13	313.162	3.192
1935.21	313.784	3.187
1935.29	313.914	3.165
1935.38	313.732	3.162
1935.46	311.276	3.159
1935.54	305.818	3.240
1935.63	301.093	3.216
1935.71	301.596	3.177
1935.79	305.809	3.184
1935.88	309.957	3.178
1935.96	312.260	3.217
1936.04	312.730	3.252
1936.13	313.603	3.192
1936.21	314.225	3.187
1936.29	314.355	3.165
1936.38	314.173	3.162
1936.46	311.717	3.159
1936.54	306.259	3.240
1936.63	301.534	3.216
1936.71	302.037	3.177
1936.79	306.250	3.184
1936.88	310.398	3.178
1936.96	312.701	3.217
1937.04	312.971	3.252
1937.13	313.844	3.192
1937.21	314.466	3.187
1937.29	314.596	3.165
1937.38	314.414	3.162
1937.46	311.958	3.159
1937.54	306.500	3.240
1937.63	301.775	3.216
1937.71	302.278	3.177
1937.79	306.491	3.184
1937.88	310.639	3.178
1937.96	312.942	3.217
1938.04	313.212	3.252
1938.13	314.085	3.192
1938.21	314.707	3.187
1938.29	314.837	3.165
1938.38	314.655	3.162
1938.46	312.199	3.159
1938.54	306.741	3.240
1938.63	302.015	3.216
1938.71	302.519	3.177
1938.79	306.732	3.184
1938.88	310.880	3.178
1938.96	313.183	3.217
1939.04	313.353	3.252
1939.13	314.226	3.192
1939.21	314.848	3.187
1939.29	314.978	3.165
1939.38	314.796	3.162
1939.46	312.340	3.159
1939.54	306.882	3.240
1939.63	302.156	3.216
1939.71	302.660	3.177
1939.79	306.873	3.184
1939.88	311.021	3.178
1939.96	313.324	3.217
1940.04	313.494	3.252
1940.13	314.367	3.192
1940.21	314.989	3.187
1940.29	315.119	3.165
1940.38	314.937	3.162
1940.46	312.481	3.159
1940.54	307.023	3.240
1940.63	302.297	3.216
1940.71	302.801	3.177
1940.79	307.014	3.184
1940.88	311.162	3.178
1940.96	313.465	3.217
1941.04	313.535	3.252
1941.13	314.408	3.192
1941.21	315.030	3.187
1941.29	315.160	3.165
1941.38	314.978	3.162
1941.46	312.522	3.159
1941.54	307.064	3.240
1941.63	302.338	3.216
1941.71	302.842	3.177
1941.79	307.054	3.184
1941.88	311.203	3.178
1941.96	313.506	3.217
1942.04	313.476	3.252
1942.13	314.349	3.192
1942.21	314.971	3.187
1942.29	315.101	3.165
1942.38	314.919	3.162
1942.46	312.463	3.159
1942.54	307.005	3.240
1942.63	302.279	3.216
1942.71	302.782	3.177
1942.79	306.995	3.184
1942.88	311.144	3.178
1942.96	313.447	3.217
1943.04	313.416	3.252
1943.13	314.290	3.192
1943.21	314.912	3.187
1943.29	315.041	3.165
1943.38	314.859	3.162
1943.46	312.404	3.159
1943.54	306.946	3.240
1943.63	302.220	3.216
1943.71	302.723	3.177
1943.79	306.936	3.184
1943.88	311.084	3.178
1943.96	313.388	3.217
1944.04	313.357	3.252
1944.13	314.230	3.192
1944.21	314.853	3.187
1944.29	314.982	3.165
1944.38	314.800	3.162
1944.46	312.345	3.159
1944.54	306.887	3.240
1944.63	302.161	3.216
1944.71	302.664	3.177
1944.79	306.877	3.184
1944.88	311.025	3.178
1944.96	313.329	3.217
1945.04	313.398	3.252
1945.13	314.271	3.192
1945.21	314.894	3.187
1945.29	315.023	3.165
1945.38	314.841	3.162
1945.46	312.386	3.159
1945.54	306.928	3.240
1945.63	302.202	3.216
1945.71	302.705	3.177
1945.79	306.918	3.184
1945.88	311.066	3.178
1945.96	313.370	3.217
1946.04	313.439	3.252
1946.13	314.312	3.192
1946.21	314.935	3.187
1946.29	315.064	3.165
1946.38	314.882	3.162
1946.46	312.427	3.159
1946.54	306.969	3.240
1946.63	302.243	3.216
1946.71	302.746	3.177
1946.79	306.959	3.184
1946.88	311.107	3.178
1946.96	313.411	3.217
1947.04	313.580	3.252
1947.13	314.453	3.192
1947.21	315.076	3.187
1947.29	315.205	3.165
1947.38	315.023	3.162
1947.46	312.567	3.159
1947.54	307.109	3.240
1947.63	302.384	3.216
1947.71	302.887	3.177
1947.79	307.100	3.184
1947.88	311.248	3.178
1947.96	313.551	3.217
1948.04	313.721	3.252
1948.13	314.594	3.192
1948.21	315.217	3.187
1948.29	315.346	3.165
1948.38	315.164	3.162
1948.46	312.708	3.159
1948.54	307.250	3.240
1948.63	302.525	3.216
1948.71	303.028	3.177
1948.79	307.241	3.184
1948.88	311.389	3.178
1948.96	313.692	3.217
1949.04	313.962	3.252
1949.13	314.835	3.192
1949.21	315.458	3.187
1949.29	315.587	3.165
1949.38	315.405	3.162
1949.46	312.949	3.159
1949.54	307.491	3.240
1949.63	302.766	3.216
1949.71	303.269	3.177
1949.79	307.482	3.184
1949.88	311.630	3.178
1949.96	313.933	3.217
1950.04	314.203	3.252
1950.13	315.076	3.192
1950.21	315.698	3.187
1950.29	315.828	3.165
1950.38	315.646	3.162
1950.46	313.190	3.159
1950.54	307.732	3.240
1950.63	303.007	3.216
1950.71	303.510	3.177
1950.79	307.723	3.184
1950.88	311.871	3.178
1950.96	314.174	3.217
1951.04	314.644	3.252
1951.13	315.517	3.192
1951.21	316.139	3.187
1951.29	316.269	3.165
1951.38	316.087	3.162
1951.46	313.631	3.159
1951.54	308.173	3.240
1951.63	303.448	3.216
1951.71	303.951	3.177
1951.79	308.164	3.184
1951.88	312.312	3.178
1951.96	314.615	3.217
1952.04	315.085	3.252
1952.13	315.958	3.192
1952.21	316.580	3.187
1952.29	316.710	3.165
1952.38	316.528	3.162
1952.46	314.072	3.159
1952.54	308.614	3.240
1952.63	303.889	3.216
1952.71	304.392	3.177
1952.79	308.605	3.184
1952.88	312.753	3.178
1952.96	315.056	3.217
1953.04	315.526	3.252
1953.13	316.399	3.192
1953.21	317.021	3.187
1953.29	317.151	3.165
1953.38	316.969	3.162
1953.46	314.513	3.159
1953.54	309.055	3.240
1953.63	304.330	3.216
1953.71	304.833	3.177
1953.79	309.046	3.184
1953.88	313.194	3.178
1953.96	315.497	3.217
1954.04	316.067	3.252
1954.13	316.940	3.192
1954.21	317.562	3.187
1954.29	317.692	3.165
1954.38	317.510	3.162
1954.46	315.054	3.159
1954.54	309.596	3.240
1954.63	304.870	3.216
1954.71	305.374	3.177
1954.79	309.587	3.184
1954.88	313.735	3.178
1954.96	316.038	3.217
1955.04	316.708	3.252
1955.13	317.581	3.192
1955.21	318.203	3.187
1955.29	318.333	3.165
1955.38	318.151	3.162
1955.46	315.695	3.159
1955.54	310.237	3.240
1955.63	305.511	3.216
1955.71	306.015	3.177
1955.79	310.228	3.184
1955.88	314.376	3.178
1955.96	316.679	3.217
1956.04	317.349	3.252
1956.13	318.222	3.192
1956.21	318.844	3.187
1956.29	318.974	3.165
1956.38	318.792	3.162
1956.46	316.336	3.159
1956.54	310.878	3.240
1956.63	306.152	3.216
1956.71	306.656	3.177
1956.79	310.869	3.184
1956.88	315.017	3.178
1956.96	317.320	3.217
1957.04	317.990	3.252
1957.13	318.863	3.192
1957.21	319.485	3.187
1957.29	319.615	3.165
1957.38	319.433	3.162
1957.46	316.977	3.159
1957.54	311.519	3.240
1957.63	306.793	3.216
1957.71	307.297	3.177
1957.79	311.509	3.184
1957.88	315.658	3.178
1957.96	317.961	3.217
1958.04	318.730	3.252
1958.13	319.604	3.192
1958.21	319.863	0.858
1958.29	320.358	0.827
1958.38	319.707	0.952
1958.46	317.593	1.356
1958.54	312.171	1.086
1958.63	308.528	0.922
1958.71	308.985	0.797
1958.79	312.477	0.581
1958.88	316.169	0.739
1958.96	318.467	1.177
1959.04	319.802	1.082
1959.13	320.664	0.903
1959.21	320.873	0.858
1959.29	320.628	0.827
1959.38	320.497	0.952
1959.46	318.493	1.356
1959.54	312.851	1.086
1959.63	308.398	0.922
1959.71	309.625	0.797
1959.79	313.297	0.581
1959.88	317.639	0.739
1959.96	319.377	1.177
1960.04	320.612	1.082
1960.13	321.254	0.903
1960.21	321.743	0.858
1960.29	321.928	0.827
1960.38	322.237	0.952
1960.46	319.923	1.356
1960.54	314.491	1.086
1960.63	309.508	0.922
1960.71	309.945	0.797
1960.79	313.877	0.581
1960.88	317.839	0.739
1960.96	319.987	1.177
1961.04	321.112	1.082
1961.13	321.984	0.903
1961.21	322.703	0.858
1961.29	322.388	0.827
1961.38	322.787	0.952
1961.46	320.103	1.356
1961.54	314.881	1.086
1961.63	310.388	0.922
1961.71	310.585	0.797
1961.79	315.417	0.581
1961.88	318.939	0.739
1961.96	320.807	1.177
1962.04	322.122	1.082
1962.13	322.844	0.903
1962.21	323.843	0.858
1962.29	323.538	0.827
1962.38	323.217	0.952
1962.46	320.883	1.356
1962.54	315.891	1.086
1962.63	310.998	0.922
1962.71	312.035	0.797
1962.79	315.457	0.581
1962.88	319.529	0.739
1962.96	321.497	1.177
1963.04	322.922	1.082
1963.13	323.364	0.903
1963.21	324.023	0.858
1963.29	324.298	0.827
1963.38	324.447	0.952
1963.46	321.803	1.356
1963.54	316.051	1.086
1963.63	311.368	0.922
1963.71	311.995	0.797
1963.79	316.027	0.581
1963.88	319.959	0.739
1963.96	322.107	1.177
1964.04	323.752	1.082
1964.13	323.926	0.903
1964.21	324.099	0.858
1964.29	324.273	0.827
1964.38	324.447	0.952
1964.46	322.223	1.356
1964.54	316.751	1.086
1964.63	312.298	0.922
1964.71	312.485	0.797
1964.79	316.827	0.581
1964.88	320.629	0.739
1964.96	322.507	1.177
1965.04	323.622	1.082
1965.13	324.724	0.903
1965.21	325.053	0.858
1965.29	325.038	0.827
1965.38	324.367	0.952
1965.46	322.203	1.356
1965.54	317.701	1.086
1965.63	312.398	0.922
1965.71	313.595	0.797
1965.79	317.337	0.581
1965.88	321.709	0.739
1965.96	323.217	1.177
1966.04	324.802	1.082
1966.13	325.874	0.903
1966.21	326.553	0.858
1966.29	326.778	0.827
1966.38	326.217	0.952
1966.46	324.083	1.356
1966.54	318.701	1.086
1966.63	313.968	0.922
1966.71	314.425	0.797
1966.79	318.137	0.581
1966.88	322.629	0.739
1966.96	324.877	1.177
1967.04	326.242	1.082
1967.13	326.784	0.903
1967.21	327.203	0.858
1967.29	327.328	0.827
1967.38	327.207	0.952
1967.46	324.423	1.356
1967.54	318.861	1.086
1967.63	314.518	0.922
1967.71	315.095	0.797
1967.79	319.347	0.581
1967.88	323.559	0.739
1967.96	325.757	1.177
1968.04	326.752	1.082
1968.13	327.434	0.903
1968.21	328.053	0.858
1968.29	327.928	0.827
1968.38	327.777	0.952
1968.46	325.693	1.356
1968.54	320.451	1.086
1968.63	315.628	0.922
1968.71	316.195	0.797
1968.79	320.287	0.581
1968.88	324.149	0.739
1968.96	326.637	1.177
1969.04	328.182	1.082
1969.13	328.704	0.903
1969.21	329.803	0.858
1969.29	329.568	0.827
1969.38	329.547	0.952
1969.46	327.093	1.356
1969.54	322.191	1.086
1969.63	316.885	1.056
1969.71	317.251	0.853
1969.79	320.712	0.626
1969.88	324.787	0.684
1969.96	327.480	1.090
1970.04	329.335	0.882
1970.13	329.877	0.810
1970.21	329.667	0.826
1970.29	329.533	0.756
1970.38	329.882	0.885
1970.46	327.698	1.364
1970.54	322.723	1.163
1970.63	318.875	1.056
1970.71	318.861	0.853
1970.79	322.592	0.626
1970.88	326.747	0.684
1970.96	329.150	1.090
1971.04	330.352	1.082
1971.13	330.964	0.903
1971.21	331.343	0.858
1971.29	330.688	0.827
1971.38	331.127	0.952
1971.46	328.903	1.356
1971.54	323.651	1.086
1971.63	319.058	0.922
1971.71	319.145	0.797
1971.79	323.607	0.581
1971.88	327.639	0.739
1971.96	329.807	1.177
1972.04	330.952	1.082
1972.13	331.914	0.903
1972.21	331.913	0.858
1972.29	332.628	0.827
1972.38	332.277	0.952
1972.46	329.423	1.356
1972.54	324.361	1.086
1972.63	319.918	0.922
1972.71	320.715	0.797
1972.79	325.097	0.581
1972.88	329.339	0.739
1972.96	331.347	1.177
1973.04	332.732	1.082
1973.13	333.844	0.903
1973.21	334.463	0.858
1973.29	334.408	0.827
1973.38	334.687	0.952
1973.46	332.403	1.356
1973.54	327.181	1.086
1973.63	322.908	0.922
1973.71	323.295	0.797
1973.79	327.217	0.581
1973.88	330.999	0.739
1973.96	332.437	1.177
1974.04	333.532	1.082
1974.13	334.994	0.903
1974.21	335.643	0.858
1974.29	335.558	0.827
1974.38	335.297	0.952
1974.46	332.583	1.356
1974.54	327.491	1.086
1974.63	322.998	0.922
1974.71	323.215	0.797
1974.79	327.407	0.581
1974.88	331.299	0.739
1974.96	333.367	1.177
1975.04	334.582	1.082
1975.13	335.694	0.903
1975.21	336.203	0.858
1975.29	336.218	0.827
1975.38	336.167	0.952
1975.46	333.933	1.356
1975.54	328.221	1.086
1975.63	323.658	0.922
1975.71	324.345	0.797
1975.79	328.377	0.581
1975.88	332.329	0.739
1975.96	334.557	1.177
1976.04	335.932	1.082
1976.13	336.844	0.903
1976.21	337.663	0.858
1976.29	337.488	0.827
1976.38	337.077	0.952
1976.46	334.673	1.356
1976.54	328.993	1.163
1976.63	324.935	1.056
1976.71	325.601	0.853
1976.79	329.332	0.626
1976.88	333.347	0.684
1976.96	335.740	1.090
1977.04	336.995	0.882
1977.13	337.467	0.810
1977.21	337.977	0.826
1977.29	338.633	0.756
1977.38	338.692	0.885
1977.46	336.418	1.364
1977.54	331.293	1.163
1977.63	326.365	1.056
1977.71	326.621	0.853
1977.79	330.582	0.626
1977.88	334.397	0.684
1977.96	337.340	1.090
1978.04	339.435	0.882
1978.13	340.147	0.810
1978.21	340.757	0.826
1978.29	340.753	0.756
1978.38	340.232	0.885
1978.46	337.988	1.364
1978.54	332.633	1.163
1978.63	327.955	1.056
1978.71	328.151	0.853
1978.79	332.252	0.626
1978.88	335.967	0.684
1978.96	338.270	1.090
1979.04	340.275	0.882
1979.13	341.337	0.810
1979.21	342.407	0.826
1979.29	341.943	0.756
1979.38	341.112	0.885
1979.46	339.358	1.364
1979.54	334.243	1.163
1979.63	329.395	1.056
1979.71	329.791	0.853
1979.79	334.332	0.626
1979.88	338.397	0.684
1979.96	340.620	1.090
1980.04	342.975	0.882
1980.13	344.397	0.810
1980.21	345.347	0.826
1980.29	345.693	0.756
1980.38	345.092	0.885
1980.46	341.988	1.364
1980.54	335.833	1.163
1980.63	331.075	1.056
1980.71	332.471	0.853
1980.79	336.572	0.626
1980.88	340.317	0.684
1980.96	342.870	1.090
1981.04	344.545	0.882
1981.13	345.737	0.810
1981.21	346.327	0.826
1981.29	346.183	0.756
1981.38	345.592	0.885
1981.46	342.418	1.364
1981.54	336.883	1.163
1981.63	332.545	1.056
1981.71	333.101	0.853
1981.79	337.382	0.626
1981.88	341.637	0.684
1981.96	343.720	1.090
1982.04	345.125	0.882
1982.13	346.257	0.810
1982.21	346.827	0.826
1982.29	346.523	0.756
1982.38	345.762	0.885
1982.46	343.088	1.364
1982.54	337.863	1.163
1982.63	332.755	1.056
1982.71	332.961	0.853
1982.79	337.432	0.626
1982.88	341.757	0.684
1982.96	344.130	1.090
1983.04	345.935	0.882
1983.13	346.517	0.810
1983.21	346.827	0.826
1983.29	347.793	0.756
1983.38	348.052	0.885
1983.46	345.498	1.364
1983.54	339.903	1.163
1983.63	334.925	1.056
1983.71	335.471	0.853
1983.79	339.722	0.626
1983.88	343.627	0.684
1983.96	346.160	1.090
1984.04	348.045	0.882
1984.13	348.747	0.810
1984.21	349.347	0.826
1984.29	349.733	0.756
1984.38	349.462	0.885
1984.46	346.848	1.364
1984.54	341.293	1.163
1984.63	336.645	1.056
1984.71	337.061	0.853
1984.79	341.552	0.626
1984.88	345.517	0.684
1984.96	347.470	1.090
1985.04	348.645	0.882
1985.13	349.697	0.810
1985.21	350.707	0.826
1985.29	350.713	0.756
1985.38	350.652	0.885
1985.46	348.960	1.180
1985.54	343.333	0.438
1985.63	338.263	0.513
1985.71	339.380	0.430
1985.79	342.888	0.177
1985.88	345.602	0.082
1985.96	348.376	0.434
1986.04	350.680	0.500
1986.13	351.513	0.457
1986.21	352.259	0.301
1986.29	352.566	0.364
1986.38	352.410	0.720
1986.46	350.100	1.180
1986.54	345.163	0.438
1986.63	340.753	0.513
1986.71	340.180	0.430
1986.79	344.378	0.177
1986.88	347.882	0.082
1986.96	349.126	0.434
1987.04	350.350	0.500
1987.13	351.763	0.457
1987.21	353.019	0.301
1987.29	353.476	0.364
1987.38	353.360	0.720
1987.46	351.560	1.180
1987.54	347.533	0.438
1987.63	342.303	0.513
1987.71	342.060	0.430
1987.79	346.398	0.177
1987.88	350.252	0.082
1987.96	351.996	0.434
1988.04	353.710	0.500
1988.13	355.003	0.457
1988.21	356.149	0.301
1988.29	356.886	0.364
1988.38	356.530	0.720
1988.46	354.030	1.180
1988.54	349.523	0.438
1988.63	345.133	0.513
1988.71	345.780	0.430
1988.79	350.328	0.177
1988.88	354.012	0.082
1988.96	355.386	0.434
1989.04	357.200	0.500
1989.13	358.833	0.457
1989.21	359.769	0.301
1989.29	359.176	0.364
1989.38	358.380	0.720
1989.46	356.510	1.180
1989.54	351.523	0.438
1989.63	346.383	0.513
1989.71	346.990	0.430
1989.79	350.808	0.177
1989.88	355.722	0.082
1989.96	359.246	0.434
1990.04	359.470	0.500
1990.13	359.213	0.457
1990.21	360.259	0.301
1990.29	360.396	0.364
1990.38	359.630	0.720
1990.46	356.160	1.180
1990.54	350.563	0.438
1990.63	346.833	0.513
1990.71	347.150	0.430
1990.79	351.448	0.177
1990.88	355.882	0.082
1990.96	357.786	0.434
1991.04	359.890	0.500
1991.13	360.933	0.457
1991.21	361.159	0.301
1991.29	361.346	0.364
1991.38	360.830	0.720
1991.46	358.710	1.180
1991.54	353.513	0.438
1991.63	348.333	0.513
1991.71	348.620	0.430
1991.79	352.828	0.177
1991.88	357.332	0.082
1991.96	360.776	0.434
1992.04	362.170	0.500
1992.13	362.243	0.457
1992.21	362.939	0.301
1992.29	362.496	0.364
1992.38	362.100	0.720
1992.46	359.630	1.180
1992.54	352.663	0.438
1992.63	347.563	0.513
1992.71	348.010	0.430
1992.79	352.268	0.177
1992.88	356.382	0.082
1992.96	359.426	0.434
1993.04	360.740	0.500
1993.13	361.213	0.457
1993.21	362.339	0.301
1993.29	362.936	0.364
1993.38	362.690	0.720
1993.46	359.460	1.180
1993.54	353.063	0.438
1993.63	348.873	0.513
1993.71	349.290	0.430
1993.79	353.458	0.177
1993.88	357.272	0.082
1993.96	359.776	0.434
1994.04	362.070	0.500
1994.13	363.593	0.457
1994.21	364.449	0.301
1994.29	364.166	0.364
1994.38	363.440	0.720
1994.46	361.020	1.180
1994.54	355.793	0.438
1994.63	350.813	0.513
1994.71	351.080	0.430
1994.79	355.398	0.177
1994.88	360.222	0.082
1994.96	362.546	0.434
1995.04	363.590	0.500
1995.13	364.803	0.457
1995.21	365.579	0.301
1995.29	365.056	0.364
1995.38	364.640	0.720
1995.46	362.320	1.180
1995.54	357.433	0.438
1995.63	352.943	0.513
1995.71	353.530	0.430
1995.79	357.348	0.177
1995.88	362.272	0.082
1995.96	364.816	0.434
1996.04	365.460	0.500
1996.13	366.123	0.457
1996.21	366.819	0.301
1996.29	367.106	0.364
1996.38	367.550	0.720
1996.46	366.030	1.180
1996.54	361.963	0.438
1996.63	356.293	0.513
1996.71	354.950	0.430
1996.79	359.238	0.177
1996.88	363.492	0.082
1996.96	365.466	0.434
1997.04	367.400	0.500
1997.13	368.023	0.457
1997.21	367.769	0.301
1997.29	367.806	0.364
1997.38	368.020	0.720
1997.46	365.100	1.180
1997.54	359.795	0.438
1997.63	355.240	0.513
1997.71	356.110	0.430
1997.79	360.485	0.177
1997.88	364.365	0.082
1997.96	366.875	0.434
1998.04	368.545	0.500
1998.13	369.585	0.457
1998.21	369.990	0.301
1998.29	370.220	0.364
1998.38	370.425	0.720
1998.46	368.345	1.180
1998.54	363.125	0.438
1998.63	358.733	0.513
1998.71	359.730	0.430
1998.79	364.268	0.177
1998.88	368.712	0.082
1998.96	371.036	0.434
1999.04	372.390	0.500
1999.13	373.153	0.457
1999.21	373.629	0.301
1999.29	373.896	0.364
1999.38	373.760	0.720
1999.46	370.960	1.180
1999.54	364.533	0.438
1999.63	359.693	0.513
1999.71	360.710	0.430
1999.79	365.088	0.177
1999.88	369.292	0.082
1999.96	371.926	0.434
2000.04	372.990	0.500
2000.13	373.823	0.457
2000.21	374.699	0.301
2000.29	375.026	0.364
2000.38	375.060	0.720
2000.46	371.940	1.180
2000.54	366.003	0.438
2000.63	362.150	0.513
2000.71	362.475	0.430
2000.79	367.090	0.177
2000.88	370.985	0.082
2000.96	372.910	0.434
2001.04	374.700	0.500
2001.13	375.750	0.457
2001.21	375.770	0.301
2001.29	376.480	0.364
2001.38	376.785	0.720
2001.46	373.465	1.180
2001.54	367.240	0.438
2001.63	362.840	0.513
2001.71	363.695	0.430
2001.79	368.240	0.177
2001.88	372.690	0.082
2001.96	374.830	0.434
2002.04	376.010	0.500
2002.13	377.280	0.457
2002.21	378.060	0.301
2002.29	378.315	0.364
2002.38	378.070	0.720
2002.46	375.540	1.180
2002.54	369.683	0.438
2002.63	365.103	0.513
2002.71	365.760	0.430
2002.79	370.258	0.177
2002.88	374.352	0.082
2002.96	376.036	0.434
2003.04	379.650	0.500
2003.13	381.015	0.457
2003.21	381.290	0.301
2003.29	381.390	0.364
2003.38	381.420	0.720
2003.46	378.890	1.180
2003.54	372.900	0.438
2003.63	368.125	0.513
2003.71	368.990	0.430
2003.79	373.800	0.177
2003.88	378.480	0.082
2003.96	380.385	0.434
2004.04	380.980	0.500
2004.13	381.650	0.457
2004.21	382.550	0.301
2004.29	382.915	0.364
2004.38	382.610	0.720
2004.46	380.330	1.180
2004.54	374.280	0.438
2004.63	368.980	0.513
2004.71	368.950	0.430
2004.79	373.895	0.177
2004.88	378.278	0.082
2004.96	381.624	0.434
2005.04	383.480	0.500
2005.13	383.707	0.457
2005.21	383.671	0.301
2005.29	384.975	0.364
2005.38	385.100	0.720
2005.46	382.540	1.180
2005.54	376.000	0.438
2005.63	371.220	0.513
2005.71	372.115	0.430
2005.79	376.055	0.177
2005.88	381.055	0.082
2005.96	384.025	0.434
2006.04	384.765	0.500
2006.13	385.520	0.457
2006.21	386.425	0.301
2006.29	387.255	0.364
2006.38	387.640	0.720
2006.46	385.675	1.180
2006.54	379.730	0.438
2006.63	374.165	0.513
2006.71	374.890	0.430
2006.79	379.390	0.177
2006.88	383.970	0.082
2006.96	386.740	0.434
2007.04	387.840	0.500
2007.13	388.440	0.457
2007.21	389.060	0.301
2007.29	389.135	0.364
2007.38	388.440	0.720
2007.46	385.845	1.180
2007.54	379.680	0.438
2007.63	374.370	0.513
2007.71	375.555	0.430
2007.79	380.935	0.177
2007.88	385.020	0.082
2007.96	387.760	0.434
2008.04	389.480	0.500
2008.13	390.665	0.457
2008.21	391.480	0.301
2008.29	391.825	0.364
2008.38	391.480	0.720
2008.46	388.470	1.180
2008.54	382.390	0.438
2008.63	377.345	0.513
2008.71	377.615	0.430
2008.79	381.975	0.177
2008.88	387.290	0.082
2008.96	390.120	0.434