14CO2 history for Greenland by Christo Buizert
year    concentration (E-12 ppm)
1800.04	348.771904
1800.13	349.837650
1800.21	350.597334
1800.29	350.755147
1800.38	350.532663
1800.46	347.533701
1800.54	340.868840
1800.63	335.098464
1800.71	335.712626
1800.79	340.856523
1800.88	345.921197
1800.96	348.733221
1801.04	348.890147
1801.13	349.836355
1801.21	350.395172
1801.29	350.347783
1801.38	349.920812
1801.46	346.759482
1801.54	339.952413
1801.63	334.054693
1801.71	334.557571
1801.79	339.588915
1801.88	344.564370
1801.96	347.332595
1802.04	347.488259
1802.13	348.584402
1802.21	349.398885
1802.29	349.639795
1802.38	349.525155
1802.46	346.643028
1802.54	340.116135
1802.63	334.484192
1802.71	335.201780
1802.79	340.437514
1802.88	345.586849
1802.96	348.459680
1803.04	348.661141
1803.13	349.744878
1803.21	350.499457
1803.29	350.634874
1803.38	350.373533
1803.46	347.334762
1803.54	340.628985
1803.63	334.812896
1803.71	335.377767
1803.79	340.464941
1803.88	345.480209
1803.96	348.264988
1804.04	348.416855
1804.13	349.495505
1804.21	350.282997
1804.29	350.485749
1804.38	350.324298
1804.46	347.393668
1804.54	340.812073
1804.63	335.129111
1804.71	335.814140
1804.79	341.028502
1804.88	346.166833
1804.96	349.042156
1805.04	349.260316
1805.13	350.380397
1805.21	351.179715
1805.29	351.369942
1805.38	351.170600
1805.46	348.182166
1805.54	341.517770
1805.63	335.736787
1805.71	336.332077
1805.79	341.445186
1805.88	346.464196
1805.96	349.223830
1806.04	349.290248
1806.13	350.274763
1806.21	350.955054
1806.29	351.025745
1806.38	350.711450
1806.46	347.638362
1806.54	340.909300
1806.63	335.081629
1806.71	335.644850
1806.79	340.738948
1806.88	345.771714
1806.96	348.580731
1807.04	348.741913
1807.13	349.861795
1807.21	350.688737
1807.29	350.932326
1807.38	350.809325
1807.46	347.904683
1807.54	341.337750
1807.63	335.656181
1807.71	336.330471
1807.79	341.516691
1807.88	346.599139
1807.96	349.397331
1808.04	349.480352
1808.13	350.454064
1808.21	351.102961
1808.29	351.122380
1808.38	350.738199
1808.46	347.594731
1808.54	340.789719
1808.63	334.881503
1808.71	335.369005
1808.79	340.380941
1808.88	345.336357
1808.96	348.091448
1809.04	348.217985
1809.13	349.321475
1809.21	350.153398
1809.29	350.423652
1809.38	350.351660
1809.46	347.516564
1809.54	341.046610
1809.63	335.483244
1809.71	336.274009
1809.79	341.601388
1809.88	346.859098
1809.96	349.836556
1810.04	350.127806
1810.13	351.341061
1810.21	352.214716
1810.29	352.474778
1810.38	352.340682
1810.46	349.399080
1810.54	342.771006
1810.63	337.025399
1810.71	337.663376
1810.79	342.832632
1810.88	347.911410
1810.96	350.721991
1811.04	350.787608
1811.13	351.828240
1811.21	352.559039
1811.29	352.680388
1811.38	352.415671
1811.46	349.372596
1811.54	342.656044
1811.63	336.837649
1811.71	337.423507
1811.79	342.550201
1811.88	347.603754
1811.96	350.411902
1812.04	350.497705
1812.13	351.579064
1812.21	352.361301
1812.29	352.549193
1812.38	352.363680
1812.46	349.395895
1812.54	342.757772
1812.63	337.016348
1812.71	337.666205
1812.79	342.854631
1812.88	347.960138
1812.96	350.797468
1813.04	350.891545
1813.13	351.959866
1813.21	352.712538
1813.29	352.853501
1813.38	352.604420
1813.46	349.569724
1813.54	342.855184
1813.63	337.032298
1813.71	337.609387
1813.79	342.720185
1813.88	347.747255
1813.96	350.522072
1814.04	350.562750
1814.13	351.586417
1814.21	352.309899
1814.29	352.430774
1814.38	352.171240
1814.46	349.139073
1814.54	342.439119
1814.63	336.636488
1814.71	337.228978
1814.79	342.355022
1814.88	347.403234
1814.96	350.202012
1815.04	350.273140
1815.13	351.330261
1815.21	352.086383
1815.29	352.245722
1815.38	352.031629
1815.46	349.045978
1815.54	342.401115
1815.63	336.661229
1815.71	337.315477
1815.79	342.516504
1815.88	347.655966
1815.96	350.546876
1816.04	350.724029
1816.13	351.904450
1816.21	352.776714
1816.29	353.060282
1816.38	352.975116
1816.46	350.091857
1816.54	343.534102
1816.63	337.873452
1816.71	338.602744
1816.79	343.882818
1816.88	349.081467
1816.96	351.994127
1817.04	352.154265
1817.13	353.289342
1817.21	354.097144
1817.29	354.291131
1817.38	354.094720
1817.46	351.095801
1817.54	344.405288
1817.63	338.613144
1817.71	339.243815
1817.79	344.436161
1817.88	349.556045
1817.96	352.414499
1818.04	352.538398
1818.13	353.662369
1818.21	354.477384
1818.29	354.689567
1818.38	354.516860
1818.46	351.533786
1818.54	344.846691
1818.63	339.042332
1818.71	339.647535
1818.79	344.788608
1818.88	349.812723
1818.96	352.540776
1819.04	352.477203
1819.13	353.352424
1819.21	353.911084
1819.29	353.830964
1819.38	353.341027
1819.46	350.090153
1819.54	343.158602
1819.63	337.130924
1819.71	337.544937
1819.79	342.503975
1819.88	347.406794
1819.96	350.113511
1820.04	350.136463
1820.13	351.194412
1820.21	351.991647
1820.29	352.228593
1820.38	352.125640
1820.46	349.257177
1820.54	342.743440
1820.63	337.140396
1820.71	337.914517
1820.79	343.237227
1820.88	348.486013
1820.96	351.446696
1821.04	351.634034
1821.13	352.812392
1821.21	353.649587
1821.29	353.864622
1821.38	353.676924
1821.46	350.677036
1821.54	343.976788
1821.63	338.155314
1821.71	338.733052
1821.79	343.840665
1821.88	348.847272
1821.96	351.585722
1822.04	351.543409
1822.13	352.493421
1822.21	353.141799
1822.29	353.176827
1822.38	352.824388
1822.46	349.709236
1822.54	342.927005
1822.63	337.050696
1822.71	337.591359
1822.79	342.677674
1822.88	347.704568
1822.96	350.506854
1823.04	350.583734
1823.13	351.700341
1823.21	352.529130
1823.29	352.778868
1823.38	352.668328
1823.46	349.773374
1823.54	343.213194
1823.63	337.549678
1823.71	338.265270
1823.79	343.518743
1823.88	348.682551
1823.96	351.558072
1824.04	351.649116
1824.13	352.721989
1824.21	353.464033
1824.29	353.580806
1824.38	353.295290
1824.46	350.219690
1824.54	343.456926
1824.63	337.583860
1824.71	338.119773
1824.79	343.191083
1824.88	348.182416
1824.96	350.933749
1825.04	350.936700
1825.13	351.959854
1825.21	352.693572
1825.29	352.834615
1825.38	352.605104
1825.46	349.605192
1825.54	342.942366
1825.63	337.180848
1825.71	337.812924
1825.79	342.983477
1825.88	348.077557
1825.96	350.913631
1826.04	350.992552
1826.13	352.078390
1826.21	352.854599
1826.29	353.029043
1826.38	352.824522
1826.46	349.839294
1826.54	343.185784
1826.63	337.433296
1826.71	338.078586
1826.79	343.270690
1826.88	348.395148
1826.96	351.266612
1827.04	351.392000
1827.13	352.539850
1827.21	353.378597
1827.29	353.621625
1827.38	353.487974
1827.46	350.555658
1827.54	343.940994
1827.63	338.216416
1827.71	338.883300
1827.79	344.088758
1827.88	349.199098
1827.96	352.025376
1828.04	352.064538
1828.13	353.089516
1828.21	353.794548
1828.29	353.878901
1828.38	353.567907
1828.46	350.477051
1828.54	343.706358
1828.63	337.837078
1828.71	338.389621
1828.79	343.493163
1828.88	348.533706
1828.96	351.342366
1829.04	351.418266
1829.13	352.534607
1829.21	353.361951
1829.29	353.608506
1829.38	353.493946
1829.46	350.590377
1829.54	344.015246
1829.63	338.339813
1829.71	339.057268
1829.79	344.323251
1829.88	349.502275
1829.96	352.391025
1830.04	352.493475
1830.13	353.583230
1830.21	354.341440
1830.29	354.474205
1830.38	354.203354
1830.46	351.132295
1830.54	344.362711
1830.63	338.479445
1830.71	339.013113
1830.79	344.084404
1830.88	349.064572
1830.96	351.791869
1831.04	351.666099
1831.13	352.633831
1831.21	353.309048
1831.29	353.380850
1831.38	353.073597
1831.46	350.000393
1831.54	343.259953
1831.63	337.424132
1831.71	337.999519
1831.79	343.119137
1831.88	348.169886
1831.96	350.979223
1832.04	350.959391
1832.13	352.047491
1832.21	352.837040
1832.29	353.033276
1832.38	352.856218
1832.46	349.895006
1832.54	343.262052
1832.63	337.522974
1832.71	338.171698
1832.79	343.354764
1832.88	348.448837
1832.96	351.270408
1833.04	351.047932
1833.13	352.085358
1833.21	352.805833
1833.29	352.909596
1833.38	352.619603
1833.46	349.550126
1833.54	342.803408
1833.63	336.949802
1833.71	337.498581
1833.79	342.580012
1833.88	347.583499
1833.96	350.347118
1834.04	350.217841
1834.13	351.252309
1834.21	351.994010
1834.29	352.141705
1834.38	351.916882
1834.46	348.921573
1834.54	342.264589
1834.63	336.505832
1834.71	337.133261
1834.79	342.292753
1834.88	347.373311
1834.96	350.197040
1835.04	349.995282
1835.13	351.065352
1835.21	351.825675
1835.29	351.981613
1835.38	351.755038
1835.46	348.750859
1835.54	342.079499
1835.63	336.303577
1835.71	336.916416
1835.79	342.062618
1835.88	347.133354
1835.96	349.954423
1836.04	349.880319
1836.13	350.965170
1836.21	351.744390
1836.29	351.923429
1836.38	351.721655
1836.46	348.736580
1836.54	342.078890
1836.63	336.309203
1836.71	336.919973
1836.79	342.052964
1836.88	347.091878
1836.96	349.865565
1837.04	349.598242
1837.13	350.586293
1837.21	351.264185
1837.29	351.326068
1837.38	350.995508
1837.46	347.900050
1837.54	341.139512
1837.63	335.273500
1837.71	335.799793
1837.79	340.849333
1837.88	345.825988
1837.96	348.576845
1838.04	348.449784
1838.13	349.490893
1838.21	350.245190
1838.29	350.413591
1838.38	350.217064
1838.46	347.258623
1838.54	340.652360
1838.63	334.945544
1838.71	335.606446
1838.79	340.792793
1838.88	345.904215
1838.96	348.760029
1839.04	348.841998
1839.13	349.950521
1839.21	350.744454
1839.29	350.935684
1839.38	350.745168
1839.46	347.775548
1839.54	341.142857
1839.63	335.402963
1839.71	336.038667
1839.79	341.202112
1839.88	346.289625
1839.96	349.125618
1840.04	349.189973
1840.13	350.288259
1840.21	351.077245
1840.29	351.264512
1840.38	351.068860
1840.46	348.088912
1840.54	341.436832
1840.63	335.669180
1840.71	336.274622
1840.79	341.395559
1840.88	346.418763
1840.96	349.177108
1841.04	349.137764
1841.13	350.105369
1841.21	350.764425
1841.29	350.807623
1841.38	350.460100
1841.46	347.356129
1841.54	340.595841
1841.63	334.735257
1841.71	335.266248
1841.79	340.323916
1841.88	345.321205
1841.96	348.104103
1842.04	348.270264
1842.13	349.375959
1842.21	350.197066
1842.29	350.442520
1842.38	350.330608
1842.46	347.446904
1842.54	340.913863
1842.63	335.275238
1842.71	335.991010
1842.79	341.227864
1842.88	346.376781
1842.96	349.247046
1843.04	349.442641
1843.13	350.520408
1843.21	351.269517
1843.29	351.398991
1843.38	351.131988
1843.46	348.087407
1843.54	341.374467
1843.63	335.554087
1843.71	336.121846
1843.79	341.218549
1843.88	346.247395
1843.96	349.046884
1844.04	349.216066
1844.13	350.317492
1844.21	351.127060
1844.29	351.352502
1844.38	351.212467
1844.46	348.294140
1844.54	341.715587
1844.63	336.029267
1844.71	336.709907
1844.79	341.914327
1844.88	347.027391
1844.96	349.863520
1845.04	350.143656
1845.13	351.184837
1845.21	351.902902
1845.29	352.000551
1845.38	351.701542
1845.46	348.628126
1845.54	341.884637
1845.63	336.034595
1845.71	336.578622
1845.79	341.651282
1845.88	346.653964
1845.96	349.429156
1846.04	349.693886
1846.13	350.767716
1846.21	351.553747
1846.29	351.756813
1846.38	351.597356
1846.46	348.667483
1846.54	342.084187
1846.63	336.400542
1846.71	337.089505
1846.79	342.310917
1846.88	347.454712
1846.96	350.331116
1847.04	350.545120
1847.13	351.658903
1847.21	352.450723
1847.29	352.631734
1847.38	352.422658
1847.46	349.424667
1847.54	342.749854
1847.63	336.962348
1847.71	337.560109
1847.79	342.684151
1847.88	347.721464
1847.96	350.503249
1848.04	350.745180
1848.13	351.769262
1848.21	352.490077
1848.29	352.606293
1848.38	352.340749
1848.46	349.305797
1848.54	342.607408
1848.63	336.806887
1848.71	337.397480
1848.79	342.520044
1848.88	347.570013
1848.96	350.377886
1849.04	350.663208
1849.13	351.745435
1849.21	352.527473
1849.29	352.715540
1849.38	352.529996
1849.46	349.567300
1849.54	342.941462
1849.63	337.210409
1849.71	337.858101
1849.79	343.035426
1849.88	348.130787
1849.96	350.963571
1850.04	351.133256
1850.13	352.203276
1850.21	352.958596
1850.29	353.103872
1850.38	352.859916
1850.46	349.834734
1850.54	343.135984
1850.63	337.325596
1850.71	337.900562
1850.79	342.998005
1850.88	348.008365
1850.96	350.768372
1851.04	350.990645
1851.13	351.994565
1851.21	352.699054
1851.29	352.801073
1851.38	352.524092
1851.46	349.485611
1851.54	342.791903
1851.63	336.999671
1851.71	337.595112
1851.79	342.723020
1851.88	347.786130
1851.96	350.614536
1852.04	350.809834
1852.13	351.931990
1852.21	352.754489
1852.29	352.988468
1852.38	352.852142
1852.46	349.932848
1852.54	343.349515
1852.63	337.655641
1852.71	338.328211
1852.79	343.522893
1852.88	348.624372
1852.96	351.449517
1853.04	351.595907
1853.13	352.624833
1853.21	353.331007
1853.29	353.414533
1853.38	353.097859
1853.46	350.005848
1853.54	343.239941
1853.63	337.361141
1853.71	337.871671
1853.79	342.899102
1853.88	347.844269
1853.96	350.559556
1854.04	350.753441
1854.13	351.741156
1854.21	352.442852
1854.29	352.551844
1854.38	352.289684
1854.46	349.273052
1854.54	342.609069
1854.63	336.842418
1854.71	337.444412
1854.79	342.562893
1854.88	347.604499
1854.96	350.403148
1855.04	350.556218
1855.13	351.614351
1855.21	352.367813
1855.29	352.521602
1855.38	352.296585
1855.46	349.306340
1855.54	342.664384
1855.63	336.914709
1855.71	337.527727
1855.79	342.655567
1855.88	347.706863
1855.96	350.515360
1856.04	350.802697
1856.13	351.876691
1856.21	352.645384
1856.29	352.815175
1856.38	352.605396
1856.46	349.625473
1856.54	342.989596
1856.63	337.240758
1856.71	337.849742
1856.79	342.966795
1856.88	347.996250
1856.96	350.774564
1857.04	350.896769
1857.13	351.913552
1857.21	352.624296
1857.29	352.729776
1857.38	352.453031
1857.46	349.420018
1857.54	342.740365
1857.63	336.958158
1857.71	337.545103
1857.79	342.650953
1857.88	347.693608
1857.96	350.511531
1858.04	350.829277
1858.13	351.954342
1858.21	352.784332
1858.29	353.032479
1858.38	352.917486
1858.46	350.029730
1858.54	343.493808
1858.63	337.850556
1858.71	338.557219
1858.79	343.782176
1858.88	348.923571
1858.96	351.794741
1859.04	352.123620
1859.13	353.220107
1859.21	353.990686
1859.29	354.145425
1859.38	353.904764
1859.46	350.882378
1859.54	344.189097
1859.63	338.379065
1859.71	338.941595
1859.79	344.016148
1859.88	349.003372
1859.96	351.747605
1860.04	351.839858
1860.13	352.836818
1860.21	353.538246
1860.29	353.640414
1860.38	353.366136
1860.46	350.336953
1860.54	343.660587
1860.63	337.883785
1860.71	338.480363
1860.79	343.598888
1860.88	348.650837
1860.96	351.470368
1861.04	351.780649
1861.13	352.890317
1861.21	353.698566
1861.29	353.915178
1861.38	353.757455
1861.46	350.821911
1861.54	344.226534
1861.63	338.513654
1861.71	339.151619
1861.79	344.293272
1861.88	349.333957
1861.96	352.104679
1862.04	352.197320
1862.13	353.162897
1862.21	353.811679
1862.29	353.837327
1862.38	353.464092
1862.46	350.337456
1862.54	343.556688
1862.63	337.668269
1862.71	338.157367
1862.79	343.155908
1862.88	348.088641
1862.96	350.817051
1863.04	350.933800
1863.13	351.985658
1863.21	352.760669
1863.29	352.961872
1863.38	352.807949
1863.46	349.900746
1863.54	343.361092
1863.63	337.717103
1863.71	338.410800
1863.79	343.611880
1863.88	348.731497
1863.96	351.589458
1864.04	351.912846
1864.13	353.001980
1864.21	353.768425
1864.29	353.924190
1864.38	353.691173
1864.46	350.690132
1864.54	344.037003
1864.63	338.274635
1864.71	338.873166
1864.79	343.986083
1864.88	349.031313
1864.96	351.847608
1865.04	352.038572
1865.13	353.154423
1865.21	353.972767
1865.29	354.204991
1865.38	354.069030
1865.46	351.159407
1865.54	344.597843
1865.63	338.923540
1865.71	339.596229
1865.79	344.777636
1865.88	349.866729
1865.96	352.686509
1866.04	352.836330
1866.13	353.866882
1866.21	354.576896
1866.29	354.669214
1866.38	354.366913
1866.46	351.300491
1866.54	344.576818
1866.63	338.745001
1866.71	339.288436
1866.79	344.347731
1866.88	349.339347
1866.96	352.111648
1867.04	352.261833
1867.13	353.341965
1867.21	354.134866
1867.29	354.347105
1867.38	354.197536
1867.46	351.283178
1867.54	344.724161
1867.63	339.059061
1867.71	339.744061
1867.79	344.943484
1867.88	350.059126
1867.96	352.909368
1868.04	353.097660
1868.13	354.174607
1868.21	354.929288
1868.29	355.070017
1868.38	354.818031
1868.46	351.792155
1868.54	345.103423
1868.63	339.301328
1868.71	339.868613
1868.79	344.948314
1868.88	349.948400
1868.96	352.713089
1869.04	352.958736
1869.13	353.995624
1869.21	354.737406
1869.29	354.885433
1869.38	354.660431
1869.46	351.674682
1869.54	345.040879
1869.63	339.301285
1869.71	339.922872
1869.79	345.058761
1869.88	350.116926
1869.96	352.928832
1870.04	353.094409
1870.13	354.163692
1870.21	354.925335
1870.29	355.085781
1870.38	354.865643
1870.46	351.877544
1870.54	345.235560
1870.63	339.483607
1870.71	340.092634
1870.79	345.214042
1870.88	350.255623
1870.96	353.052887
1871.04	353.325926
1871.13	354.382520
1871.21	355.134877
1871.29	355.287948
1871.38	355.062550
1871.46	352.072367
1871.54	345.431006
1871.63	339.682119
1871.71	340.295338
1871.79	345.423071
1871.88	350.474384
1871.96	353.283024
1872.04	353.570643
1872.13	354.644865
1872.21	355.413620
1872.29	355.583465
1872.38	355.373670
1872.46	352.393818
1872.54	345.758151
1872.63	340.009402
1872.71	340.617787
1872.79	345.733579
1872.88	350.761631
1872.96	353.538563
1873.04	353.780944
1873.13	354.795050
1873.21	355.501628
1873.29	355.599618
1873.38	355.310519
1873.46	352.261777
1873.54	345.560460
1873.63	339.747904
1873.71	340.297882
1873.79	345.352220
1873.88	350.327240
1873.96	353.072845
1874.04	353.424939
1874.13	354.443852
1874.21	355.170095
1874.29	355.304207
1874.38	355.067516
1874.46	352.080259
1874.54	345.456527
1874.63	339.729470
1874.71	340.353746
1874.79	345.488039
1874.88	350.553056
1874.96	353.382613
1875.04	353.823956
1875.13	354.934501
1875.21	355.738638
1875.29	355.948285
1875.38	355.781171
1875.46	352.842494
1875.54	346.252260
1875.63	340.544606
1875.71	341.177629
1875.79	346.308907
1875.88	351.346666
1875.96	354.126655
1876.04	354.487875
1876.13	355.489322
1876.21	356.178809
1876.29	356.256051
1876.38	355.944529
1876.46	352.881207
1876.54	346.173732
1876.63	340.360709
1876.71	340.910938
1876.79	345.970913
1876.88	350.968534
1876.96	353.753781
1877.04	354.291244
1877.13	355.397584
1877.21	356.216690
1877.29	356.459889
1877.38	356.345012
1877.46	353.467135
1877.54	346.952067
1877.63	341.329563
1877.71	342.042334
1877.79	347.263640
1877.88	352.401346
1877.96	355.271602
1878.04	355.846539
1878.13	356.941592
1878.21	357.709316
1878.29	357.860997
1878.38	357.616890
1878.46	354.597351
1878.54	347.915150
1878.63	342.114666
1878.71	342.673978
1878.79	347.736691
1878.88	352.714791
1878.96	355.457514
1879.04	355.922325
1879.13	356.929767
1879.21	357.644496
1879.29	357.765650
1879.38	357.516187
1879.46	354.517719
1879.54	347.883173
1879.63	342.150483
1879.71	342.779048
1879.79	347.927688
1879.88	353.016552
1879.96	355.875352
1880.04	356.598619
1880.13	357.761844
1880.21	358.620946
1880.29	358.894251
1880.38	358.798810
1880.46	355.921644
1880.54	349.389097
1880.63	343.741210
1880.71	344.437041
1880.79	349.642156
1880.88	354.751902
1880.96	357.584747
1881.04	358.229110
1881.13	359.262945
1881.21	359.972240
1881.29	360.060605
1881.38	359.751883
1881.46	356.676907
1881.54	349.941833
1881.63	344.100322
1881.71	344.641232
1881.79	349.703957
1881.88	354.703294
1881.96	357.486022
1882.04	358.137480
1882.13	359.240412
1882.21	360.058439
1882.29	360.300667
1882.38	360.185884
1882.46	357.301422
1882.54	350.770225
1882.63	345.135203
1882.71	345.854012
1882.79	351.095103
1882.88	356.252370
1882.96	359.134560
1883.04	359.713858
1883.13	360.813924
1883.21	361.584760
1883.29	361.737168
1883.38	361.492014
1883.46	358.462826
1883.54	351.759838
1883.63	345.941239
1883.71	346.501677
1883.79	351.579268
1883.88	356.572458
1883.96	359.324286
1884.04	359.914025
1884.13	360.926358
1884.21	361.643533
1884.29	361.762408
1884.38	361.504496
1884.46	358.484610
1884.54	351.810153
1884.63	346.030333
1884.71	346.623315
1884.79	351.734010
1884.88	356.765582
1884.96	359.553120
1885.04	360.057335
1885.13	361.101308
1885.21	361.841139
1885.29	361.978605
1885.38	361.733778
1885.46	358.721615
1885.54	352.051752
1885.63	346.269256
1885.71	346.850169
1885.79	351.938565
1885.88	356.939441
1885.96	359.694657
1886.04	360.039201
1886.13	361.036684
1886.21	361.731682
1886.29	361.820973
1886.38	361.526149
1886.46	358.476227
1886.54	351.777424
1886.63	345.969912
1886.71	346.525145
1886.79	351.586250
1886.88	356.571207
1886.96	359.328376
1887.04	359.694886
1887.13	360.730267
1887.21	361.471714
1887.29	361.621194
1887.38	361.398624
1887.46	358.421235
1887.54	351.803655
1887.63	346.077867
1887.71	346.698511
1887.79	351.822810
1887.88	356.868226
1887.96	359.671459
1888.04	359.953998
1888.13	361.015374
1888.21	361.769725
1888.29	361.923853
1888.38	361.698473
1888.46	358.713123
1888.54	352.083716
1888.63	346.344496
1888.71	346.954261
1888.79	352.069235
1888.88	357.109284
1888.96	359.913623
1889.04	360.204975
1889.13	361.284551
1889.21	362.061997
1889.29	362.245989
1889.38	362.056605
1889.46	359.105107
1889.54	352.510414
1889.63	346.807167
1889.71	347.451016
1889.79	352.603338
1889.88	357.679137
1889.96	360.509258
1890.04	360.818990
1890.13	361.911564
1890.21	362.694788
1890.29	362.879680
1890.38	362.687014
1890.46	359.727187
1890.54	353.119070
1890.63	347.402986
1890.71	348.042102
1890.79	353.195922
1890.88	358.276258
1890.96	361.112921
1891.04	361.310385
1891.13	362.418858
1891.21	363.219183
1891.29	363.422779
1891.38	363.248729
1891.46	360.299625
1891.54	353.693929
1891.63	347.975039
1891.71	348.611603
1891.79	353.758709
1891.88	358.818323
1891.96	361.620570
1892.04	361.885276
1892.13	362.921341
1892.21	363.646296
1892.29	363.762945
1892.38	363.493833
1892.46	360.461570
1892.54	353.775667
1892.63	347.983958
1892.71	348.564256
1892.79	353.663128
1892.88	358.693192
1892.96	361.493727
1893.04	361.664894
1893.13	362.759520
1893.21	363.559105
1893.29	363.772699
1893.38	363.620077
1893.46	360.698375
1893.54	354.127900
1893.63	348.452149
1893.71	349.133591
1893.79	354.335317
1893.88	359.457508
1893.96	362.317811
1894.04	362.521332
1894.13	363.622325
1894.21	364.404019
1894.29	364.577031
1894.38	364.362143
1894.46	361.367571
1894.54	354.707170
1894.63	348.934424
1894.71	349.533726
1894.79	354.651420
1894.88	359.686849
1894.96	362.474916
1895.04	362.611946
1895.13	363.656390
1895.21	364.399147
1895.29	364.542891
1895.38	364.309520
1895.46	361.310183
1895.54	354.656395
1895.63	348.900013
1895.71	349.519457
1895.79	354.665276
1895.88	359.740001
1895.96	362.571396
1896.04	362.761356
1896.13	363.867480
1896.21	364.668111
1896.29	364.872969
1896.38	364.701183
1896.46	361.749565
1896.54	355.134295
1896.63	349.407372
1896.71	350.047364
1896.79	355.205573
1896.88	360.273668
1896.96	363.077233
1897.04	363.212402
1897.13	364.237707
1897.21	364.948980
1897.29	365.046141
1897.38	364.751755
1897.46	361.688524
1897.54	354.961222
1897.63	349.125278
1897.71	349.672037
1897.79	354.738008
1897.88	359.727932
1897.96	362.486542
1898.04	362.728477
1898.13	363.766872
1898.21	364.513218
1898.29	364.667773
1898.38	364.450781
1898.46	361.469976
1898.54	354.837225
1898.63	349.097428
1898.71	349.721030
1898.79	354.858953
1898.88	359.913003
1898.96	362.713443
1899.04	363.100795
1899.13	364.140099
1899.21	364.869378
1899.29	364.991392
1899.38	364.728105
1899.46	361.700369
1899.54	355.017695
1899.63	349.227433
1899.71	349.807129
1899.79	354.902689
1899.88	359.924894
1899.96	362.713928
1900.04	363.111111
1900.13	364.183058
1900.21	364.960005
1900.29	365.149546
1900.38	364.973554
1900.46	362.035799
1900.54	355.455721
1900.63	349.778350
1900.71	350.465592
1900.79	355.683699
1900.88	360.839397
1900.96	363.746462
1901.04	364.261609
1901.13	365.453360
1901.21	366.329414
1901.29	366.611843
1901.38	366.518184
1901.46	363.629445
1901.54	357.070449
1901.63	351.396458
1901.71	352.085818
1901.79	357.297780
1901.88	362.414692
1901.96	365.251150
1902.04	365.773460
1902.13	366.811889
1902.21	367.525429
1902.29	367.614903
1902.38	367.301968
1902.46	364.208903
1902.54	357.436354
1902.63	351.548092
1902.71	352.051522
1902.79	357.071207
1902.88	362.003075
1902.96	364.700223
1903.04	364.989778
1903.13	365.945172
1903.21	366.614011
1903.29	366.685397
1903.38	366.381897
1903.46	363.327349
1903.54	356.624622
1903.63	350.820588
1903.71	351.392144
1903.79	356.481313
1903.88	361.497134
1903.96	364.278883
1904.04	364.786772
1904.13	365.841965
1904.21	366.598107
1904.29	366.758935
1904.38	366.544192
1904.46	363.564432
1904.54	356.933370
1904.63	351.191941
1904.71	351.806923
1904.79	356.930196
1904.88	361.968581
1904.96	364.756908
1905.04	365.256564
1905.13	366.286744
1905.21	367.009284
1905.29	367.126127
1905.38	366.859386
1905.46	363.832928
1905.54	357.157171
1905.63	351.374150
1905.71	351.954816
1905.79	357.047610
1905.88	362.069055
1905.96	364.860680
1906.04	365.507824
1906.13	366.586770
1906.21	367.368717
1906.29	367.560796
1906.38	367.382135
1906.46	364.437835
1906.54	357.846036
1906.63	352.143895
1906.71	352.790048
1906.79	357.943477
1906.88	363.011347
1906.96	365.823158
1907.04	366.343221
1907.13	367.388774
1907.21	368.118679
1907.29	368.236249
1907.38	367.961277
1907.46	364.919028
1907.54	358.217617
1907.63	352.397456
1907.71	352.933770
1907.79	357.965823
1907.88	362.907630
1907.96	365.614646
1908.04	366.038474
1908.13	366.995412
1908.21	367.659734
1908.29	367.723803
1908.38	367.410394
1908.46	364.357237
1908.54	357.671086
1908.63	351.881818
1908.71	352.446170
1908.79	357.514139
1908.88	362.517532
1908.96	365.304588
1909.04	365.839339
1909.13	366.933015
1909.21	367.733740
1909.29	367.952156
1909.38	367.806459
1909.46	364.901877
1909.54	358.362881
1909.63	352.713162
1909.71	353.391859
1909.79	358.569182
1909.88	363.663113
1909.96	366.500826
1910.04	367.051559
1910.13	368.125733
1910.21	368.880044
1910.29	369.023345
1910.38	368.775716
1910.46	365.762755
1910.54	359.098329
1910.63	353.315851
1910.71	353.878831
1910.79	358.936050
1910.88	363.909760
1910.96	366.652377
1911.04	367.121850
1911.13	368.131158
1911.21	368.844969
1911.29	368.962326
1911.38	368.703677
1911.46	365.696883
1911.54	359.054148
1911.63	353.301011
1911.71	353.887735
1911.79	358.968587
1911.88	363.971143
1911.96	366.742664
1912.04	367.122980
1912.13	368.163267
1912.21	368.903513
1912.29	369.048313
1912.38	368.818261
1912.46	365.838657
1912.54	359.226775
1912.63	353.505807
1912.71	354.119943
1912.79	359.230973
1912.88	364.269610
1912.96	367.077754
1913.04	367.622426
1913.13	368.712295
1913.21	369.498942
1913.29	369.693117
1913.38	369.513519
1913.46	366.574369
1913.54	359.997461
1913.63	354.306467
1913.71	354.945072
1913.79	360.077608
1913.88	365.127301
1913.96	367.931670
1914.04	368.335110
1914.13	369.390099
1914.21	370.135752
1914.29	370.279534
1914.38	370.042912
1914.46	367.052046
1914.54	360.423822
1914.63	354.687798
1914.71	355.296105
1914.79	360.408688
1914.88	365.454725
1914.96	368.274935
1915.04	368.717422
1915.13	369.836371
1915.21	370.653648
1915.29	370.881286
1915.38	370.734938
1915.46	367.817006
1915.54	361.249300
1915.63	355.557483
1915.71	356.190346
1915.79	361.306360
1915.88	366.314669
1915.96	369.055912
1916.04	369.363114
1916.13	370.288630
1916.21	370.897066
1916.29	370.878781
1916.38	370.458066
1916.46	367.299592
1916.54	360.500834
1916.63	354.591617
1916.71	355.040875
1916.79	359.981527
1916.88	364.860851
1916.96	367.556033
1917.04	368.021114
1917.13	369.063373
1917.21	369.837299
1917.29	370.045467
1917.38	369.904570
1917.46	367.023247
1917.54	360.526678
1917.63	354.920347
1917.71	355.618288
1917.79	360.798754
1917.88	365.890573
1917.96	368.722946
1918.04	369.142539
1918.13	370.190564
1918.21	370.911970
1918.29	371.015079
1918.38	370.720673
1918.46	367.674135
1918.54	360.988518
1918.63	355.183572
1918.71	355.709790
1918.79	360.717378
1918.88	365.651317
1918.96	368.378467
1919.04	368.736346
1919.13	369.770010
1919.21	370.518238
1919.29	370.683257
1919.38	370.481693
1919.46	367.537215
1919.54	360.969227
1919.63	355.282775
1919.71	355.901235
1919.79	360.989560
1919.88	365.983934
1919.96	368.734270
1920.04	369.077512
1920.13	370.051606
1920.21	370.714407
1920.29	370.764351
1920.38	370.423060
1920.46	367.349556
1920.54	360.653206
1920.63	354.841868
1920.71	355.352054
1920.79	360.335477
1920.88	365.252265
1920.96	367.975636
1921.04	368.464286
1921.13	369.514546
1921.21	370.285305
1921.29	370.483630
1921.38	370.327493
1921.46	367.438951
1921.54	360.946549
1921.63	355.344814
1921.71	356.034907
1921.79	361.201631
1921.88	366.293819
1921.96	369.147247
1922.04	369.735501
1922.13	370.851257
1922.21	371.646884
1922.29	371.838957
1922.38	371.644112
1922.46	368.691344
1922.54	362.104550
1922.63	356.389275
1922.71	356.974439
1922.79	362.022822
1922.88	366.977266
1922.96	369.699258
1923.04	370.024485
1923.13	370.991217
1923.21	371.658038
1923.29	371.722239
1923.38	371.405895
1923.46	368.364211
1923.54	361.709896
1923.63	355.946475
1923.71	356.499400
1923.79	361.529939
1923.88	366.500488
1923.96	369.274596
1924.04	369.817890
1924.13	370.925308
1924.21	371.745831
1924.29	371.994270
1924.38	371.887042
1924.46	369.036009
1924.54	362.574648
1924.63	356.998984
1924.71	357.710795
1924.79	362.897626
1924.88	368.001577
1924.96	370.854517
1925.04	371.550314
1925.13	372.641929
1925.21	373.408041
1925.29	373.562426
1925.38	373.323213
1925.46	370.327710
1925.54	363.695212
1925.63	357.936026
1925.71	358.487802
1925.79	363.507270
1925.88	368.439311
1925.96	371.150534
1926.04	371.596679
1926.13	372.575905
1926.21	373.261707
1926.29	373.350873
1926.38	373.062466
1926.46	370.043071
1926.54	363.405664
1926.63	357.650750
1926.71	358.202311
1926.79	363.218499
1926.88	368.153000
1926.96	370.872671
1927.04	371.333458
1927.13	372.327385
1927.21	373.027413
1927.29	373.134283
1927.38	372.867672
1927.46	369.875354
1927.54	363.275698
1927.63	357.562280
1927.71	358.146460
1927.79	363.196737
1927.88	368.176381
1927.96	370.946740
1928.04	371.592386
1928.13	372.661384
1928.21	373.432157
1928.29	373.614094
1928.38	373.422403
1928.46	370.489766
1928.54	363.940947
1928.63	358.264138
1928.71	358.865247
1928.79	363.914323
1928.88	368.864874
1928.96	371.580564
1929.04	372.136739
1929.13	373.079103
1929.21	373.715519
1929.29	373.742573
1929.38	373.382680
1929.46	370.309080
1929.54	363.633625
1929.63	357.846483
1929.71	358.360743
1929.79	363.338418
1929.88	368.262384
1929.96	371.011068
1930.04	371.549054
1930.13	372.662226
1930.21	373.498847
1930.29	373.775493
1930.38	373.706926
1930.46	370.905376
1930.54	364.511020
1930.63	359.001282
1930.71	359.750695
1930.79	364.960328
1930.88	370.085545
1930.96	372.957052
1931.04	373.664315
1931.13	374.764747
1931.21	375.530502
1931.29	375.677454
1931.38	375.421949
1931.46	372.412106
1931.54	365.767598
1931.63	359.984147
1931.71	360.488237
1931.79	365.433307
1931.88	370.278016
1931.96	372.909092
1932.04	373.441398
1932.13	374.324012
1932.21	374.920606
1932.29	374.917097
1932.38	374.534527
1932.46	371.449865
1932.54	364.770444
1932.63	358.976808
1932.71	359.472547
1932.79	364.416231
1932.88	369.293642
1932.96	371.990811
1933.04	372.512627
1933.13	373.540016
1933.21	374.289896
1933.29	374.470016
1933.38	374.298698
1933.46	371.417035
1933.54	364.958523
1933.63	359.391446
1933.71	360.083264
1933.79	365.232348
1933.88	370.320338
1933.96	373.192683
1934.04	373.878535
1934.13	375.057454
1934.21	375.922151
1934.29	376.200852
1934.38	376.108390
1934.46	373.266644
1934.54	366.815942
1934.63	361.237492
1934.71	361.919615
1934.79	367.053341
1934.88	372.099017
1934.96	374.905888
1935.04	375.493229
1935.13	376.547695
1935.21	377.285517
1935.29	377.417513
1935.38	377.162444
1935.46	374.170687
1935.54	367.563870
1935.63	361.833778
1935.71	362.393399
1935.79	367.409600
1935.88	372.349598
1935.96	375.084575
1936.04	375.624617
1936.13	376.658991
1936.21	377.401982
1936.29	377.559424
1936.38	377.348146
1936.46	374.407960
1936.54	367.863099
1936.63	362.197535
1936.71	362.808982
1936.79	367.872793
1936.88	372.852111
1936.96	375.607728
1937.04	375.910465
1937.13	376.926277
1937.21	377.637235
1937.29	377.749001
1937.38	377.481053
1937.46	374.488401
1937.54	367.891894
1937.63	362.177993
1937.71	362.750325
1937.79	367.780484
1937.88	372.742571
1937.96	375.505071
1938.04	375.842270
1938.13	376.920111
1938.21	377.705059
1938.29	377.908792
1938.38	377.746419
1938.46	374.849225
1938.54	368.346790
1938.63	362.719153
1938.71	363.357279
1938.79	368.441801
1938.88	373.433211
1938.96	376.189344
1939.04	376.360288
1939.13	377.349058
1939.21	378.022668
1939.29	378.081367
1939.38	377.742519
1939.46	374.674899
1939.54	367.990146
1939.63	362.169949
1939.71	362.628088
1939.79	367.514362
1939.88	372.305429
1939.96	374.901830
1940.04	374.935267
1940.13	375.803299
1940.21	376.394785
1940.29	376.396317
1940.38	376.029378
1940.46	372.977507
1940.54	366.353932
1940.63	360.622059
1940.71	361.158934
1940.79	366.138978
1940.88	371.067251
1940.96	373.825416
1941.04	373.951646
1941.13	375.071888
1941.21	375.910076
1941.29	376.186890
1941.38	376.116608
1941.46	373.325313
1941.54	366.958479
1941.63	361.472007
1941.71	362.214751
1941.79	367.397133
1941.88	372.499750
1941.96	375.364947
1942.04	375.421253
1942.13	376.538440
1942.21	377.325491
1942.29	377.502671
1942.38	377.284581
1942.46	374.323227
1942.54	367.746367
1942.63	362.027377
1942.71	362.562236
1942.79	367.519171
1942.88	372.375461
1942.96	375.020516
1943.04	374.854402
1943.13	375.750437
1943.21	376.354805
1943.29	376.357639
1943.38	375.978834
1943.46	372.904836
1943.54	366.247314
1943.63	360.469084
1943.71	360.954194
1943.79	365.867257
1943.88	370.712218
1943.96	373.386236
1944.04	373.297221
1944.13	374.306004
1944.21	375.038884
1944.29	375.201739
1944.38	375.010646
1944.46	372.119981
1944.54	365.663356
1944.63	360.088277
1944.71	360.742160
1944.79	365.823878
1944.88	370.833026
1944.96	373.634113
1945.04	373.770235
1945.13	374.860887
1945.21	375.642209
1945.29	375.833244
1945.38	375.650407
1945.46	372.747595
1945.54	366.260948
1945.63	360.647367
1945.71	361.269896
1945.79	366.321478
1945.88	371.298557
1945.96	374.072778
1946.04	374.184581
1946.13	375.259708
1946.21	376.033890
1946.29	376.222814
1946.38	376.042485
1946.46	373.142585
1946.54	366.657662
1946.63	361.047340
1946.71	361.677468
1946.79	366.739563
1946.88	371.723602
1946.96	374.497640
1947.04	374.719949
1947.13	375.778595
1947.21	376.530327
1947.29	376.686784
1947.38	376.462144
1947.46	373.512184
1947.54	366.964281
1947.63	361.278993
1947.71	361.833874
1947.79	366.803916
1947.88	371.675240
1947.96	374.335373
1948.04	374.426204
1948.13	375.333201
1948.21	375.943280
1948.29	375.949332
1948.38	375.570897
1948.46	372.500326
1948.54	365.851504
1948.63	360.078683
1948.71	360.556352
1948.79	365.452205
1948.88	370.280387
1948.96	372.944289
1949.04	373.209444
1949.13	374.215697
1949.21	374.948294
1949.29	375.113293
1949.38	374.926057
1949.46	372.044680
1949.54	365.604492
1949.63	360.043067
1949.71	360.695733
1949.79	365.764690
1949.88	370.758258
1949.96	373.545813
1950.04	373.908104
1950.13	374.980087
1950.21	375.741208
1950.29	375.908737
1950.38	375.698138
1950.46	372.774098
1950.54	366.271374
1950.63	360.635422
1950.71	361.220651
1950.79	366.217231
1950.88	371.133379
1950.96	373.854964
1951.04	374.393500
1951.13	375.411790
1951.21	376.135348
1951.29	376.273794
1951.38	376.043952
1951.46	373.113958
1951.54	366.616097
1951.63	360.994777
1951.71	361.598734
1951.79	366.622411
1951.88	371.577694
1951.96	374.343678
1952.04	374.937578
1952.13	376.021503
1952.21	376.807311
1952.29	377.012207
1952.38	376.849671
1952.46	373.972108
1952.54	367.517074
1952.63	361.928613
1952.71	362.554575
1952.79	367.590331
1952.88	372.535901
1952.96	375.268286
1953.04	375.799301
1953.13	376.793769
1953.21	377.488364
1953.29	377.595718
1953.38	377.341780
1953.46	374.403892
1953.54	367.918777
1953.63	362.344935
1953.71	363.032657
1953.79	368.197025
1953.88	373.364715
1953.96	376.382231
1954.04	377.427527
1954.13	378.944330
1954.21	380.184316
1954.29	380.930346
1954.38	381.401381
1954.46	379.113238
1954.54	373.277860
1954.63	368.382349
1954.71	369.738202
1954.79	375.665381
1954.88	381.601679
1954.96	398.189743
1955.04	400.277847
1955.13	402.785032
1955.21	405.387318
1955.29	407.046524
1955.38	404.263665
1955.46	402.840328
1955.54	394.846676
1955.63	387.692432
1955.71	388.097534
1955.79	394.781673
1955.88	401.589601
1955.96	405.869092
1956.04	407.670521
1956.13	409.855985
1956.21	413.673053
1956.29	416.983169
1956.38	420.278092
1956.46	419.738025
1956.54	409.470907
1956.63	399.895589
1956.71	397.569119
1956.79	403.191727
1956.88	410.599865
1956.96	413.624458
1957.04	414.519941
1957.13	419.496440
1957.21	422.081066
1957.29	424.018909
1957.38	416.825160
1957.46	417.239543
1957.54	415.129019
1957.63	411.611696
1957.71	412.062021
1957.79	417.237070
1957.88	426.735925
1957.96	431.844136
1958.04	433.447258
1958.13	435.263794
1958.21	438.810531
1958.29	440.769573
1958.38	440.455242
1958.46	438.055063
1958.54	430.543080
1958.63	424.774255
1958.71	429.109763
1958.79	444.648294
1958.88	448.749838
1958.96	450.980292
1959.04	456.851818
1959.13	461.968735
1959.21	469.118511
1959.29	482.294985
1959.38	483.192114
1959.46	495.450898
1959.54	478.453291
1959.63	477.428163
1959.71	472.197364
1959.79	471.428763
1959.88	475.357649
1959.96	473.735053
1960.04	469.130381
1960.13	471.395429
1960.21	471.490415
1960.29	472.079823
1960.38	479.683517
1960.46	481.675538
1960.54	472.374831
1960.63	460.987067
1960.71	459.496253
1960.79	463.083803
1960.88	467.348943
1960.96	472.004519
1961.04	471.075713
1961.13	473.461437
1961.21	480.193963
1961.29	476.755447
1961.38	479.616790
1961.46	486.770608
1961.54	471.431713
1961.63	468.807734
1961.71	458.328910
1961.79	468.275986
1961.88	477.931484
1961.96	484.794432
1962.04	495.402190
1962.13	504.404115
1962.21	513.238635
1962.29	524.632734
1962.38	538.881723
1962.46	539.468177
1962.54	535.485821
1962.63	536.511208
1962.71	530.176900
1962.79	531.953218
1962.88	547.774907
1962.96	556.733996
1963.04	559.815656
1963.13	573.493204
1963.21	584.436514
1963.29	605.761680
1963.38	663.477212
1963.46	688.548168
1963.54	741.380341
1963.63	769.053144
1963.71	755.583338
1963.79	754.211314
1963.88	744.348729
1963.96	733.297470
1964.04	734.361355
1964.13	722.071595
1964.21	717.864464
1964.29	722.805786
1964.38	738.582024
1964.46	760.605263
1964.54	763.267757
1964.63	742.120794
1964.71	724.866726
1964.79	713.345710
1964.88	715.972548
1964.96	708.905525
1965.04	703.425727
1965.13	688.081469
1965.21	704.252793
1965.29	695.087755
1965.38	702.825670
1965.46	702.270294
1965.54	697.218855
1965.63	687.598039
1965.71	656.108556
1965.79	680.423514
1965.88	679.861407
1965.96	674.104698
1966.04	671.239117
1966.13	668.719788
1966.21	665.903330
1966.29	663.906806
1966.38	671.234048
1966.46	678.009383
1966.54	669.783492
1966.63	659.004680
1966.71	663.704677
1966.79	660.311244
1966.88	654.128063
1966.96	655.348420
1967.04	656.757866
1967.13	664.344502
1967.21	654.888335
1967.29	654.645991
1967.38	657.038166
1967.46	659.512334
1967.54	651.306797
1967.63	646.046728
1967.71	632.508453
1967.79	637.838528
1967.88	639.446253
1967.96	637.433533
1968.04	637.330960
1968.13	637.827619
1968.21	635.446759
1968.29	635.456646
1968.38	639.533288
1968.46	630.299192
1968.54	629.620536
1968.63	618.789706
1968.71	617.780481
1968.79	623.378571
1968.88	619.367338
1968.96	622.659813
1969.04	636.355402
1969.13	627.267469
1969.21	641.525284
1969.29	645.661258
1969.38	628.299167
1969.46	623.900857
1969.54	619.133052
1969.63	606.638055
1969.71	604.527630
1969.79	616.362301
1969.88	609.948044
1969.96	612.239452
1970.04	624.230315
1970.13	623.972293
1970.21	611.874610
1970.29	614.326444
1970.38	627.333848
1970.46	620.862773
1970.54	606.003457
1970.63	614.651131
1970.71	607.455359
1970.79	605.940437
1970.88	606.136458
1970.96	607.177242
1971.04	598.671124
1971.13	597.672886
1971.21	598.446637
1971.29	617.046330
1971.38	624.806244
1971.46	626.677192
1971.54	612.260385
1971.63	597.858885
1971.71	593.521691
1971.79	603.908355
1971.88	593.457343
1971.96	598.090563
1972.04	603.276569
1972.13	598.660536
1972.21	603.526057
1972.29	608.938570
1972.38	599.531041
1972.46	596.811627
1972.54	588.998306
1972.63	574.561015
1972.71	573.836960
1972.79	578.310695
1972.88	590.668798
1972.96	588.677172
1973.04	586.876621
1973.13	593.076845
1973.21	589.915883
1973.29	583.116805
1973.38	594.937924
1973.46	585.731736
1973.54	582.341193
1973.63	578.878650
1973.71	574.249840
1973.79	573.732506
1973.88	572.088408
1973.96	569.906844
1974.04	576.664612
1974.13	577.550576
1974.21	579.164013
1974.29	580.035277
1974.38	578.394869
1974.46	576.257172
1974.54	571.945429
1974.63	561.495268
1974.71	560.026095
1974.79	568.070428
1974.88	572.891998
1974.96	571.026403
1975.04	574.812704
1975.13	562.240405
1975.21	561.047263
1975.29	574.895176
1975.38	572.145579
1975.46	567.418721
1975.54	561.058461
1975.63	545.662960
1975.71	550.721887
1975.79	555.063195
1975.88	552.054962
1975.96	554.798941
1976.04	554.656249
1976.13	554.659893
1976.21	554.401587
1976.29	560.686972
1976.38	551.631283
1976.46	556.433478
1976.54	546.210912
1976.63	539.120538
1976.71	534.943222
1976.79	537.115025
1976.88	550.034796
1976.96	556.566600
1977.04	552.562736
1977.13	548.478325
1977.21	549.437851
1977.29	553.343500
1977.38	552.756702
1977.46	545.713944
1977.54	548.062372
1977.63	534.705104
1977.71	535.946296
1977.79	535.023253
1977.88	541.593494
1977.96	545.352668
1978.04	546.888291
1978.13	551.175538
1978.21	548.896908
1978.29	552.690453
1978.38	553.849188
1978.46	545.819929
1978.54	541.086853
1978.63	536.180886
1978.71	528.957043
1978.79	531.092511
1978.88	538.595124
1978.96	539.600849
1979.04	544.285427
1979.13	542.988169
1979.21	544.943822
1979.29	544.111893
1979.38	546.274000
1979.46	540.311793
1979.54	535.000475
1979.63	526.278967
1979.71	527.382259
1979.79	531.169119
1979.88	529.021361
1979.96	527.247285
1980.04	536.886897
1980.13	542.691752
1980.21	551.922355
1980.29	551.605972
1980.38	542.873106
1980.46	534.847292
1980.54	524.441997
1980.63	526.605402
1980.71	530.451432
1980.79	529.563560
1980.88	522.541276
1980.96	518.163780
1981.04	523.142959
1981.13	530.811142
1981.21	528.040312
1981.29	527.786870
1981.38	530.935354
1981.46	526.665698
1981.54	521.748699
1981.63	511.501790
1981.71	512.168283
1981.79	519.627537
1981.88	519.629951
1981.96	527.211668
1982.04	524.161137
1982.13	519.103221
1982.21	526.200166
1982.29	527.517926
1982.38	527.243778
1982.46	520.286427
1982.54	511.048528
1982.63	503.284330
1982.71	504.157160
1982.79	512.543825
1982.88	520.160372
1982.96	520.974552
1983.04	520.542413
1983.13	519.971082
1983.21	522.689820
1983.29	523.880125
1983.38	522.853877
1983.46	520.774247
1983.54	513.257157
1983.63	504.310999
1983.71	500.129701
1983.79	508.295667
1983.88	512.465903
1983.96	521.033133
1984.04	512.560310
1984.13	524.807990
1984.21	519.383576
1984.29	518.282200
1984.38	519.375681
1984.46	515.193915
1984.54	510.265565
1984.63	500.772108
1984.71	507.613872
1984.79	502.331950
1984.88	514.947104
1984.96	512.657425
1985.04	514.582632
1985.13	508.357818
1985.21	513.166619
1985.29	512.666150
1985.38	519.305343
1985.46	514.451865
1985.54	506.444772
1985.63	497.945030
1985.71	497.886222
1985.79	500.817651
1985.88	505.812286
1985.96	507.892666
1986.04	507.913590
1986.13	505.618556
1986.21	510.130551
1986.29	506.558398
1986.38	518.675665
1986.46	520.907447
1986.54	501.155123
1986.63	494.633893
1986.71	490.816070
1986.79	501.124219
1986.88	500.119387
1986.96	501.013278
1987.04	499.329723
1987.13	495.018827
1987.21	505.427147
1987.29	512.175893
1987.38	509.657341
1987.46	505.406659
1987.54	504.466661
1987.63	495.740425
1987.71	493.699474
1987.79	498.040696
1987.88	507.248603
1987.96	491.193247
1988.04	507.156482
1988.13	508.478947
1988.21	507.518101
1988.29	502.418019
1988.38	507.574132
1988.46	502.799056
1988.54	501.251692
1988.63	495.572688
1988.71	497.149629
1988.79	502.219268
1988.88	503.612570
1988.96	506.684035
1989.04	508.055948
1989.13	508.426439
1989.21	508.610358
1989.29	505.034759
1989.38	507.662373
1989.46	506.036419
1989.54	497.149439
1989.63	491.293306
1989.71	491.976043
1989.79	492.638373
1989.88	503.664888
1989.96	501.047856
1990.04	503.088514
1990.13	503.765133
1990.21	508.011483
1990.29	509.272880
1990.38	507.351287
1990.46	505.917797
1990.54	493.798288
1990.63	489.048802
1990.71	491.491944
1990.79	494.910349
1990.88	500.718864
1990.96	499.889312
1991.04	499.102515
1991.13	499.358771
1991.21	495.903507
1991.29	502.687359
1991.38	504.239618
1991.46	493.781755
1991.54	493.182313
1991.63	488.694277
1991.71	488.793696
1991.79	484.198058
1991.88	497.674962
1991.96	494.716537
1992.04	495.978518
1992.13	501.391811
1992.21	504.388473
1992.29	501.983187
1992.38	501.731844
1992.46	497.610158
1992.54	488.643638
1992.63	481.721626
1992.71	480.398904
1992.79	486.893181
1992.88	490.475417
1992.96	491.628946
1993.04	494.781962
1993.13	497.484283
1993.21	497.914142
1993.29	498.455531
1993.38	501.957500
1993.46	493.078118
1993.54	486.354192
1993.63	478.623429
1993.71	479.069588
1993.79	483.344058
1993.88	490.130184
1993.96	492.504318
1994.04	495.897547
1994.13	492.868803
1994.21	497.776479
1994.29	495.208624
1994.38	497.210854
1994.46	493.735772
1994.54	487.634346
1994.63	478.759628
1994.71	481.061056
1994.79	484.402707
1994.88	491.092830
1994.96	494.216304
1995.04	494.765067
1995.13	495.112419
1995.21	497.269764
1995.29	494.962319
1995.38	494.255537
1995.46	490.625686
1995.54	485.791031
1995.63	482.224042
1995.71	482.416097
1995.79	486.113994
1995.88	491.167702
1995.96	493.765858
1996.04	493.912533
1996.13	494.522020
1996.21	495.417256
1996.29	493.219083
1996.38	496.221027
1996.46	494.626070
1996.54	488.990673
1996.63	485.508376
1996.71	478.538627
1996.79	483.783828
1996.88	489.211545
1996.96	490.719549
1997.04	492.673073
1997.13	493.969908
1997.21	494.271203
1997.29	491.830905
1997.38	493.581212
1997.46	489.045829
1997.54	483.003631
1997.63	477.054075
1997.71	476.115898
1997.79	484.278456
1997.88	486.897805
1997.96	491.716708
1998.04	493.056740
1998.13	493.725726
1998.21	493.300158
1998.29	493.207101
1998.38	496.464605
1998.46	494.593317
1998.54	488.708666
1998.63	482.619713
1998.71	481.612269
1998.79	488.321512
1998.88	492.372161
1998.96	496.058158
1999.04	496.259047
1999.13	499.870778
1999.21	497.202270
1999.29	497.183044
1999.38	497.754251
1999.46	495.409176
1999.54	486.724397
1999.63	481.362784
1999.71	481.836161
1999.79	487.946749
1999.88	490.555048
1999.96	493.480123
2000.04	495.357634
2000.13	495.587214
2000.21	495.798236
2000.29	495.275721
2000.38	496.872732
2000.46	493.108001
2000.54	486.426471
2000.63	482.125721
2000.71	479.964784
2000.79	485.611958
2000.88	489.943909
2000.96	492.398283
2001.04	494.455194
2001.13	493.053564
2001.21	494.170287
2001.29	493.109145
2001.38	496.491389
2001.46	492.890162
2001.54	484.100176
2001.63	478.687227
2001.71	478.815624
2001.79	485.633819
2001.88	490.738711
2001.96	491.676904
2002.04	492.011297
2002.13	493.235691
2002.21	495.499311
2002.29	494.301131
2002.38	495.450550
2002.46	493.217365
2002.54	485.937528
2002.63	480.549505
2002.71	480.203732
2002.79	484.673524
2002.88	487.668977
2002.96	489.385022
2003.04	494.272642
2003.13	495.925882
2003.21	496.280316
2003.29	495.077334
2003.38	497.692369
2003.46	493.809418
2003.54	488.392065
2003.63	480.944313
2003.71	480.874966
2003.79	486.570672
2003.88	491.769900
2003.96	492.947141
2004.04	492.836021
2004.13	494.114383
2004.21	495.505063
2004.29	494.831987
2004.38	494.670302
2004.46	492.508185
2004.54	484.719525
2004.63	478.430429
2004.71	478.211977
2004.79	483.560425
2004.88	489.384907
2004.96	493.584120
2005.04	495.381656
2005.13	494.758154
2005.21	493.968511
2005.29	495.591920
2005.38	496.947916
2005.46	494.068429
2005.54	486.350707
2005.63	479.490260
2005.71	480.342459
2005.79	485.000075
2005.88	490.649873
2005.96	494.026372
2006.04	495.158959
2006.13	495.364129
2006.21	495.854803
2006.29	497.191725
2006.38	498.893484
2006.46	497.000048
2006.54	490.454348
2006.63	482.371700
2006.71	482.734789
2006.79	486.854769
2006.88	492.185629
2006.96	496.016839
2007.04	497.272919
2007.13	495.920882
2007.21	497.497124
2007.29	497.403448
2007.38	496.983228
2007.46	494.755231
2007.54	486.831386
2007.63	480.119584
2007.71	480.144781
2007.79	486.647284
2007.88	492.818307
2007.96	496.016068
2008.04	498.238080
2008.13	498.468191
2008.21	498.145139
2008.29	496.490184
2008.38	498.083878
2008.46	495.493674
2008.54	487.221202
2008.63	480.742915
2008.71	482.120611