CFC-12 history for Greenland by Patricia Martinerie
year    concentration (ppt)
1930.04	0
1930.13	0
1930.21	0
1930.29	0
1930.38	0
1930.46	0
1930.54	0
1930.63	0
1930.71	0
1930.79	0
1930.88	0
1930.96	0
1931.04	0
1931.13	0
1931.21	0
1931.29	0
1931.38	0
1931.46	0
1931.54	0
1931.63	0
1931.71	0
1931.79	0
1931.88	0
1931.96	0
1932.04	0
1932.13	0
1932.21	0
1932.29	0
1932.38	0
1932.46	0
1932.54	0
1932.63	0
1932.71	0
1932.79	0
1932.88	0
1932.96	0
1933.04	5.83E-04
1933.13	2.13E-03
1933.21	4.00E-03
1933.29	4.00E-03
1933.38	5.00E-03
1933.46	6.46E-03
1933.54	7.00E-03
1933.63	7.38E-03
1933.71	8.00E-03
1933.79	8.00E-03
1933.88	8.50E-03
1933.96	9.00E-03
1934.04	1.11E-02
1934.13	1.26E-02
1934.21	1.47E-02
1934.29	1.50E-02
1934.38	1.56E-02
1934.46	1.87E-02
1934.54	2.00E-02
1934.63	2.10E-02
1934.71	2.10E-02
1934.79	2.20E-02
1934.88	2.29E-02
1934.96	2.40E-02
1935.04	2.64E-02
1935.13	2.80E-02
1935.21	3.10E-02
1935.29	3.10E-02
1935.38	3.28E-02
1935.46	3.69E-02
1935.54	3.90E-02
1935.63	4.00E-02
1935.71	4.02E-02
1935.79	4.10E-02
1935.88	4.20E-02
1935.96	4.32E-02
1936.04	4.62E-02
1936.13	5.13E-02
1936.21	5.50E-02
1936.29	5.60E-02
1936.38	5.91E-02
1936.46	6.54E-02
1936.54	6.90E-02
1936.63	7.04E-02
1936.71	7.15E-02
1936.79	7.30E-02
1936.88	7.45E-02
1936.96	7.69E-02
1937.04	8.28E-02
1937.13	8.99E-02
1937.21	9.54E-02
1937.29	9.65E-02
1937.38	0.1015
1937.46	0.11225
1937.54	0.11779
1937.63	0.1207
1937.71	0.121
1937.79	0.12379
1937.88	0.12588
1937.96	0.12992
1938.04	0.13933
1938.13	0.14488
1938.21	0.15383
1938.29	0.15408
1938.38	0.1605
1938.46	0.17471
1938.54	0.18304
1938.63	0.18525
1938.71	0.18733
1938.79	0.19104
1938.88	0.19425
1938.96	0.19883
1939.04	0.2095
1939.13	0.22288
1939.21	0.23721
1939.29	0.23858
1939.38	0.24938
1939.46	0.27158
1939.54	0.28258
1939.63	0.28875
1939.71	0.29038
1939.79	0.29608
1939.88	0.301
1939.96	0.30829
1940.04	0.32504
1940.13	0.33813
1940.21	0.35283
1940.29	0.35454
1940.38	0.36725
1940.46	0.39563
1940.54	0.41038
1940.63	0.4181
1940.71	0.41771
1940.79	0.42458
1940.88	0.4305
1940.96	0.44075
1941.04	0.46721
1941.13	0.48238
1941.21	0.50554
1941.29	0.50621
1941.38	0.5227
1941.46	0.56217
1941.54	0.58408
1941.63	0.59138
1941.71	0.595
1941.79	0.60513
1941.88	0.61363
1941.96	0.62788
1942.04	0.65108
1942.13	0.6665
1942.21	0.693
1942.29	0.69388
1942.38	0.71475
1942.46	0.76017
1942.54	0.78258
1942.63	0.7925
1942.71	0.79529
1942.79	0.80663
1942.88	0.816
1942.96	0.83158
1943.04	0.86354
1943.13	0.88888
1943.21	0.91738
1943.29	0.92008
1943.38	0.94513
1943.46	1.0028
1943.54	1.0338
1943.63	1.0489
1943.71	1.0471
1943.79	1.061
1943.88	1.0729
1943.96	1.0935
1944.04	1.1454
1944.13	1.1759
1944.21	1.2231
1944.29	1.2244
1944.38	1.2565
1944.46	1.3363
1944.54	1.3821
1944.63	1.3958
1944.71	1.4032
1944.79	1.4242
1944.88	1.4405
1944.96	1.469
1945.04	1.5191
1945.13	1.5616
1945.21	1.6224
1945.29	1.626
1945.38	1.6726
1945.46	1.7731
1945.54	1.823
1945.63	1.8468
1945.71	1.854
1945.79	1.8783
1945.88	1.8995
1945.96	1.9335
1946.04	2.0433
1946.13	2.1701
1946.21	2.2747
1946.29	2.2934
1946.38	2.3776
1946.46	2.5625
1946.54	2.6664
1946.63	2.7218
1946.71	2.7215
1946.79	2.7683
1946.88	2.8076
1946.96	2.8744
1947.04	3.0752
1947.13	3.2051
1947.21	3.3797
1947.29	3.3926
1947.38	3.5101
1947.46	3.793
1947.54	3.9566
1947.63	4.01
1947.71	4.0425
1947.79	4.1158
1947.88	4.1754
1947.96	4.2786
1948.04	4.4411
1948.13	4.5348
1948.21	4.7148
1948.29	4.7208
1948.38	4.8634
1948.46	5.1731
1948.54	5.325
1948.63	5.3926
1948.71	5.4121
1948.79	5.4875
1948.88	5.5515
1948.96	5.657
1949.04	5.8375
1949.13	5.9295
1949.21	6.0839
1949.29	6.0908
1949.38	6.2295
1949.46	6.5646
1949.54	6.7346
1949.63	6.8169
1949.71	6.8026
1949.79	6.88
1949.88	6.9451
1949.96	7.0621
1950.04	7.2743
1950.13	7.3551
1950.21	7.561
1950.29	7.5498
1950.38	7.6935
1950.46	8.068
1950.54	8.2703
1950.63	8.3213
1950.71	8.3533
1950.79	8.4459
1950.88	8.5188
1950.96	8.6512
1951.04	8.8598
1951.13	8.9479
1951.21	9.1678
1951.29	9.1631
1951.38	9.3401
1951.46	9.7399
1951.54	9.9313
1951.63	10.011
1951.71	10.032
1951.79	10.125
1951.88	10.205
1951.96	10.338
1952.04	10.558
1952.13	10.653
1952.21	10.837
1952.29	10.837
1952.38	11.007
1952.46	11.425
1952.54	11.636
1952.63	11.735
1952.71	11.712
1952.79	11.805
1952.88	11.885
1952.96	12.027
1953.04	12.302
1953.13	12.409
1953.21	12.672
1953.29	12.654
1953.38	12.836
1953.46	13.319
1953.54	13.578
1953.63	13.643
1953.71	13.682
1953.79	13.801
1953.88	13.893
1953.96	14.06
1954.04	14.333
1954.13	14.468
1954.21	14.762
1954.29	14.755
1954.38	14.991
1954.46	15.521
1954.54	15.777
1954.63	15.885
1954.71	15.912
1954.79	16.037
1954.88	16.141
1954.96	16.316
1955.04	16.64
1955.13	16.826
1955.21	17.105
1955.29	17.113
1955.38	17.362
1955.46	17.968
1955.54	18.278
1955.63	18.428
1955.71	18.399
1955.79	18.536
1955.88	18.652
1955.96	18.859
1956.04	19.281
1956.13	19.463
1956.21	19.858
1956.29	19.837
1956.38	20.112
1956.46	20.83
1956.54	21.222
1956.63	21.324
1956.71	21.384
1956.79	21.561
1956.88	21.699
1956.96	21.948
1957.04	22.352
1957.13	22.559
1957.21	22.999
1957.29	22.99
1957.38	23.341
1957.46	24.132
1957.54	24.513
1957.63	24.677
1957.71	24.717
1957.79	24.902
1957.88	25.057
1957.96	25.318
1958.04	25.754
1958.13	25.945
1958.21	26.31
1958.29	26.308
1958.38	26.641
1958.46	27.475
1958.54	27.893
1958.63	28.09
1958.71	28.043
1958.79	28.228
1958.88	28.382
1958.96	28.664
1959.04	29.199
1959.13	29.398
1959.21	29.909
1959.29	29.866
1959.38	30.222
1959.46	31.172
1959.54	31.683
1959.63	31.808
1959.71	31.882
1959.79	32.112
1959.88	32.29
1959.96	32.617
1960.04	33.17
1960.13	33.519
1960.21	34.147
1960.29	34.142
1960.38	34.637
1960.46	35.746
1960.54	36.285
1960.63	36.522
1960.71	36.58
1960.79	36.841
1960.88	37.058
1960.96	37.423
1961.04	38.096
1961.13	38.481
1961.21	39.058
1961.29	39.073
1961.38	39.587
1961.46	40.844
1961.54	41.489
1961.63	41.8
1961.71	41.74
1961.79	42.022
1961.88	42.26
1961.96	42.687
1962.04	43.545
1962.13	43.9
1962.21	44.708
1962.29	44.656
1962.38	45.216
1962.46	46.69
1962.54	47.49
1962.63	47.696
1962.71	47.816
1962.79	48.176
1962.88	48.457
1962.96	48.966
1963.04	49.816
1963.13	50.32
1963.21	51.272
1963.29	51.262
1963.38	52.015
1963.46	53.702
1963.54	54.522
1963.63	54.879
1963.71	54.968
1963.79	55.364
1963.88	55.693
1963.96	56.25
1964.04	57.328
1964.13	58.014
1964.21	58.949
1964.29	58.988
1964.38	59.812
1964.46	61.807
1964.54	62.839
1964.63	63.342
1964.71	63.256
1964.79	63.708
1964.88	64.09
1964.96	64.771
1965.04	66.069
1965.13	66.573
1965.21	67.807
1965.29	67.72
1965.38	68.579
1965.46	70.846
1965.54	72.073
1965.63	72.381
1965.71	72.563
1965.79	73.116
1965.88	73.547
1965.96	74.331
1966.04	75.593
1966.13	76.184
1966.21	77.54
1966.29	77.494
1966.38	78.579
1966.46	81.046
1966.54	82.229
1966.63	82.729
1966.71	82.846
1966.79	83.418
1966.88	83.895
1966.96	84.703
1967.04	86.215
1967.13	87.09
1967.21	88.388
1967.29	88.42
1967.38	89.574
1967.46	92.405
1967.54	93.855
1967.63	94.556
1967.71	94.418
1967.79	95.054
1967.88	95.589
1967.96	96.55
1968.04	98.375
1968.13	99.068
1968.21	100.81
1968.29	100.67
1968.38	101.88
1968.46	105.09
1968.54	106.83
1968.63	107.26
1968.71	107.51
1968.79	108.29
1968.88	108.9
1968.96	110.01
1969.04	111.78
1969.13	112.59
1969.21	114.49
1969.29	114.42
1969.38	115.94
1969.46	119.42
1969.54	121.08
1969.63	121.79
1969.71	121.94
1969.79	122.75
1969.88	123.41
1969.96	124.55
1970.04	126.58
1970.13	127.63
1970.21	129.35
1970.29	129.36
1970.38	130.91
1970.46	134.76
1970.54	136.71
1970.63	137.65
1970.71	137.44
1970.79	138.29
1970.88	139.01
1970.96	140.31
1971.04	142.59
1971.13	143.33
1971.21	145.55
1971.29	145.31
1971.38	146.86
1971.46	151.05
1971.54	153.29
1971.63	153.81
1971.71	154.12
1971.79	155.12
1971.88	155.9
1971.96	157.32
1972.04	159.6
1972.13	160.49
1972.21	162.87
1972.29	162.72
1972.38	164.64
1972.46	169.09
1972.54	171.2
1972.63	172.07
1972.71	172.25
1972.79	173.27
1972.88	174.11
1972.96	175.54
1973.04	178.19
1973.13	179.61
1973.21	181.86
1973.29	181.86
1973.38	183.88
1973.46	188.9
1973.54	191.44
1973.63	192.67
1973.71	192.39
1973.79	193.5
1973.88	194.43
1973.96	196.11
1974.04	199.12
1974.13	200.11
1974.21	203.02
1974.29	202.69
1974.38	204.73
1974.46	210.23
1974.54	213.17
1974.63	213.86
1974.71	214.26
1974.79	215.57
1974.88	216.58
1974.96	218.45
1975.04	221.18
1975.13	221.32
1975.21	223.82
1975.29	223.44
1975.38	225.55
1975.46	230.65
1975.54	232.98
1975.63	233.85
1975.71	233.97
1975.79	235.09
1975.88	236
1975.96	237.62
1976.04	240.12
1976.13	240.71
1976.21	242.72
1976.29	242.5
1976.38	244.4
1976.46	249.45
1976.54	251.89
1976.63	252.99
1976.71	252.59
1976.79	253.64
1976.88	254.5
1976.96	256.13
1977.04	258.47
1977.13	258.73
1977.21	261.12
1977.29	260.56
1977.38	262.28
1977.46	267.23
1977.54	269.77
1977.63	270.24
1977.71	270.5
1977.79	271.62
1977.88	272.46
1977.96	274.07
1978.04	276.41
1978.13	276.17
1978.21	278.2
1978.29	277.68
1978.38	279.44
1978.46	283.89
1978.54	285.89
1978.63	286.56
1978.71	286.59
1978.79	287.51
1978.88	288.25
1978.96	289.59
1979.04	291.8
1979.13	292.37
1979.21	294.14
1979.29	293.86
1979.38	295.52
1979.46	300.08
1979.54	302.29
1979.63	303.28
1979.71	302.88
1979.79	303.79
1979.88	304.52
1979.96	305.94
1980.04	308.23
1980.13	308.58
1980.21	310.85
1980.29	310.27
1980.38	311.87
1980.46	316.56
1980.54	318.98
1980.63	319.44
1980.71	319.67
1980.79	320.71
1980.88	321.46
1980.96	322.94
1981.04	325.29
1981.12	332.85
1981.21	333.11
1981.29	335.73
1981.37	335.83
1981.46	336.17
1981.54	336.69
1981.62	339.9
1981.71	341.66
1981.79	345.97
1981.87	347.5
1981.96	348.1
1982.04	346.68
1982.12	347.3
1982.21	349
1982.29	351.2
1982.37	350.6
1982.46	353.59
1982.54	354.61
1982.62	356.13
1982.71	359.77
1982.79	362.57
1982.87	364.5
1982.96	364.27
1983.04	361.97
1983.12	363.39
1983.21	364.55
1983.29	366.76
1983.37	369.73
1983.46	370.08
1983.54	371.07
1983.62	373.61
1983.71	375.51
1983.79	378.73
1983.87	380.41
1983.96	382.04
1984.04	377
1984.12	379.63
1984.21	378.83
1984.29	381.3
1984.37	381.47
1984.46	382.81
1984.54	383.22
1984.62	383.69
1984.71	387.99
1984.79	393.74
1984.87	395.04
1984.96	396.14
1985.04	396.42
1985.12	395.48
1985.21	397.1
1985.29	396.88
1985.37	397.82
1985.46	399.02
1985.54	402.87
1985.62	406.34
1985.71	410.57
1985.79	410.73
1985.87	412.57
1985.96	412.86
1986.04	412.17
1986.12	413.84
1986.21	415.29
1986.29	418.49
1986.37	419.32
1986.46	420.66
1986.54	420.22
1986.62	422.45
1986.71	433.57
1986.79	436
1986.87	435.14
1986.96	437.39
1987.04	437.98
1987.12	436.28
1987.21	436.72
1987.29	439.59
1987.37	441.23
1987.46	440.77
1987.54	440.99
1987.62	440.2
1987.71	445.24
1987.79	454.26
1987.87	454.86
1987.96	455.14
1988.04	457.76
1988.12	457.99
1988.21	456.97
1988.29	459.94
1988.37	462.57
1988.46	464.68
1988.54	465.44
1988.62	468.21
1988.71	471.67
1988.79	474.16
1988.87	476.37
1988.96	476.67
1989.04	475.93
1989.12	476.96
1989.21	476.91
1989.29	481.93
1989.37	482.29
1989.46	483.68
1989.54	483.84
1989.62	484.87
1989.71	489.15
1989.79	488.38
1989.87	490.22
1989.96	491.44
1990.04	491.25
1990.12	491.41
1990.21	491.14
1990.29	491.97
1990.37	496.11
1990.46	496.04
1990.54	494.91
1990.62	496.89
1990.71	499.64
1990.79	501.48
1990.87	503.52
1990.96	503.61
1991.04	505.24
1991.12	507.13
1991.21	505.21
1991.29	504.66
1991.37	503.99
1991.46	505.04
1991.54	505.54
1991.62	505.48
1991.71	507.15
1991.79	508.17
1991.87	508.78
1991.96	511.97
1992.04	515.4
1992.12	513.33
1992.21	512.91
1992.29	514.26
1992.37	514.76
1992.46	516.33
1992.54	516.41
1992.62	517.15
1992.71	518.48
1992.79	520.97
1992.87	520.37
1992.96	519.75
1993.04	520.61
1993.12	519.11
1993.21	519.89
1993.29	520.61
1993.37	521.92
1993.46	521.46
1993.54	522.01
1993.62	522.82
1993.71	523.98
1993.79	524.63
1993.87	523.88
1993.96	523.34
1994.04	524.69
1994.12	524.87
1994.21	526.35
1994.29	526.97
1994.37	527.43
1994.46	525.99
1994.54	528.16
1994.62	528.7
1994.71	530.15
1994.79	531.87
1994.87	532.58
1994.96	532.2
1995.04	531.94
1995.12	531.85
1995.21	532.28
1995.29	532.49
1995.37	532.23
1995.46	532.31
1995.54	532.56
1995.62	533.24
1995.71	534.01
1995.79	535.63
1995.87	536.17
1995.96	536.08
1996.04	535.89
1996.12	536.14
1996.21	535.84
1996.29	536.03
1996.37	536.57
1996.46	536.97
1996.54	537.32
1996.62	537.87
1996.71	538.72
1996.79	539.42
1996.87	539.81
1996.96	539.67
1997.04	539.73
1997.12	539.16
1997.21	539.17
1997.29	539.27
1997.37	539.68
1997.46	539.72
1997.54	540.07
1997.62	540.44
1997.71	540.76
1997.79	541.67
1997.87	542.25
1997.96	542.39
1998.04	542.17
1998.12	541.99
1998.21	541.9
1998.29	542.23
1998.37	542.35
1998.46	542.29
1998.54	542.14
1998.62	542.1
1998.71	542.8
1998.79	543.4
1998.87	543.92
1998.96	543.86
1999.04	543.99
1999.12	543.73
1999.21	543.75
1999.29	543.73
1999.37	543.36
1999.46	543.29
1999.54	543.02
1999.62	543.25
1999.71	544.14
1999.79	545.05
1999.87	545.47
1999.96	545.55
2000.04	545.46
2000.12	545.54
2000.21	545.61
2000.29	545.99
2000.37	545.95
2000.46	546.13
2000.54	546.14
2000.62	546.16
2000.71	546.61
2000.79	547.19
2000.87	547.49
2000.96	547.44
2001.04	547.66
2001.12	547.3
2001.21	547.11
2001.29	546.8
2001.37	546.67
2001.46	546.41
2001.54	546.08
2001.62	545.87
2001.71	546.31
2001.79	547.1
2001.87	547.18
2001.96	547.31
2002.04	547.2
2002.12	547.1
2002.21	547.07
2002.29	546.8
2002.37	546.58
2002.46	546.41
2002.54	546.12
2002.62	546
2002.71	546.46
2002.79	547.04
2002.87	547.21
2002.96	547.24
2003.04	547.19
2003.12	547.09
2003.21	546.94
2003.29	547.02
2003.37	546.69
2003.46	546.34
2003.54	545.99
2003.62	545.61
2003.71	546.01
2003.79	546.31
2003.87	546.49
2003.96	546.75
2004.04	546.54
2004.12	546.47
2004.21	546.37
2004.29	545.96
2004.37	545.68
2004.46	545.27
2004.54	544.7
2004.62	544.51
2004.71	544.45
2004.79	544.89
2004.87	545.37
2004.96	545.74
2005.04	545.63
2005.12	545.67
2005.21	545.76
2005.29	546.12
2005.37	545.94
2005.46	545.37
2005.54	544.91
2005.62	544.48
2005.71	544.44
2005.79	544.56
2005.87	544.73
2005.96	544.97
2006.04	544.88
2006.12	544.92
2006.21	544.35
2006.29	543.9
2006.37	543.57
2006.46	542.95
2006.54	542.64
2006.62	542.01
2006.71	541.91
2006.79	542.45
2006.87	542.45
2006.96	542.71
2007.04	542.64
2007.12	542.45
2007.21	542.25
2007.29	542.13
2007.37	541.6
2007.46	540.99
2007.54	540.35
2007.62	540.02
2007.71	539.92
2007.79	540.2
2007.87	540.41
2007.96	540.3
2008.04	540.25
2008.12	540.11
2008.21	539.67
2008.29	539.39
2008.37	539.01
2008.46	538.46
2008.54	538.04
2008.62	537.58
2008.71	537.55