CFC11 history for Greenland by Patricia Martinerie
year    concentration (ppt)
1935.04	0
1935.13	0
1935.21	0
1935.29	0
1935.38	0
1935.46	0
1935.54	0
1935.63	0
1935.71	0
1935.79	0
1935.88	0
1935.96	0
1936.04	0
1936.13	0
1936.21	0
1936.29	0
1936.38	0
1936.46	0
1936.54	0
1936.63	0
1936.71	0
1936.79	0
1936.88	0
1936.96	0
1937.04	0
1937.13	0
1937.21	0
1937.29	0
1937.38	0
1937.46	0
1937.54	0
1937.63	0
1937.71	0
1937.79	0
1937.88	0
1937.96	0
1938.04	1.58E-03
1938.13	3.00E-03
1938.21	3.96E-03
1938.29	4.00E-03
1938.38	4.90E-03
1938.46	5.96E-03
1938.54	7.00E-03
1938.63	7.00E-03
1938.71	7.00E-03
1938.79	8.00E-03
1938.88	8.00E-03
1938.96	8.21E-03
1939.04	9.00E-03
1939.13	9.00E-03
1939.21	1.00E-02
1939.29	1.00E-02
1939.38	1.00E-02
1939.46	1.10E-02
1939.54	1.20E-02
1939.63	1.20E-02
1939.71	1.20E-02
1939.79	1.20E-02
1939.88	1.25E-02
1939.96	1.30E-02
1940.04	1.35E-02
1940.13	1.40E-02
1940.21	1.40E-02
1940.29	1.40E-02
1940.38	1.46E-02
1940.46	1.57E-02
1940.54	1.60E-02
1940.63	1.60E-02
1940.71	1.60E-02
1940.79	1.68E-02
1940.88	1.70E-02
1940.96	1.70E-02
1941.04	1.78E-02
1941.13	1.80E-02
1941.21	1.80E-02
1941.29	1.80E-02
1941.38	1.89E-02
1941.46	2.00E-02
1941.54	2.00E-02
1941.63	2.00E-02
1941.71	2.02E-02
1941.79	2.10E-02
1941.88	2.10E-02
1941.96	2.12E-02
1942.04	2.20E-02
1942.13	2.20E-02
1942.21	2.30E-02
1942.29	2.30E-02
1942.38	2.30E-02
1942.46	2.40E-02
1942.54	2.40E-02
1942.63	2.44E-02
1942.71	2.50E-02
1942.79	2.50E-02
1942.88	2.50E-02
1942.96	2.55E-02
1943.04	2.71E-02
1943.13	2.86E-02
1943.21	3.00E-02
1943.29	3.05E-02
1943.38	3.16E-02
1943.46	3.37E-02
1943.54	3.50E-02
1943.63	3.57E-02
1943.71	3.57E-02
1943.79	3.60E-02
1943.88	3.69E-02
1943.96	3.80E-02
1944.04	3.88E-02
1944.13	3.90E-02
1944.21	4.00E-02
1944.29	4.00E-02
1944.38	4.09E-02
1944.46	4.30E-02
1944.54	4.40E-02
1944.63	4.40E-02
1944.71	4.42E-02
1944.79	4.50E-02
1944.88	4.51E-02
1944.96	4.62E-02
1945.04	4.76E-02
1945.13	5.01E-02
1945.21	5.20E-02
1945.29	5.20E-02
1945.38	5.38E-02
1945.46	5.69E-02
1945.54	5.83E-02
1945.63	5.90E-02
1945.71	5.95E-02
1945.79	6.05E-02
1945.88	6.15E-02
1945.96	6.25E-02
1946.04	6.73E-02
1946.13	7.33E-02
1946.21	7.74E-02
1946.29	7.80E-02
1946.38	8.09E-02
1946.46	8.71E-02
1946.54	9.10E-02
1946.63	9.27E-02
1946.71	9.30E-02
1946.79	9.58E-02
1946.88	9.69E-02
1946.96	9.99E-02
1947.04	0.11388
1947.13	0.12363
1947.21	0.13479
1947.29	0.13508
1947.38	0.1415
1947.46	0.15571
1947.54	0.16504
1947.63	0.16725
1947.71	0.1695
1947.79	0.17408
1947.88	0.17838
1947.96	0.18483
1948.04	0.19725
1948.13	0.21813
1948.21	0.23721
1948.29	0.23858
1948.38	0.25075
1948.46	0.2755
1948.54	0.28858
1948.63	0.29413
1948.71	0.29738
1948.79	0.30563
1948.88	0.312
1948.96	0.32175
1949.04	0.35033
1949.13	0.38088
1949.21	0.40667
1949.29	0.41054
1949.38	0.42838
1949.46	0.46988
1949.54	0.49296
1949.63	0.5035
1949.71	0.50442
1949.79	0.51796
1949.88	0.52813
1949.96	0.54558
1950.04	0.59263
1950.13	0.62013
1950.21	0.66121
1950.29	0.66129
1950.38	0.6851
1950.46	0.74371
1950.54	0.77908
1950.63	0.78663
1950.71	0.79467
1950.79	0.81417
1950.88	0.82925
1950.96	0.85354
1951.04	0.89825
1951.13	0.9445
1951.21	1.0016
1951.29	1.0045
1951.38	1.0414
1951.46	1.1219
1951.54	1.1635
1951.63	1.179
1951.71	1.1876
1951.79	1.2133
1951.88	1.234
1951.96	1.2656
1952.04	1.3437
1952.13	1.4175
1952.21	1.4886
1952.29	1.4952
1952.38	1.5449
1952.46	1.6635
1952.54	1.7295
1952.63	1.7568
1952.71	1.7587
1952.79	1.7953
1952.88	1.8255
1952.96	1.8729
1953.04	1.9967
1953.13	2.0638
1953.21	2.1719
1953.29	2.1707
1953.38	2.2319
1953.46	2.3934
1953.54	2.4872
1953.63	2.5064
1953.71	2.5275
1953.79	2.5785
1953.88	2.6195
1953.96	2.6862
1954.04	2.7949
1954.13	2.8746
1954.21	3.0034
1954.29	3.0026
1954.38	3.0876
1954.46	3.2797
1954.54	3.3762
1954.63	3.4088
1954.71	3.4275
1954.79	3.4878
1954.88	3.5355
1954.96	3.6099
1955.04	3.7615
1955.13	3.87
1955.21	4.0043
1955.29	4.0091
1955.38	4.1064
1955.46	4.3461
1955.54	4.4756
1955.63	4.5259
1955.71	4.5252
1955.79	4.5988
1955.88	4.657
1955.96	4.7527
1956.04	4.9715
1956.13	5.0726
1956.21	5.2701
1956.29	5.2581
1956.38	5.3704
1956.46	5.6743
1956.54	5.8493
1956.63	5.8795
1956.71	5.9165
1956.79	6.0119
1956.88	6.0865
1956.96	6.2103
1957.04	6.3991
1957.13	6.4839
1957.21	6.6896
1957.29	6.6749
1957.38	6.8145
1957.46	7.1406
1957.54	7.3001
1957.63	7.3485
1957.71	7.3745
1957.79	7.4747
1957.88	7.553
1957.96	7.6775
1958.04	7.8439
1958.13	7.8593
1958.21	7.9949
1958.29	7.975
1958.38	8.0819
1958.46	8.3821
1958.54	8.5299
1958.63	8.5776
1958.71	8.5631
1958.79	8.65
1958.88	8.7161
1958.96	8.8311
1959.04	9.0113
1959.13	9.0434
1959.21	9.2263
1959.29	9.1868
1959.38	9.2915
1959.46	9.608
1959.54	9.7779
1959.63	9.793
1959.71	9.8213
1959.79	9.9168
1959.88	9.9883
1959.96	10.112
1960.04	10.335
1960.13	10.531
1960.21	10.811
1960.29	10.8
1960.38	10.981
1960.46	11.398
1960.54	11.609
1960.63	11.679
1960.71	11.716
1960.79	11.843
1960.88	11.942
1960.96	12.099
1961.04	12.443
1961.13	12.708
1961.21	13.011
1961.29	13.017
1961.38	13.234
1961.46	13.78
1961.54	14.077
1961.63	14.192
1961.71	14.187
1961.79	14.351
1961.88	14.48
1961.96	14.692
1962.04	15.185
1962.13	15.409
1962.21	15.852
1962.29	15.814
1962.38	16.065
1962.46	16.756
1962.54	17.151
1962.63	17.217
1962.71	17.296
1962.79	17.512
1962.88	17.676
1962.96	17.952
1963.04	18.407
1963.13	18.722
1963.21	19.258
1963.29	19.234
1963.38	19.587
1963.46	20.406
1963.54	20.816
1963.63	20.948
1963.71	21.018
1963.79	21.268
1963.88	21.465
1963.96	21.774
1964.04	22.378
1964.13	22.764
1964.21	23.289
1964.29	23.286
1964.38	23.669
1964.46	24.652
1964.54	25.175
1964.63	25.373
1964.71	25.357
1964.79	25.649
1964.88	25.878
1964.96	26.261
1965.04	26.999
1965.13	27.257
1965.21	27.954
1965.29	27.862
1965.38	28.258
1965.46	29.388
1965.54	30.017
1965.63	30.105
1965.71	30.224
1965.79	30.572
1965.88	30.834
1965.96	31.281
1966.04	31.974
1966.13	32.276
1966.21	33.034
1966.29	32.956
1966.38	33.465
1966.46	34.688
1966.54	35.283
1966.63	35.456
1966.71	35.545
1966.79	35.91
1966.88	36.197
1966.96	36.653
1967.04	37.495
1967.13	37.957
1967.21	38.683
1967.29	38.649
1967.38	39.184
1967.46	40.595
1967.54	41.333
1967.63	41.602
1967.71	41.564
1967.79	41.978
1967.88	42.298
1967.96	42.839
1968.04	43.898
1968.13	44.257
1968.21	45.254
1968.29	45.105
1968.38	45.671
1968.46	47.301
1968.54	48.209
1968.63	48.33
1968.71	48.495
1968.79	48.993
1968.88	49.366
1968.96	50.005
1969.04	51.033
1969.13	51.586
1969.21	52.747
1969.29	52.641
1969.38	53.412
1969.46	55.256
1969.54	56.161
1969.63	56.433
1969.71	56.571
1969.79	57.122
1969.88	57.551
1969.96	58.236
1970.04	59.503
1970.13	60.199
1970.21	61.288
1970.29	61.232
1970.38	62.034
1970.46	64.157
1970.54	65.268
1970.63	65.673
1970.71	65.614
1970.79	66.234
1970.88	66.712
1970.96	67.521
1971.04	68.988
1971.13	69.41
1971.21	70.82
1971.29	70.57
1971.38	71.371
1971.46	73.725
1971.54	75.021
1971.63	75.176
1971.71	75.402
1971.79	76.115
1971.88	76.645
1971.96	77.559
1972.04	79.002
1972.13	79.64
1972.21	81.225
1972.29	81.034
1972.38	82.093
1972.46	84.674
1972.54	85.928
1972.63	86.286
1972.71	86.462
1972.79	87.224
1972.88	87.815
1972.96	88.763
1973.04	90.551
1973.13	91.551
1973.21	93.087
1973.29	92.996
1973.38	94.123
1973.46	97.132
1973.54	98.707
1973.63	99.279
1973.71	99.189
1973.79	100.06
1973.88	100.73
1973.96	101.87
1974.04	103.96
1974.13	104.56
1974.21	106.56
1974.29	106.19
1974.38	107.33
1974.46	110.67
1974.54	112.52
1974.63	112.74
1974.71	113.05
1974.79	114.06
1974.88	114.81
1974.96	116.1
1975.04	117.89
1975.13	117.82
1975.21	119.5
1975.29	119.08
1975.38	120.25
1975.46	123.33
1975.54	124.75
1975.63	125.06
1975.71	125.2
1975.79	126.07
1975.88	126.73
1975.96	127.83
1976.04	129.6
1976.13	130.08
1976.21	131.54
1976.29	131.28
1976.38	132.38
1976.46	135.59
1976.54	137.2
1976.63	137.72
1976.71	137.54
1976.79	138.43
1976.88	139.09
1976.96	140.26
1977.04	141.83
1977.13	141.79
1977.21	143.46
1977.29	142.87
1977.38	143.82
1977.46	146.92
1977.54	148.55
1977.63	148.62
1977.71	148.82
1977.79	149.71
1977.88	150.34
1977.96	151.48
1978.04	153.05
1978.13	152.68
1978.21	154.07
1978.29	153.51
1978.38	154.49
1978.46	157.27
1978.54	158.39
1978.62	160.42
1978.71	160.76
1978.79	161.39
1978.87	162.75
1978.96	165.99
1979.04	162.37
1979.12	162.69
1979.21	163.05
1979.29	164.04
1979.37	165.62
1979.46	166.85
1979.54	167.23
1979.62	167.99
1979.71	169.32
1979.79	171.43
1979.87	172.1
1979.96	172.05
1980.04	172.36
1980.12	171.07
1980.21	172.56
1980.29	173.91
1980.37	175.53
1980.46	174.9
1980.54	174.94
1980.62	175.9
1980.71	177.17
1980.79	178.71
1980.87	179.09
1980.96	179.22
1981.04	178.95
1981.12	179.86
1981.21	180.14
1981.29	181.57
1981.37	182.4
1981.46	182.48
1981.54	182.72
1981.62	184.19
1981.71	186.43
1981.79	188.21
1981.87	189.19
1981.96	189.29
1982.04	186.96
1982.12	187.37
1982.21	188.56
1982.29	189.81
1982.37	189.37
1982.46	189.31
1982.54	189.49
1982.62	189.73
1982.71	191.28
1982.79	194
1982.87	195.21
1982.96	195.11
1983.04	194.65
1983.12	195.62
1983.21	196.29
1983.29	198.41
1983.37	199.56
1983.46	200.22
1983.54	200.94
1983.62	201.94
1983.71	200.32
1983.79	202.55
1983.87	203.49
1983.96	203.42
1984.04	201.66
1984.12	204.05
1984.21	204.11
1984.29	205.86
1984.37	205.96
1984.46	205.81
1984.54	205.79
1984.62	204.69
1984.71	207.33
1984.79	209.75
1984.87	210.78
1984.96	211.77
1985.04	210.59
1985.12	211.23
1985.21	212.54
1985.29	213.87
1985.37	214.12
1985.46	212.83
1985.54	214.43
1985.62	216.69
1985.71	219.02
1985.79	219.93
1985.87	221.15
1985.96	220
1986.04	220.2
1986.12	221.37
1986.21	222.76
1986.29	226.04
1986.37	227.25
1986.46	227.55
1986.54	226.5
1986.62	227.1
1986.71	231.83
1986.79	233.38
1986.87	233.97
1986.96	234.99
1987.04	235.39
1987.12	236.85
1987.21	236.73
1987.29	236.77
1987.37	238.67
1987.46	240.97
1987.54	240.58
1987.62	241.55
1987.71	244.43
1987.79	247.46
1987.87	248.05
1987.96	248.17
1988.04	248.18
1988.12	248.4
1988.21	247.8
1988.29	249.56
1988.37	250.71
1988.46	251.1
1988.54	251.25
1988.62	252.58
1988.71	254.37
1988.79	255.8
1988.87	255.64
1988.96	255.67
1989.04	254.44
1989.12	254.97
1989.21	254.76
1989.29	257.02
1989.37	256.91
1989.46	257.3
1989.54	259.16
1989.62	259.23
1989.71	260.99
1989.79	260.54
1989.87	262.01
1989.96	263
1990.04	261.65
1990.12	262
1990.21	262.44
1990.29	264.06
1990.37	265.03
1990.46	264.65
1990.54	262.78
1990.62	263.84
1990.71	265.35
1990.79	265.9
1990.87	267.28
1990.96	266.17
1991.04	266.35
1991.12	268.26
1991.21	267.98
1991.29	267.04
1991.37	266.26
1991.46	266.99
1991.54	267.46
1991.62	267.43
1991.71	266.58
1991.79	266.55
1991.87	267.42
1991.96	267.93
1992.04	267.69
1992.12	266.81
1992.21	266.5
1992.29	267.13
1992.37	266.94
1992.46	267.02
1992.54	266.69
1992.62	266.69
1992.71	267.18
1992.79	268.42
1992.87	269.68
1992.96	269.47
1993.04	269.3
1993.12	268.63
1993.21	268.94
1993.29	269.26
1993.37	269.33
1993.46	268.6
1993.54	268.51
1993.62	268.41
1993.71	268.69
1993.79	269.01
1993.87	268.76
1993.96	268.29
1994.04	268.44
1994.12	267.89
1994.21	267.77
1994.29	268.01
1994.37	268.19
1994.46	267.26
1994.54	267.63
1994.62	267.36
1994.71	267.66
1994.79	268.25
1994.87	268.48
1994.96	268.28
1995.04	268.03
1995.12	267.8
1995.21	267.79
1995.29	267.69
1995.37	267.04
1995.46	266.67
1995.54	266.2
1995.62	265.94
1995.71	266.12
1995.79	266.68
1995.87	266.84
1995.96	266.69
1996.04	266.47
1996.12	266.38
1996.21	266.16
1996.29	266.04
1996.37	266.13
1996.46	266
1996.54	265.7
1996.62	265.38
1996.71	265.45
1996.79	265.56
1996.87	265.72
1996.96	265.68
1997.04	265.51
1997.12	265.09
1997.21	265.07
1997.29	264.93
1997.37	264.86
1997.46	264.51
1997.54	264.17
1997.62	263.88
1997.71	263.86
1997.79	264.15
1997.87	264.37
1997.96	264.39
1998.04	264.13
1998.12	263.9
1998.21	263.68
1998.29	263.68
1998.37	263.42
1998.46	263.07
1998.54	262.5
1998.62	261.94
1998.71	261.98
1998.79	262.42
1998.87	262.77
1998.96	262.68
1999.04	262.63
1999.12	262.42
1999.21	262.25
1999.29	262.08
1999.37	261.55
1999.46	261.17
1999.54	260.55
1999.62	260.39
1999.71	260.6
1999.79	261.08
1999.87	261.36
1999.96	261.35
2000.04	261.18
2000.12	261.08
2000.21	261.02
2000.29	261.02
2000.37	260.78
2000.46	260.65
2000.54	260.29
2000.62	259.91
2000.71	260
2000.79	260.25
2000.87	260.44
2000.96	260.39
2001.04	260.42
2001.12	260.13
2001.21	259.91
2001.29	259.52
2001.37	259.16
2001.46	258.72
2001.54	258.25
2001.62	257.83
2001.71	257.92
2001.79	258.37
2001.87	258.38
2001.96	258.31
2002.04	258.08
2002.12	257.87
2002.21	257.73
2002.29	257.41
2002.37	257.04
2002.46	256.54
2002.54	256.1
2002.62	255.7
2002.71	255.8
2002.79	256.02
2002.87	256.06
2002.96	256.19
2003.04	255.8
2003.12	255.59
2003.21	255.49
2003.29	255.47
2003.37	255.15
2003.46	254.66
2003.54	254.21
2003.62	253.65
2003.71	253.75
2003.79	254.02
2003.87	254.19
2003.96	254.49
2004.04	254.19
2004.12	254.01
2004.21	253.8
2004.29	253.44
2004.37	253.2
2004.46	252.73
2004.54	252.11
2004.62	251.79
2004.71	251.52
2004.79	251.8
2004.87	252
2004.96	252.07
2005.04	251.87
2005.12	251.74
2005.21	251.65
2005.29	251.83
2005.37	251.69
2005.46	251.18
2005.54	250.49
2005.62	249.86
2005.71	249.72
2005.79	249.8
2005.87	249.86
2005.96	249.9
2006.04	249.65
2006.12	249.55
2006.21	249.12
2006.29	248.76
2006.37	248.47
2006.46	247.96
2006.54	247.8
2006.62	247.25
2006.71	247.3
2006.79	247.75
2006.87	247.74
2006.96	247.75
2007.04	247.54
2007.12	247.39
2007.21	247.21
2007.29	247.11
2007.37	246.83
2007.46	246.43
2007.54	245.96
2007.62	245.52
2007.71	245.46
2007.79	245.56
2007.87	245.74
2007.96	245.63
2008.04	245.5
2008.12	245.25
2008.21	245
2008.29	244.79
2008.37	244.6
2008.46	244.16
2008.54	243.85
2008.62	243.51
2008.71	243.55