C14 of CO2 history for the northern hemisphere provided by Mauro Rubino, CSIRO / CIC
year    D 14C
1658.36	9.02
1659.36	5.79
1660.36	3.60
1661.36	8.65
1662.36	7.50
1663.36	8.41
1664.36	6.22
1665.36	7.13
1666.36	8.04
1667.36	9.99
1668.36	11.94
1669.36	10.78
1670.36	9.62
1671.36	14.67
1672.36	10.41
1673.36	15.46
1674.36	9.14
1675.36	12.12
1676.36	10.96
1677.36	9.80
1678.36	8.65
1679.36	10.59
1680.36	12.54
1681.36	12.41
1682.36	12.29
1683.36	11.14
1684.36	13.08
1685.36	12.96
1686.36	18.00
1687.36	13.74
1688.36	16.72
1689.36	15.56
1690.36	14.41
1691.36	14.29
1692.36	16.23
1693.36	16.10
1694.36	15.98
1695.36	15.86
1696.36	16.77
1697.36	17.67
1698.36	17.55
1699.36	18.46
1700.36	17.30
1701.36	19.24
1702.36	15.00
1703.36	17.97
1704.36	18.87
1705.36	16.69
1706.36	14.51
1707.36	15.41
1708.36	15.29
1709.36	17.23
1710.36	17.10
1711.36	18.01
1712.36	13.77
1713.36	17.76
1714.36	17.64
1715.36	16.49
1716.36	17.40
1717.36	16.24
1718.36	17.15
1719.36	16.00
1720.36	14.85
1721.36	13.70
1722.36	12.55
1723.36	13.45
1724.36	13.33
1725.36	13.21
1726.36	18.22
1727.36	13.99
1728.36	11.81
1729.36	12.72
1730.36	10.54
1731.36	5.28
1732.36	7.21
1733.36	9.15
1734.36	9.02
1735.36	6.85
1736.36	7.75
1737.36	7.63
1738.36	7.51
1739.36	6.36
1740.36	5.21
1741.36	0.99
1742.36	6.00
1743.36	4.85
1744.36	2.68
1745.36	4.61
1746.36	7.56
1747.36	6.41
1748.36	4.24
1749.36	5.14
1750.36	5.02
1751.36	2.85
1752.36	4.78
1753.36	5.68
1754.36	4.54
1755.36	3.39
1756.36	3.27
1757.36	4.17
1758.36	6.10
1759.36	4.95
1760.36	4.83
1761.36	4.71
1762.36	2.54
1763.36	-0.65
1764.36	3.32
1765.36	2.18
1766.36	1.04
1767.36	-0.11
1768.36	-1.25
1769.36	-0.35
1770.36	-0.47
1771.36	1.45
1772.36	0.31
1773.36	1.21
1774.36	-0.95
1775.36	0.97
1776.36	2.89
1777.36	1.75
1778.36	0.60
1779.36	-0.54
1780.36	-1.68
1781.36	-4.86
1782.36	-6.00
1783.36	-6.12
1784.36	-7.26
1785.36	-7.38
1786.36	-7.50
1787.36	-8.64
1788.36	-9.78
1789.36	-6.84
1790.36	-6.96
1791.36	-7.08
1792.36	-10.26
1793.36	-7.33
1794.36	-9.48
1795.36	-9.60
1796.36	-9.72
1797.36	-4.75
1798.36	-3.85
1799.36	-0.92
1800.36	-0.02
1801.36	-5.23
1802.36	-2.30
1803.36	-3.44
1804.36	-1.52
1805.36	-1.64
1806.36	-3.80
1807.36	-1.88
1808.36	-5.06
1809.36	-0.09
1810.36	1.82
1811.36	1.70
1812.36	2.60
1813.36	1.46
1814.36	0.32
1815.36	1.22
1816.36	6.18
1817.36	6.06
1818.36	5.93
1819.36	-1.30
1820.36	3.66
1821.36	3.54
1822.36	0.37
1823.36	3.30
1824.36	1.14
1825.36	2.04
1826.36	1.92
1827.36	4.84
1828.36	2.69
1829.36	5.61
1830.36	3.46
1831.36	1.31
1832.36	2.20
1833.36	0.05
1834.36	-0.07
1835.36	-0.19
1836.36	-0.31
1837.36	-3.47
1838.36	-2.58
1839.36	-0.67
1840.36	-0.79
1841.36	-4.97
1842.36	-1.03
1843.36	-2.17
1844.36	-1.28
1845.36	-2.41
1846.36	-0.50
1847.36	-0.63
1848.36	-1.76
1849.36	0.15
1850.36	-0.99
1851.36	-2.12
1852.36	-0.22
1853.36	-3.37
1854.36	-4.51
1855.36	-3.62
1856.36	-3.74
1857.36	0.00
1858.36	-1.95
1859.36	-3.09
1860.36	-4.22
1861.36	-3.33
1862.36	-7.49
1863.36	-5.59
1864.36	-5.71
1865.36	-2.80
1866.36	-4.94
1867.36	-3.04
1868.36	-4.17
1869.36	-4.29
1870.36	-4.41
1871.36	-4.53
1872.36	-4.65
1873.36	-5.78
1874.36	-5.90
1875.36	-5.01
1876.36	-7.15
1877.36	-5.25
1878.36	-6.38
1879.36	-5.50
1880.36	-2.59
1881.36	-4.73
1882.36	-1.82
1883.36	-2.95
1884.36	-3.07
1885.36	-4.20
1886.36	-6.34
1887.36	-6.46
1888.36	-6.58
1889.36	-5.69
1890.36	-3.80
1891.36	-2.91
1892.36	-4.04
1893.36	-2.14
1894.36	-2.26
1895.36	-2.38
1896.36	-1.50
1897.36	-3.63
1898.36	-3.75
1900.00	-4.88
1901.00	-2.99
1902.00	0.92
1903.00	-3.23
1903.99	-4.36
1904.99	-4.48
1905.99	-5.60
1906.99	-4.72
1907.99	-5.84
1908.99	-7.97
1909.99	-6.08
1910.99	-7.21
1911.99	-8.33
1912.99	-8.45
1913.99	-7.57
1914.99	-6.68
1915.99	-6.80
1916.99	-10.94
1917.98	-10.06
1918.98	-11.18
1919.98	-11.30
1920.98	-14.43
1921.98	-12.54
1922.98	-12.66
1923.98	-13.78
1924.98	-11.90
1925.98	-12.02
1926.98	-15.14
1927.98	-15.26
1928.98	-15.38
1929.98	-18.51
1930.98	-14.62
1931.98	-16.74
1932.97	-20.87
1933.97	-18.98
1934.97	-15.10
1935.97	-16.22
1936.97	-16.34
1937.97	-17.46
1938.97	-16.57
1939.97	-19.70
1940.97	-22.82
1941.97	-19.93
1942.97	-20.05
1943.97	-24.17
1944.97	-23.29
1945.97	-22.41
1946.97	-21.53
1947.96	-21.65
1948.96	-21.76
1949.96	-25.88
1950.96	-26.00
1951.96	-25.12
1952.96	-26.24
1953.96	-24.35
1954.96	-22.47
1955.96	21.38
1956.96	38.25
1957.96	101.07
1958.96	166.87
1959.96	232.66
1960.96	212.53
1961.95	220.38
1962.95	422.50
1963.01	407.50
1963.05	422.40
1963.07	433.40
1963.11	440.40
1963.13	451.40
1963.16	460.40
1963.18	467.40
1963.20	478.40
1963.22	478.40
1963.24	532.40
1963.28	547.40
1963.30	528.40
1963.32	582.40
1963.36	650.40
1963.43	716.40
1963.47	759.40
1963.51	767.40
1963.55	929.40
1963.59	951.40
1963.62	1017.40
1963.66	1040.40
1963.70	999.40
1963.74	963.40
1963.78	967.40
1963.82	944.40
1963.85	940.40
1963.89	900.40
1963.93	874.40
1963.97	865.40
1964.01	865.40
1964.05	860.30
1964.08	796.30
1964.12	817.30
1964.16	844.30
1964.20	813.30
1964.24	818.30
1964.28	817.30
1964.31	835.30
1964.35	829.30
1964.39	870.30
1964.41	898.30
1964.47	935.30
1964.51	976.30
1964.62	973.30
1964.66	913.30
1964.70	894.30
1964.74	908.30
1964.77	873.30
1964.81	827.30
1964.85	873.30
1964.89	828.30
1964.93	869.30
1964.97	802.30
1965.04	780.20
1965.08	792.20
1965.12	744.20
1965.16	729.20
1965.20	765.20
1965.23	784.20
1965.27	764.20
1965.31	747.20
1965.35	767.20
1965.39	776.20
1965.43	775.20
1965.46	782.20
1965.50	828.20
1965.52	813.20
1965.54	796.20
1965.58	811.20
1965.60	816.20
1965.64	804.20
1965.67	807.20
1965.71	709.20
1965.77	779.20
1965.85	719.20
1965.89	734.20
1965.92	707.20
1965.96	710.20
1966.00	707.20
1966.04	697.10
1966.08	685.10
1966.12	678.10
1966.15	685.10
1966.19	674.10
1966.27	667.10
1966.31	665.10
1966.35	684.10
1966.38	686.10
1966.42	692.10
1966.46	715.10
1966.50	715.10
1966.54	721.10
1966.58	727.10
1966.61	705.10
1966.65	729.10
1966.69	723.10
1966.73	733.10
1966.75	721.10
1966.81	699.10
1966.84	674.10
1966.88	663.10
1966.92	658.10
1967.04	647.90
1967.07	654.90
1967.11	680.90
1967.19	640.90
1967.23	640.90
1967.27	637.90
1967.30	639.90
1967.34	651.90
1967.38	648.90
1967.42	637.90
1967.46	663.90
1967.53	680.90
1967.57	665.90
1967.61	651.90
1967.65	693.90
1967.69	658.90
1967.74	635.90
1967.76	631.90
1967.80	637.90
1968.01	595.80
1968.09	602.80
1968.22	587.80
1968.30	588.80
1968.38	603.80
1968.45	580.80
1968.53	607.80
1968.61	619.80
1968.68	591.80
1968.76	612.80
1968.84	580.80
1968.91	560.80
1968.99	563.80
1969.07	596.70
1969.14	563.70
1969.28	617.70
1969.39	562.70
1969.47	563.70
1969.55	575.70
1969.62	575.70
1969.70	551.70
1969.78	588.70
1969.85	550.70
1969.93	529.70
1970.01	535.70
1970.08	566.60
1970.16	546.60
1970.24	516.60
1970.31	530.60
1970.39	559.60
1970.47	555.60
1970.54	532.60
1970.62	588.60
1970.70	562.60
1970.77	561.60
1970.85	507.60
1970.93	531.60
1971.04	485.50
1971.10	488.50
1971.18	475.50
1971.25	484.50
1971.33	552.50
1971.41	546.50
1971.48	564.50
1971.56	550.50
1971.64	538.50
1971.71	522.50
1971.79	539.50
1971.87	494.50
1971.94	470.50
1972.02	510.30
1972.10	477.30
1972.17	480.30
1972.25	496.30
1972.33	503.30
1972.40	477.30
1972.48	486.30
1972.56	489.30
1972.63	473.30
1972.71	471.30
1972.79	453.30
1972.86	475.30
1972.94	465.30
1973.02	448.20
1973.09	445.20
1973.17	462.20
1973.25	441.20
1973.32	427.20
1973.40	459.20
1973.48	445.20
1973.55	459.20
1973.63	472.20
1973.70	464.20
1973.78	437.20
1973.86	440.20
1973.93	394.20
1974.03	422.10
1974.11	410.10
1974.18	418.10
1974.26	413.10
1974.34	421.10
1974.41	413.10
1974.49	423.10
1974.57	434.10
1974.64	426.10
1974.72	421.10
1974.80	423.10
1974.87	424.10
1974.95	405.10
1975.03	405.00
1975.10	416.00
1975.18	341.00
1975.26	387.00
1975.33	411.00
1975.41	393.00
1975.49	394.00
1975.56	403.00
1975.64	382.00
1975.72	393.00
1975.79	392.00
1975.87	362.00
1975.95	364.00
1976.02	354.90
1976.10	353.90
1976.18	348.90
1976.25	345.90
1976.33	369.90
1976.41	338.90
1976.48	365.90
1976.56	361.90
1976.64	362.90
1976.71	350.90
1976.79	334.90
1976.87	347.90
1976.94	361.90
1977.02	357.70
1977.10	332.70
1977.17	333.70
1977.25	333.70
1977.33	342.70
1977.40	338.70
1977.48	330.70
1977.56	357.70
1977.63	341.70
1977.71	353.70
1977.79	323.70
1977.86	337.70
1977.94	318.70
1978.02	333.60
1978.09	312.60
1978.17	335.60
1978.25	317.60
1978.32	333.60
1978.40	335.60
1978.48	324.60
1978.55	333.60
1978.63	345.60
1978.71	329.60
1978.78	306.60
1978.86	320.60
1978.94	310.60
1979.01	307.50
1979.09	315.50
1979.17	302.50
1979.24	306.50
1979.32	305.50
1979.40	314.50
1979.47	305.50
1979.55	314.50
1979.63	306.50
1979.70	320.50
1979.78	297.50
1979.86	312.50
1979.93	261.50
1980.11	292.40
1980.18	293.40
1980.26	321.40
1980.36	299.40
1980.43	285.40
1980.53	281.40
1980.60	281.40
1980.68	319.40
1980.78	300.40
1980.85	280.40
1981.93	271.30
1982.02	250.10
1982.10	243.10
1982.18	225.10
1982.27	258.10
1982.35	242.10
1982.44	258.10
1982.44	246.10
1982.60	240.00
1982.69	242.10
1982.77	243.10
1982.85	249.10
1982.94	249.10
1983.00	240.00
1983.11	231.00
1983.19	232.00
1983.23	238.00
1983.27	229.00
1983.31	233.00
1983.34	248.00
1983.38	228.00
1983.44	241.00
1983.48	236.00
1983.52	243.00
1983.56	238.00
1983.61	246.00
1983.65	236.00
1983.69	234.00
1983.73	221.00
1983.77	235.00
1983.80	228.00
1983.86	228.00
1983.90	225.00
1983.94	217.00
1983.96	253.00
1984.02	215.90
1984.05	206.90
1984.11	215.90
1984.15	226.90
1984.17	253.90
1984.23	222.90
1984.26	211.90
1984.30	213.90
1984.36	224.90
1984.40	219.90
1984.51	218.90
1984.55	226.90
1984.61	227.90
1984.65	219.90
1984.69	224.90
1984.72	236.90
1984.78	232.90
1984.82	203.90
1984.86	220.90
1984.90	225.90
1984.94	214.90
1984.97	211.90
1985.03	207.80
1985.07	211.80
1985.17	191.30
1985.24	201.80
1985.32	199.80
1985.36	201.80
1985.41	217.80
1985.45	209.80
1985.57	210.80
1985.61	206.20
1985.66	208.60
1985.74	204.00
1985.82	198.90
1985.86	201.30
1985.95	201.40
1985.99	196.40
1986.10	185.30
1986.20	177.00
1986.24	189.10
1986.32	178.50
1986.35	193.60
1986.39	221.60
1986.43	188.70
1986.45	191.80
1986.47	206.40
1986.51	236.40
1986.53	199.90
1986.55	201.70
1986.56	190.80
1986.58	196.80
1986.60	197.70
1986.62	194.10
1986.66	191.40
1986.68	191.10
1986.74	183.90
1986.78	201.20
1986.83	192.20
1986.87	188.80
1986.91	179.80
1986.95	174.50
1987.04	182.80
1987.10	152.90
1987.14	147.90
1987.22	177.40
1987.25	173.80
1987.29	183.20
1987.33	192.50
1987.37	189.60
1987.41	184.00
1987.45	184.20
1987.48	179.10
1987.52	188.40
1987.56	191.90
1987.64	189.00
1987.68	188.80
1987.71	190.80
1987.75	181.50
1987.79	188.40
1987.83	177.30
1987.91	190.30
1987.94	172.80
1987.98	143.00
1988.08	180.70
1988.12	169.40
1988.16	176.20
1988.19	172.90
1988.27	167.80
1988.31	152.80
1988.35	162.90
1988.39	154.00
1988.42	177.10
1988.46	160.10
1988.50	168.10
1988.54	174.30
1988.58	178.00
1988.62	184.00
1988.65	181.10
1988.69	167.20
1988.73	180.20
1988.77	180.70
1988.81	180.30
1988.85	170.40
1988.88	162.80
1988.92	170.10
1988.96	171.50
1988.96	171.50
1989.08	167.50
1989.11	150.80
1989.15	162.00
1989.19	167.40
1989.23	157.10
1989.27	168.30
1989.31	155.50
1989.36	151.20
1989.40	163.00
1989.46	162.60
1989.50	165.80
1989.54	152.70
1989.57	161.70
1989.61	167.60
1989.65	165.80
1989.69	160.90
1989.75	164.30
1989.78	157.30
1989.82	152.70
1989.86	161.80
1989.92	162.50
1989.96	152.00
1990.00	144.30
1990.07	149.10
1990.11	160.00
1990.15	153.40
1990.19	147.80
1990.24	158.40
1990.28	150.80
1990.32	160.60
1990.36	145.70
1990.42	159.60
1990.49	166.10
1990.53	156.00
1990.57	155.20
1990.61	168.00
1990.67	156.00
1990.70	149.90
1990.74	162.10
1990.78	153.60
1990.82	156.60
1990.86	151.30
1990.92	155.90
1990.95	145.00
1990.99	148.30
1991.03	110.40
1991.09	149.90
1991.13	144.60
1991.16	136.30
1991.20	112.00
1991.24	127.70
1991.28	138.90
1991.32	145.60
1991.36	126.90
1991.41	148.60
1991.45	146.60
1991.49	130.20
1991.53	135.60
1991.57	143.80
1991.61	151.60
1991.66	151.20
1991.70	141.90
1991.74	151.30
1991.78	145.10
1991.82	124.70
1991.87	141.40
1991.91	144.10
1991.93	145.20
1991.99	127.00
1992.10	124.80
1992.20	144.70
1992.28	139.90
1992.35	136.70
1992.45	139.40
1992.52	134.10
1992.62	139.90
1992.70	134.70
1992.77	131.40
1992.87	137.70
1992.95	125.00
1993.04	122.30
1993.12	133.00
1993.23	129.20
1993.33	128.50
1993.41	138.30
1993.48	126.20
1994.48	118.03
1995.48	110.94
1996.48	104.83
1997.48	98.74
1998.48	92.64
1999.48	87.53
2000.48	82.43
2001.48	77.33
2002.48	73.23
2003.48	68.13
2004.48	64.03
2005.48	60.92
2006.48	56.82
2007.48	53.71
2008.47	50.60
2009.47	47.50