CFC_12 uncertainties for NEEM by Christo
year    c(ppb)  u(ppb)
1800.04	0.00	0.00
1800.13	0.00	0.00
1800.21	0.00	0.00
1800.29	0.00	0.00
1800.38	0.00	0.00
1800.46	0.00	0.00
1800.54	0.00	0.00
1800.63	0.00	0.00
1800.71	0.00	0.00
1800.79	0.00	0.00
1800.88	0.00	0.00
1800.96	0.00	0.00
1801.04	0.00	0.00
1801.13	0.00	0.00
1801.21	0.00	0.00
1801.29	0.00	0.00
1801.38	0.00	0.00
1801.46	0.00	0.00
1801.54	0.00	0.00
1801.63	0.00	0.00
1801.71	0.00	0.00
1801.79	0.00	0.00
1801.88	0.00	0.00
1801.96	0.00	0.00
1802.04	0.00	0.00
1802.13	0.00	0.00
1802.21	0.00	0.00
1802.29	0.00	0.00
1802.38	0.00	0.00
1802.46	0.00	0.00
1802.54	0.00	0.00
1802.63	0.00	0.00
1802.71	0.00	0.00
1802.79	0.00	0.00
1802.88	0.00	0.00
1802.96	0.00	0.00
1803.04	0.00	0.00
1803.13	0.00	0.00
1803.21	0.00	0.00
1803.29	0.00	0.00
1803.38	0.00	0.00
1803.46	0.00	0.00
1803.54	0.00	0.00
1803.63	0.00	0.00
1803.71	0.00	0.00
1803.79	0.00	0.00
1803.88	0.00	0.00
1803.96	0.00	0.00
1804.04	0.00	0.00
1804.13	0.00	0.00
1804.21	0.00	0.00
1804.29	0.00	0.00
1804.38	0.00	0.00
1804.46	0.00	0.00
1804.54	0.00	0.00
1804.63	0.00	0.00
1804.71	0.00	0.00
1804.79	0.00	0.00
1804.88	0.00	0.00
1804.96	0.00	0.00
1805.04	0.00	0.00
1805.13	0.00	0.00
1805.21	0.00	0.00
1805.29	0.00	0.00
1805.38	0.00	0.00
1805.46	0.00	0.00
1805.54	0.00	0.00
1805.63	0.00	0.00
1805.71	0.00	0.00
1805.79	0.00	0.00
1805.88	0.00	0.00
1805.96	0.00	0.00
1806.04	0.00	0.00
1806.13	0.00	0.00
1806.21	0.00	0.00
1806.29	0.00	0.00
1806.38	0.00	0.00
1806.46	0.00	0.00
1806.54	0.00	0.00
1806.63	0.00	0.00
1806.71	0.00	0.00
1806.79	0.00	0.00
1806.88	0.00	0.00
1806.96	0.00	0.00
1807.04	0.00	0.00
1807.13	0.00	0.00
1807.21	0.00	0.00
1807.29	0.00	0.00
1807.38	0.00	0.00
1807.46	0.00	0.00
1807.54	0.00	0.00
1807.63	0.00	0.00
1807.71	0.00	0.00
1807.79	0.00	0.00
1807.88	0.00	0.00
1807.96	0.00	0.00
1808.04	0.00	0.00
1808.13	0.00	0.00
1808.21	0.00	0.00
1808.29	0.00	0.00
1808.38	0.00	0.00
1808.46	0.00	0.00
1808.54	0.00	0.00
1808.63	0.00	0.00
1808.71	0.00	0.00
1808.79	0.00	0.00
1808.88	0.00	0.00
1808.96	0.00	0.00
1809.04	0.00	0.00
1809.13	0.00	0.00
1809.21	0.00	0.00
1809.29	0.00	0.00
1809.38	0.00	0.00
1809.46	0.00	0.00
1809.54	0.00	0.00
1809.63	0.00	0.00
1809.71	0.00	0.00
1809.79	0.00	0.00
1809.88	0.00	0.00
1809.96	0.00	0.00
1810.04	0.00	0.00
1810.13	0.00	0.00
1810.21	0.00	0.00
1810.29	0.00	0.00
1810.38	0.00	0.00
1810.46	0.00	0.00
1810.54	0.00	0.00
1810.63	0.00	0.00
1810.71	0.00	0.00
1810.79	0.00	0.00
1810.88	0.00	0.00
1810.96	0.00	0.00
1811.04	0.00	0.00
1811.13	0.00	0.00
1811.21	0.00	0.00
1811.29	0.00	0.00
1811.38	0.00	0.00
1811.46	0.00	0.00
1811.54	0.00	0.00
1811.63	0.00	0.00
1811.71	0.00	0.00
1811.79	0.00	0.00
1811.88	0.00	0.00
1811.96	0.00	0.00
1812.04	0.00	0.00
1812.13	0.00	0.00
1812.21	0.00	0.00
1812.29	0.00	0.00
1812.38	0.00	0.00
1812.46	0.00	0.00
1812.54	0.00	0.00
1812.63	0.00	0.00
1812.71	0.00	0.00
1812.79	0.00	0.00
1812.88	0.00	0.00
1812.96	0.00	0.00
1813.04	0.00	0.00
1813.13	0.00	0.00
1813.21	0.00	0.00
1813.29	0.00	0.00
1813.38	0.00	0.00
1813.46	0.00	0.00
1813.54	0.00	0.00
1813.63	0.00	0.00
1813.71	0.00	0.00
1813.79	0.00	0.00
1813.88	0.00	0.00
1813.96	0.00	0.00
1814.04	0.00	0.00
1814.13	0.00	0.00
1814.21	0.00	0.00
1814.29	0.00	0.00
1814.38	0.00	0.00
1814.46	0.00	0.00
1814.54	0.00	0.00
1814.63	0.00	0.00
1814.71	0.00	0.00
1814.79	0.00	0.00
1814.88	0.00	0.00
1814.96	0.00	0.00
1815.04	0.00	0.00
1815.13	0.00	0.00
1815.21	0.00	0.00
1815.29	0.00	0.00
1815.38	0.00	0.00
1815.46	0.00	0.00
1815.54	0.00	0.00
1815.63	0.00	0.00
1815.71	0.00	0.00
1815.79	0.00	0.00
1815.88	0.00	0.00
1815.96	0.00	0.00
1816.04	0.00	0.00
1816.13	0.00	0.00
1816.21	0.00	0.00
1816.29	0.00	0.00
1816.38	0.00	0.00
1816.46	0.00	0.00
1816.54	0.00	0.00
1816.63	0.00	0.00
1816.71	0.00	0.00
1816.79	0.00	0.00
1816.88	0.00	0.00
1816.96	0.00	0.00
1817.04	0.00	0.00
1817.13	0.00	0.00
1817.21	0.00	0.00
1817.29	0.00	0.00
1817.38	0.00	0.00
1817.46	0.00	0.00
1817.54	0.00	0.00
1817.63	0.00	0.00
1817.71	0.00	0.00
1817.79	0.00	0.00
1817.88	0.00	0.00
1817.96	0.00	0.00
1818.04	0.00	0.00
1818.13	0.00	0.00
1818.21	0.00	0.00
1818.29	0.00	0.00
1818.38	0.00	0.00
1818.46	0.00	0.00
1818.54	0.00	0.00
1818.63	0.00	0.00
1818.71	0.00	0.00
1818.79	0.00	0.00
1818.88	0.00	0.00
1818.96	0.00	0.00
1819.04	0.00	0.00
1819.13	0.00	0.00
1819.21	0.00	0.00
1819.29	0.00	0.00
1819.38	0.00	0.00
1819.46	0.00	0.00
1819.54	0.00	0.00
1819.63	0.00	0.00
1819.71	0.00	0.00
1819.79	0.00	0.00
1819.88	0.00	0.00
1819.96	0.00	0.00
1820.04	0.00	0.00
1820.13	0.00	0.00
1820.21	0.00	0.00
1820.29	0.00	0.00
1820.38	0.00	0.00
1820.46	0.00	0.00
1820.54	0.00	0.00
1820.63	0.00	0.00
1820.71	0.00	0.00
1820.79	0.00	0.00
1820.88	0.00	0.00
1820.96	0.00	0.00
1821.04	0.00	0.00
1821.13	0.00	0.00
1821.21	0.00	0.00
1821.29	0.00	0.00
1821.38	0.00	0.00
1821.46	0.00	0.00
1821.54	0.00	0.00
1821.63	0.00	0.00
1821.71	0.00	0.00
1821.79	0.00	0.00
1821.88	0.00	0.00
1821.96	0.00	0.00
1822.04	0.00	0.00
1822.13	0.00	0.00
1822.21	0.00	0.00
1822.29	0.00	0.00
1822.38	0.00	0.00
1822.46	0.00	0.00
1822.54	0.00	0.00
1822.63	0.00	0.00
1822.71	0.00	0.00
1822.79	0.00	0.00
1822.88	0.00	0.00
1822.96	0.00	0.00
1823.04	0.00	0.00
1823.13	0.00	0.00
1823.21	0.00	0.00
1823.29	0.00	0.00
1823.38	0.00	0.00
1823.46	0.00	0.00
1823.54	0.00	0.00
1823.63	0.00	0.00
1823.71	0.00	0.00
1823.79	0.00	0.00
1823.88	0.00	0.00
1823.96	0.00	0.00
1824.04	0.00	0.00
1824.13	0.00	0.00
1824.21	0.00	0.00
1824.29	0.00	0.00
1824.38	0.00	0.00
1824.46	0.00	0.00
1824.54	0.00	0.00
1824.63	0.00	0.00
1824.71	0.00	0.00
1824.79	0.00	0.00
1824.88	0.00	0.00
1824.96	0.00	0.00
1825.04	0.00	0.00
1825.13	0.00	0.00
1825.21	0.00	0.00
1825.29	0.00	0.00
1825.38	0.00	0.00
1825.46	0.00	0.00
1825.54	0.00	0.00
1825.63	0.00	0.00
1825.71	0.00	0.00
1825.79	0.00	0.00
1825.88	0.00	0.00
1825.96	0.00	0.00
1826.04	0.00	0.00
1826.13	0.00	0.00
1826.21	0.00	0.00
1826.29	0.00	0.00
1826.38	0.00	0.00
1826.46	0.00	0.00
1826.54	0.00	0.00
1826.63	0.00	0.00
1826.71	0.00	0.00
1826.79	0.00	0.00
1826.88	0.00	0.00
1826.96	0.00	0.00
1827.04	0.00	0.00
1827.13	0.00	0.00
1827.21	0.00	0.00
1827.29	0.00	0.00
1827.38	0.00	0.00
1827.46	0.00	0.00
1827.54	0.00	0.00
1827.63	0.00	0.00
1827.71	0.00	0.00
1827.79	0.00	0.00
1827.88	0.00	0.00
1827.96	0.00	0.00
1828.04	0.00	0.00
1828.13	0.00	0.00
1828.21	0.00	0.00
1828.29	0.00	0.00
1828.38	0.00	0.00
1828.46	0.00	0.00
1828.54	0.00	0.00
1828.63	0.00	0.00
1828.71	0.00	0.00
1828.79	0.00	0.00
1828.88	0.00	0.00
1828.96	0.00	0.00
1829.04	0.00	0.00
1829.13	0.00	0.00
1829.21	0.00	0.00
1829.29	0.00	0.00
1829.38	0.00	0.00
1829.46	0.00	0.00
1829.54	0.00	0.00
1829.63	0.00	0.00
1829.71	0.00	0.00
1829.79	0.00	0.00
1829.88	0.00	0.00
1829.96	0.00	0.00
1830.04	0.00	0.00
1830.13	0.00	0.00
1830.21	0.00	0.00
1830.29	0.00	0.00
1830.38	0.00	0.00
1830.46	0.00	0.00
1830.54	0.00	0.00
1830.63	0.00	0.00
1830.71	0.00	0.00
1830.79	0.00	0.00
1830.88	0.00	0.00
1830.96	0.00	0.00
1831.04	0.00	0.00
1831.13	0.00	0.00
1831.21	0.00	0.00
1831.29	0.00	0.00
1831.38	0.00	0.00
1831.46	0.00	0.00
1831.54	0.00	0.00
1831.63	0.00	0.00
1831.71	0.00	0.00
1831.79	0.00	0.00
1831.88	0.00	0.00
1831.96	0.00	0.00
1832.04	0.00	0.00
1832.13	0.00	0.00
1832.21	0.00	0.00
1832.29	0.00	0.00
1832.38	0.00	0.00
1832.46	0.00	0.00
1832.54	0.00	0.00
1832.63	0.00	0.00
1832.71	0.00	0.00
1832.79	0.00	0.00
1832.88	0.00	0.00
1832.96	0.00	0.00
1833.04	0.00	0.00
1833.13	0.00	0.00
1833.21	0.00	0.00
1833.29	0.00	0.00
1833.38	0.00	0.00
1833.46	0.00	0.00
1833.54	0.00	0.00
1833.63	0.00	0.00
1833.71	0.00	0.00
1833.79	0.00	0.00
1833.88	0.00	0.00
1833.96	0.00	0.00
1834.04	0.00	0.00
1834.13	0.00	0.00
1834.21	0.00	0.00
1834.29	0.00	0.00
1834.38	0.00	0.00
1834.46	0.00	0.00
1834.54	0.00	0.00
1834.63	0.00	0.00
1834.71	0.00	0.00
1834.79	0.00	0.00
1834.88	0.00	0.00
1834.96	0.00	0.00
1835.04	0.00	0.00
1835.13	0.00	0.00
1835.21	0.00	0.00
1835.29	0.00	0.00
1835.38	0.00	0.00
1835.46	0.00	0.00
1835.54	0.00	0.00
1835.63	0.00	0.00
1835.71	0.00	0.00
1835.79	0.00	0.00
1835.88	0.00	0.00
1835.96	0.00	0.00
1836.04	0.00	0.00
1836.13	0.00	0.00
1836.21	0.00	0.00
1836.29	0.00	0.00
1836.38	0.00	0.00
1836.46	0.00	0.00
1836.54	0.00	0.00
1836.63	0.00	0.00
1836.71	0.00	0.00
1836.79	0.00	0.00
1836.88	0.00	0.00
1836.96	0.00	0.00
1837.04	0.00	0.00
1837.13	0.00	0.00
1837.21	0.00	0.00
1837.29	0.00	0.00
1837.38	0.00	0.00
1837.46	0.00	0.00
1837.54	0.00	0.00
1837.63	0.00	0.00
1837.71	0.00	0.00
1837.79	0.00	0.00
1837.88	0.00	0.00
1837.96	0.00	0.00
1838.04	0.00	0.00
1838.13	0.00	0.00
1838.21	0.00	0.00
1838.29	0.00	0.00
1838.38	0.00	0.00
1838.46	0.00	0.00
1838.54	0.00	0.00
1838.63	0.00	0.00
1838.71	0.00	0.00
1838.79	0.00	0.00
1838.88	0.00	0.00
1838.96	0.00	0.00
1839.04	0.00	0.00
1839.13	0.00	0.00
1839.21	0.00	0.00
1839.29	0.00	0.00
1839.38	0.00	0.00
1839.46	0.00	0.00
1839.54	0.00	0.00
1839.63	0.00	0.00
1839.71	0.00	0.00
1839.79	0.00	0.00
1839.88	0.00	0.00
1839.96	0.00	0.00
1840.04	0.00	0.00
1840.13	0.00	0.00
1840.21	0.00	0.00
1840.29	0.00	0.00
1840.38	0.00	0.00
1840.46	0.00	0.00
1840.54	0.00	0.00
1840.63	0.00	0.00
1840.71	0.00	0.00
1840.79	0.00	0.00
1840.88	0.00	0.00
1840.96	0.00	0.00
1841.04	0.00	0.00
1841.13	0.00	0.00
1841.21	0.00	0.00
1841.29	0.00	0.00
1841.38	0.00	0.00
1841.46	0.00	0.00
1841.54	0.00	0.00
1841.63	0.00	0.00
1841.71	0.00	0.00
1841.79	0.00	0.00
1841.88	0.00	0.00
1841.96	0.00	0.00
1842.04	0.00	0.00
1842.13	0.00	0.00
1842.21	0.00	0.00
1842.29	0.00	0.00
1842.38	0.00	0.00
1842.46	0.00	0.00
1842.54	0.00	0.00
1842.63	0.00	0.00
1842.71	0.00	0.00
1842.79	0.00	0.00
1842.88	0.00	0.00
1842.96	0.00	0.00
1843.04	0.00	0.00
1843.13	0.00	0.00
1843.21	0.00	0.00
1843.29	0.00	0.00
1843.38	0.00	0.00
1843.46	0.00	0.00
1843.54	0.00	0.00
1843.63	0.00	0.00
1843.71	0.00	0.00
1843.79	0.00	0.00
1843.88	0.00	0.00
1843.96	0.00	0.00
1844.04	0.00	0.00
1844.13	0.00	0.00
1844.21	0.00	0.00
1844.29	0.00	0.00
1844.38	0.00	0.00
1844.46	0.00	0.00
1844.54	0.00	0.00
1844.63	0.00	0.00
1844.71	0.00	0.00
1844.79	0.00	0.00
1844.88	0.00	0.00
1844.96	0.00	0.00
1845.04	0.00	0.00
1845.13	0.00	0.00
1845.21	0.00	0.00
1845.29	0.00	0.00
1845.38	0.00	0.00
1845.46	0.00	0.00
1845.54	0.00	0.00
1845.63	0.00	0.00
1845.71	0.00	0.00
1845.79	0.00	0.00
1845.88	0.00	0.00
1845.96	0.00	0.00
1846.04	0.00	0.00
1846.13	0.00	0.00
1846.21	0.00	0.00
1846.29	0.00	0.00
1846.38	0.00	0.00
1846.46	0.00	0.00
1846.54	0.00	0.00
1846.63	0.00	0.00
1846.71	0.00	0.00
1846.79	0.00	0.00
1846.88	0.00	0.00
1846.96	0.00	0.00
1847.04	0.00	0.00
1847.13	0.00	0.00
1847.21	0.00	0.00
1847.29	0.00	0.00
1847.38	0.00	0.00
1847.46	0.00	0.00
1847.54	0.00	0.00
1847.63	0.00	0.00
1847.71	0.00	0.00
1847.79	0.00	0.00
1847.88	0.00	0.00
1847.96	0.00	0.00
1848.04	0.00	0.00
1848.13	0.00	0.00
1848.21	0.00	0.00
1848.29	0.00	0.00
1848.38	0.00	0.00
1848.46	0.00	0.00
1848.54	0.00	0.00
1848.63	0.00	0.00
1848.71	0.00	0.00
1848.79	0.00	0.00
1848.88	0.00	0.00
1848.96	0.00	0.00
1849.04	0.00	0.00
1849.13	0.00	0.00
1849.21	0.00	0.00
1849.29	0.00	0.00
1849.38	0.00	0.00
1849.46	0.00	0.00
1849.54	0.00	0.00
1849.63	0.00	0.00
1849.71	0.00	0.00
1849.79	0.00	0.00
1849.88	0.00	0.00
1849.96	0.00	0.00
1850.04	0.00	0.00
1850.13	0.00	0.00
1850.21	0.00	0.00
1850.29	0.00	0.00
1850.38	0.00	0.00
1850.46	0.00	0.00
1850.54	0.00	0.00
1850.63	0.00	0.00
1850.71	0.00	0.00
1850.79	0.00	0.00
1850.88	0.00	0.00
1850.96	0.00	0.00
1851.04	0.00	0.00
1851.13	0.00	0.00
1851.21	0.00	0.00
1851.29	0.00	0.00
1851.38	0.00	0.00
1851.46	0.00	0.00
1851.54	0.00	0.00
1851.63	0.00	0.00
1851.71	0.00	0.00
1851.79	0.00	0.00
1851.88	0.00	0.00
1851.96	0.00	0.00
1852.04	0.00	0.00
1852.13	0.00	0.00
1852.21	0.00	0.00
1852.29	0.00	0.00
1852.38	0.00	0.00
1852.46	0.00	0.00
1852.54	0.00	0.00
1852.63	0.00	0.00
1852.71	0.00	0.00
1852.79	0.00	0.00
1852.88	0.00	0.00
1852.96	0.00	0.00
1853.04	0.00	0.00
1853.13	0.00	0.00
1853.21	0.00	0.00
1853.29	0.00	0.00
1853.38	0.00	0.00
1853.46	0.00	0.00
1853.54	0.00	0.00
1853.63	0.00	0.00
1853.71	0.00	0.00
1853.79	0.00	0.00
1853.88	0.00	0.00
1853.96	0.00	0.00
1854.04	0.00	0.00
1854.13	0.00	0.00
1854.21	0.00	0.00
1854.29	0.00	0.00
1854.38	0.00	0.00
1854.46	0.00	0.00
1854.54	0.00	0.00
1854.63	0.00	0.00
1854.71	0.00	0.00
1854.79	0.00	0.00
1854.88	0.00	0.00
1854.96	0.00	0.00
1855.04	0.00	0.00
1855.13	0.00	0.00
1855.21	0.00	0.00
1855.29	0.00	0.00
1855.38	0.00	0.00
1855.46	0.00	0.00
1855.54	0.00	0.00
1855.63	0.00	0.00
1855.71	0.00	0.00
1855.79	0.00	0.00
1855.88	0.00	0.00
1855.96	0.00	0.00
1856.04	0.00	0.00
1856.13	0.00	0.00
1856.21	0.00	0.00
1856.29	0.00	0.00
1856.38	0.00	0.00
1856.46	0.00	0.00
1856.54	0.00	0.00
1856.63	0.00	0.00
1856.71	0.00	0.00
1856.79	0.00	0.00
1856.88	0.00	0.00
1856.96	0.00	0.00
1857.04	0.00	0.00
1857.13	0.00	0.00
1857.21	0.00	0.00
1857.29	0.00	0.00
1857.38	0.00	0.00
1857.46	0.00	0.00
1857.54	0.00	0.00
1857.63	0.00	0.00
1857.71	0.00	0.00
1857.79	0.00	0.00
1857.88	0.00	0.00
1857.96	0.00	0.00
1858.04	0.00	0.00
1858.13	0.00	0.00
1858.21	0.00	0.00
1858.29	0.00	0.00
1858.38	0.00	0.00
1858.46	0.00	0.00
1858.54	0.00	0.00
1858.63	0.00	0.00
1858.71	0.00	0.00
1858.79	0.00	0.00
1858.88	0.00	0.00
1858.96	0.00	0.00
1859.04	0.00	0.00
1859.13	0.00	0.00
1859.21	0.00	0.00
1859.29	0.00	0.00
1859.38	0.00	0.00
1859.46	0.00	0.00
1859.54	0.00	0.00
1859.63	0.00	0.00
1859.71	0.00	0.00
1859.79	0.00	0.00
1859.88	0.00	0.00
1859.96	0.00	0.00
1860.04	0.00	0.00
1860.13	0.00	0.00
1860.21	0.00	0.00
1860.29	0.00	0.00
1860.38	0.00	0.00
1860.46	0.00	0.00
1860.54	0.00	0.00
1860.63	0.00	0.00
1860.71	0.00	0.00
1860.79	0.00	0.00
1860.88	0.00	0.00
1860.96	0.00	0.00
1861.04	0.00	0.00
1861.13	0.00	0.00
1861.21	0.00	0.00
1861.29	0.00	0.00
1861.38	0.00	0.00
1861.46	0.00	0.00
1861.54	0.00	0.00
1861.63	0.00	0.00
1861.71	0.00	0.00
1861.79	0.00	0.00
1861.88	0.00	0.00
1861.96	0.00	0.00
1862.04	0.00	0.00
1862.13	0.00	0.00
1862.21	0.00	0.00
1862.29	0.00	0.00
1862.38	0.00	0.00
1862.46	0.00	0.00
1862.54	0.00	0.00
1862.63	0.00	0.00
1862.71	0.00	0.00
1862.79	0.00	0.00
1862.88	0.00	0.00
1862.96	0.00	0.00
1863.04	0.00	0.00
1863.13	0.00	0.00
1863.21	0.00	0.00
1863.29	0.00	0.00
1863.38	0.00	0.00
1863.46	0.00	0.00
1863.54	0.00	0.00
1863.63	0.00	0.00
1863.71	0.00	0.00
1863.79	0.00	0.00
1863.88	0.00	0.00
1863.96	0.00	0.00
1864.04	0.00	0.00
1864.13	0.00	0.00
1864.21	0.00	0.00
1864.29	0.00	0.00
1864.38	0.00	0.00
1864.46	0.00	0.00
1864.54	0.00	0.00
1864.63	0.00	0.00
1864.71	0.00	0.00
1864.79	0.00	0.00
1864.88	0.00	0.00
1864.96	0.00	0.00
1865.04	0.00	0.00
1865.13	0.00	0.00
1865.21	0.00	0.00
1865.29	0.00	0.00
1865.38	0.00	0.00
1865.46	0.00	0.00
1865.54	0.00	0.00
1865.63	0.00	0.00
1865.71	0.00	0.00
1865.79	0.00	0.00
1865.88	0.00	0.00
1865.96	0.00	0.00
1866.04	0.00	0.00
1866.13	0.00	0.00
1866.21	0.00	0.00
1866.29	0.00	0.00
1866.38	0.00	0.00
1866.46	0.00	0.00
1866.54	0.00	0.00
1866.63	0.00	0.00
1866.71	0.00	0.00
1866.79	0.00	0.00
1866.88	0.00	0.00
1866.96	0.00	0.00
1867.04	0.00	0.00
1867.13	0.00	0.00
1867.21	0.00	0.00
1867.29	0.00	0.00
1867.38	0.00	0.00
1867.46	0.00	0.00
1867.54	0.00	0.00
1867.63	0.00	0.00
1867.71	0.00	0.00
1867.79	0.00	0.00
1867.88	0.00	0.00
1867.96	0.00	0.00
1868.04	0.00	0.00
1868.13	0.00	0.00
1868.21	0.00	0.00
1868.29	0.00	0.00
1868.38	0.00	0.00
1868.46	0.00	0.00
1868.54	0.00	0.00
1868.63	0.00	0.00
1868.71	0.00	0.00
1868.79	0.00	0.00
1868.88	0.00	0.00
1868.96	0.00	0.00
1869.04	0.00	0.00
1869.13	0.00	0.00
1869.21	0.00	0.00
1869.29	0.00	0.00
1869.38	0.00	0.00
1869.46	0.00	0.00
1869.54	0.00	0.00
1869.63	0.00	0.00
1869.71	0.00	0.00
1869.79	0.00	0.00
1869.88	0.00	0.00
1869.96	0.00	0.00
1870.04	0.00	0.00
1870.13	0.00	0.00
1870.21	0.00	0.00
1870.29	0.00	0.00
1870.38	0.00	0.00
1870.46	0.00	0.00
1870.54	0.00	0.00
1870.63	0.00	0.00
1870.71	0.00	0.00
1870.79	0.00	0.00
1870.88	0.00	0.00
1870.96	0.00	0.00
1871.04	0.00	0.00
1871.13	0.00	0.00
1871.21	0.00	0.00
1871.29	0.00	0.00
1871.38	0.00	0.00
1871.46	0.00	0.00
1871.54	0.00	0.00
1871.63	0.00	0.00
1871.71	0.00	0.00
1871.79	0.00	0.00
1871.88	0.00	0.00
1871.96	0.00	0.00
1872.04	0.00	0.00
1872.13	0.00	0.00
1872.21	0.00	0.00
1872.29	0.00	0.00
1872.38	0.00	0.00
1872.46	0.00	0.00
1872.54	0.00	0.00
1872.63	0.00	0.00
1872.71	0.00	0.00
1872.79	0.00	0.00
1872.88	0.00	0.00
1872.96	0.00	0.00
1873.04	0.00	0.00
1873.13	0.00	0.00
1873.21	0.00	0.00
1873.29	0.00	0.00
1873.38	0.00	0.00
1873.46	0.00	0.00
1873.54	0.00	0.00
1873.63	0.00	0.00
1873.71	0.00	0.00
1873.79	0.00	0.00
1873.88	0.00	0.00
1873.96	0.00	0.00
1874.04	0.00	0.00
1874.13	0.00	0.00
1874.21	0.00	0.00
1874.29	0.00	0.00
1874.38	0.00	0.00
1874.46	0.00	0.00
1874.54	0.00	0.00
1874.63	0.00	0.00
1874.71	0.00	0.00
1874.79	0.00	0.00
1874.88	0.00	0.00
1874.96	0.00	0.00
1875.04	0.00	0.00
1875.13	0.00	0.00
1875.21	0.00	0.00
1875.29	0.00	0.00
1875.38	0.00	0.00
1875.46	0.00	0.00
1875.54	0.00	0.00
1875.63	0.00	0.00
1875.71	0.00	0.00
1875.79	0.00	0.00
1875.88	0.00	0.00
1875.96	0.00	0.00
1876.04	0.00	0.00
1876.13	0.00	0.00
1876.21	0.00	0.00
1876.29	0.00	0.00
1876.38	0.00	0.00
1876.46	0.00	0.00
1876.54	0.00	0.00
1876.63	0.00	0.00
1876.71	0.00	0.00
1876.79	0.00	0.00
1876.88	0.00	0.00
1876.96	0.00	0.00
1877.04	0.00	0.00
1877.13	0.00	0.00
1877.21	0.00	0.00
1877.29	0.00	0.00
1877.38	0.00	0.00
1877.46	0.00	0.00
1877.54	0.00	0.00
1877.63	0.00	0.00
1877.71	0.00	0.00
1877.79	0.00	0.00
1877.88	0.00	0.00
1877.96	0.00	0.00
1878.04	0.00	0.00
1878.13	0.00	0.00
1878.21	0.00	0.00
1878.29	0.00	0.00
1878.38	0.00	0.00
1878.46	0.00	0.00
1878.54	0.00	0.00
1878.63	0.00	0.00
1878.71	0.00	0.00
1878.79	0.00	0.00
1878.88	0.00	0.00
1878.96	0.00	0.00
1879.04	0.00	0.00
1879.13	0.00	0.00
1879.21	0.00	0.00
1879.29	0.00	0.00
1879.38	0.00	0.00
1879.46	0.00	0.00
1879.54	0.00	0.00
1879.63	0.00	0.00
1879.71	0.00	0.00
1879.79	0.00	0.00
1879.88	0.00	0.00
1879.96	0.00	0.00
1880.04	0.00	0.00
1880.13	0.00	0.00
1880.21	0.00	0.00
1880.29	0.00	0.00
1880.38	0.00	0.00
1880.46	0.00	0.00
1880.54	0.00	0.00
1880.63	0.00	0.00
1880.71	0.00	0.00
1880.79	0.00	0.00
1880.88	0.00	0.00
1880.96	0.00	0.00
1881.04	0.00	0.00
1881.13	0.00	0.00
1881.21	0.00	0.00
1881.29	0.00	0.00
1881.38	0.00	0.00
1881.46	0.00	0.00
1881.54	0.00	0.00
1881.63	0.00	0.00
1881.71	0.00	0.00
1881.79	0.00	0.00
1881.88	0.00	0.00
1881.96	0.00	0.00
1882.04	0.00	0.00
1882.13	0.00	0.00
1882.21	0.00	0.00
1882.29	0.00	0.00
1882.38	0.00	0.00
1882.46	0.00	0.00
1882.54	0.00	0.00
1882.63	0.00	0.00
1882.71	0.00	0.00
1882.79	0.00	0.00
1882.88	0.00	0.00
1882.96	0.00	0.00
1883.04	0.00	0.00
1883.13	0.00	0.00
1883.21	0.00	0.00
1883.29	0.00	0.00
1883.38	0.00	0.00
1883.46	0.00	0.00
1883.54	0.00	0.00
1883.63	0.00	0.00
1883.71	0.00	0.00
1883.79	0.00	0.00
1883.88	0.00	0.00
1883.96	0.00	0.00
1884.04	0.00	0.00
1884.13	0.00	0.00
1884.21	0.00	0.00
1884.29	0.00	0.00
1884.38	0.00	0.00
1884.46	0.00	0.00
1884.54	0.00	0.00
1884.63	0.00	0.00
1884.71	0.00	0.00
1884.79	0.00	0.00
1884.88	0.00	0.00
1884.96	0.00	0.00
1885.04	0.00	0.00
1885.13	0.00	0.00
1885.21	0.00	0.00
1885.29	0.00	0.00
1885.38	0.00	0.00
1885.46	0.00	0.00
1885.54	0.00	0.00
1885.63	0.00	0.00
1885.71	0.00	0.00
1885.79	0.00	0.00
1885.88	0.00	0.00
1885.96	0.00	0.00
1886.04	0.00	0.00
1886.13	0.00	0.00
1886.21	0.00	0.00
1886.29	0.00	0.00
1886.38	0.00	0.00
1886.46	0.00	0.00
1886.54	0.00	0.00
1886.63	0.00	0.00
1886.71	0.00	0.00
1886.79	0.00	0.00
1886.88	0.00	0.00
1886.96	0.00	0.00
1887.04	0.00	0.00
1887.13	0.00	0.00
1887.21	0.00	0.00
1887.29	0.00	0.00
1887.38	0.00	0.00
1887.46	0.00	0.00
1887.54	0.00	0.00
1887.63	0.00	0.00
1887.71	0.00	0.00
1887.79	0.00	0.00
1887.88	0.00	0.00
1887.96	0.00	0.00
1888.04	0.00	0.00
1888.13	0.00	0.00
1888.21	0.00	0.00
1888.29	0.00	0.00
1888.38	0.00	0.00
1888.46	0.00	0.00
1888.54	0.00	0.00
1888.63	0.00	0.00
1888.71	0.00	0.00
1888.79	0.00	0.00
1888.88	0.00	0.00
1888.96	0.00	0.00
1889.04	0.00	0.00
1889.13	0.00	0.00
1889.21	0.00	0.00
1889.29	0.00	0.00
1889.38	0.00	0.00
1889.46	0.00	0.00
1889.54	0.00	0.00
1889.63	0.00	0.00
1889.71	0.00	0.00
1889.79	0.00	0.00
1889.88	0.00	0.00
1889.96	0.00	0.00
1890.04	0.00	0.00
1890.13	0.00	0.00
1890.21	0.00	0.00
1890.29	0.00	0.00
1890.38	0.00	0.00
1890.46	0.00	0.00
1890.54	0.00	0.00
1890.63	0.00	0.00
1890.71	0.00	0.00
1890.79	0.00	0.00
1890.88	0.00	0.00
1890.96	0.00	0.00
1891.04	0.00	0.00
1891.13	0.00	0.00
1891.21	0.00	0.00
1891.29	0.00	0.00
1891.38	0.00	0.00
1891.46	0.00	0.00
1891.54	0.00	0.00
1891.63	0.00	0.00
1891.71	0.00	0.00
1891.79	0.00	0.00
1891.88	0.00	0.00
1891.96	0.00	0.00
1892.04	0.00	0.00
1892.13	0.00	0.00
1892.21	0.00	0.00
1892.29	0.00	0.00
1892.38	0.00	0.00
1892.46	0.00	0.00
1892.54	0.00	0.00
1892.63	0.00	0.00
1892.71	0.00	0.00
1892.79	0.00	0.00
1892.88	0.00	0.00
1892.96	0.00	0.00
1893.04	0.00	0.00
1893.13	0.00	0.00
1893.21	0.00	0.00
1893.29	0.00	0.00
1893.38	0.00	0.00
1893.46	0.00	0.00
1893.54	0.00	0.00
1893.63	0.00	0.00
1893.71	0.00	0.00
1893.79	0.00	0.00
1893.88	0.00	0.00
1893.96	0.00	0.00
1894.04	0.00	0.00
1894.13	0.00	0.00
1894.21	0.00	0.00
1894.29	0.00	0.00
1894.38	0.00	0.00
1894.46	0.00	0.00
1894.54	0.00	0.00
1894.63	0.00	0.00
1894.71	0.00	0.00
1894.79	0.00	0.00
1894.88	0.00	0.00
1894.96	0.00	0.00
1895.04	0.00	0.00
1895.13	0.00	0.00
1895.21	0.00	0.00
1895.29	0.00	0.00
1895.38	0.00	0.00
1895.46	0.00	0.00
1895.54	0.00	0.00
1895.63	0.00	0.00
1895.71	0.00	0.00
1895.79	0.00	0.00
1895.88	0.00	0.00
1895.96	0.00	0.00
1896.04	0.00	0.00
1896.13	0.00	0.00
1896.21	0.00	0.00
1896.29	0.00	0.00
1896.38	0.00	0.00
1896.46	0.00	0.00
1896.54	0.00	0.00
1896.63	0.00	0.00
1896.71	0.00	0.00
1896.79	0.00	0.00
1896.88	0.00	0.00
1896.96	0.00	0.00
1897.04	0.00	0.00
1897.13	0.00	0.00
1897.21	0.00	0.00
1897.29	0.00	0.00
1897.38	0.00	0.00
1897.46	0.00	0.00
1897.54	0.00	0.00
1897.63	0.00	0.00
1897.71	0.00	0.00
1897.79	0.00	0.00
1897.88	0.00	0.00
1897.96	0.00	0.00
1898.04	0.00	0.00
1898.13	0.00	0.00
1898.21	0.00	0.00
1898.29	0.00	0.00
1898.38	0.00	0.00
1898.46	0.00	0.00
1898.54	0.00	0.00
1898.63	0.00	0.00
1898.71	0.00	0.00
1898.79	0.00	0.00
1898.88	0.00	0.00
1898.96	0.00	0.00
1899.04	0.00	0.00
1899.13	0.00	0.00
1899.21	0.00	0.00
1899.29	0.00	0.00
1899.38	0.00	0.00
1899.46	0.00	0.00
1899.54	0.00	0.00
1899.63	0.00	0.00
1899.71	0.00	0.00
1899.79	0.00	0.00
1899.88	0.00	0.00
1899.96	0.00	0.00
1900.04	0.00	0.00
1900.13	0.00	0.00
1900.21	0.00	0.00
1900.29	0.00	0.00
1900.38	0.00	0.00
1900.46	0.00	0.00
1900.54	0.00	0.00
1900.63	0.00	0.00
1900.71	0.00	0.00
1900.79	0.00	0.00
1900.88	0.00	0.00
1900.96	0.00	0.00
1901.04	0.00	0.00
1901.13	0.00	0.00
1901.21	0.00	0.00
1901.29	0.00	0.00
1901.38	0.00	0.00
1901.46	0.00	0.00
1901.54	0.00	0.00
1901.63	0.00	0.00
1901.71	0.00	0.00
1901.79	0.00	0.00
1901.88	0.00	0.00
1901.96	0.00	0.00
1902.04	0.00	0.00
1902.13	0.00	0.00
1902.21	0.00	0.00
1902.29	0.00	0.00
1902.38	0.00	0.00
1902.46	0.00	0.00
1902.54	0.00	0.00
1902.63	0.00	0.00
1902.71	0.00	0.00
1902.79	0.00	0.00
1902.88	0.00	0.00
1902.96	0.00	0.00
1903.04	0.00	0.00
1903.13	0.00	0.00
1903.21	0.00	0.00
1903.29	0.00	0.00
1903.38	0.00	0.00
1903.46	0.00	0.00
1903.54	0.00	0.00
1903.63	0.00	0.00
1903.71	0.00	0.00
1903.79	0.00	0.00
1903.88	0.00	0.00
1903.96	0.00	0.00
1904.04	0.00	0.00
1904.13	0.00	0.00
1904.21	0.00	0.00
1904.29	0.00	0.00
1904.38	0.00	0.00
1904.46	0.00	0.00
1904.54	0.00	0.00
1904.63	0.00	0.00
1904.71	0.00	0.00
1904.79	0.00	0.00
1904.88	0.00	0.00
1904.96	0.00	0.00
1905.04	0.00	0.00
1905.13	0.00	0.00
1905.21	0.00	0.00
1905.29	0.00	0.00
1905.38	0.00	0.00
1905.46	0.00	0.00
1905.54	0.00	0.00
1905.63	0.00	0.00
1905.71	0.00	0.00
1905.79	0.00	0.00
1905.88	0.00	0.00
1905.96	0.00	0.00
1906.04	0.00	0.00
1906.13	0.00	0.00
1906.21	0.00	0.00
1906.29	0.00	0.00
1906.38	0.00	0.00
1906.46	0.00	0.00
1906.54	0.00	0.00
1906.63	0.00	0.00
1906.71	0.00	0.00
1906.79	0.00	0.00
1906.88	0.00	0.00
1906.96	0.00	0.00
1907.04	0.00	0.00
1907.13	0.00	0.00
1907.21	0.00	0.00
1907.29	0.00	0.00
1907.38	0.00	0.00
1907.46	0.00	0.00
1907.54	0.00	0.00
1907.63	0.00	0.00
1907.71	0.00	0.00
1907.79	0.00	0.00
1907.88	0.00	0.00
1907.96	0.00	0.00
1908.04	0.00	0.00
1908.13	0.00	0.00
1908.21	0.00	0.00
1908.29	0.00	0.00
1908.38	0.00	0.00
1908.46	0.00	0.00
1908.54	0.00	0.00
1908.63	0.00	0.00
1908.71	0.00	0.00
1908.79	0.00	0.00
1908.88	0.00	0.00
1908.96	0.00	0.00
1909.04	0.00	0.00
1909.13	0.00	0.00
1909.21	0.00	0.00
1909.29	0.00	0.00
1909.38	0.00	0.00
1909.46	0.00	0.00
1909.54	0.00	0.00
1909.63	0.00	0.00
1909.71	0.00	0.00
1909.79	0.00	0.00
1909.88	0.00	0.00
1909.96	0.00	0.00
1910.04	0.00	0.00
1910.13	0.00	0.00
1910.21	0.00	0.00
1910.29	0.00	0.00
1910.38	0.00	0.00
1910.46	0.00	0.00
1910.54	0.00	0.00
1910.63	0.00	0.00
1910.71	0.00	0.00
1910.79	0.00	0.00
1910.88	0.00	0.00
1910.96	0.00	0.00
1911.04	0.00	0.00
1911.13	0.00	0.00
1911.21	0.00	0.00
1911.29	0.00	0.00
1911.38	0.00	0.00
1911.46	0.00	0.00
1911.54	0.00	0.00
1911.63	0.00	0.00
1911.71	0.00	0.00
1911.79	0.00	0.00
1911.88	0.00	0.00
1911.96	0.00	0.00
1912.04	0.00	0.00
1912.13	0.00	0.00
1912.21	0.00	0.00
1912.29	0.00	0.00
1912.38	0.00	0.00
1912.46	0.00	0.00
1912.54	0.00	0.00
1912.63	0.00	0.00
1912.71	0.00	0.00
1912.79	0.00	0.00
1912.88	0.00	0.00
1912.96	0.00	0.00
1913.04	0.00	0.00
1913.13	0.00	0.00
1913.21	0.00	0.00
1913.29	0.00	0.00
1913.38	0.00	0.00
1913.46	0.00	0.00
1913.54	0.00	0.00
1913.63	0.00	0.00
1913.71	0.00	0.00
1913.79	0.00	0.00
1913.88	0.00	0.00
1913.96	0.00	0.00
1914.04	0.00	0.00
1914.13	0.00	0.00
1914.21	0.00	0.00
1914.29	0.00	0.00
1914.38	0.00	0.00
1914.46	0.00	0.00
1914.54	0.00	0.00
1914.63	0.00	0.00
1914.71	0.00	0.00
1914.79	0.00	0.00
1914.88	0.00	0.00
1914.96	0.00	0.00
1915.04	0.00	0.00
1915.13	0.00	0.00
1915.21	0.00	0.00
1915.29	0.00	0.00
1915.38	0.00	0.00
1915.46	0.00	0.00
1915.54	0.00	0.00
1915.63	0.00	0.00
1915.71	0.00	0.00
1915.79	0.00	0.00
1915.88	0.00	0.00
1915.96	0.00	0.00
1916.04	0.00	0.00
1916.13	0.00	0.00
1916.21	0.00	0.00
1916.29	0.00	0.00
1916.38	0.00	0.00
1916.46	0.00	0.00
1916.54	0.00	0.00
1916.63	0.00	0.00
1916.71	0.00	0.00
1916.79	0.00	0.00
1916.88	0.00	0.00
1916.96	0.00	0.00
1917.04	0.00	0.00
1917.13	0.00	0.00
1917.21	0.00	0.00
1917.29	0.00	0.00
1917.38	0.00	0.00
1917.46	0.00	0.00
1917.54	0.00	0.00
1917.63	0.00	0.00
1917.71	0.00	0.00
1917.79	0.00	0.00
1917.88	0.00	0.00
1917.96	0.00	0.00
1918.04	0.00	0.00
1918.13	0.00	0.00
1918.21	0.00	0.00
1918.29	0.00	0.00
1918.38	0.00	0.00
1918.46	0.00	0.00
1918.54	0.00	0.00
1918.63	0.00	0.00
1918.71	0.00	0.00
1918.79	0.00	0.00
1918.88	0.00	0.00
1918.96	0.00	0.00
1919.04	0.00	0.00
1919.13	0.00	0.00
1919.21	0.00	0.00
1919.29	0.00	0.00
1919.38	0.00	0.00
1919.46	0.00	0.00
1919.54	0.00	0.00
1919.63	0.00	0.00
1919.71	0.00	0.00
1919.79	0.00	0.00
1919.88	0.00	0.00
1919.96	0.00	0.00
1920.04	0.00	0.00
1920.13	0.00	0.00
1920.21	0.00	0.00
1920.29	0.00	0.00
1920.38	0.00	0.00
1920.46	0.00	0.00
1920.54	0.00	0.00
1920.63	0.00	0.00
1920.71	0.00	0.00
1920.79	0.00	0.00
1920.88	0.00	0.00
1920.96	0.00	0.00
1921.04	0.00	0.00
1921.13	0.00	0.00
1921.21	0.00	0.00
1921.29	0.00	0.00
1921.38	0.00	0.00
1921.46	0.00	0.00
1921.54	0.00	0.00
1921.63	0.00	0.00
1921.71	0.00	0.00
1921.79	0.00	0.00
1921.88	0.00	0.00
1921.96	0.00	0.00
1922.04	0.00	0.00
1922.13	0.00	0.00
1922.21	0.00	0.00
1922.29	0.00	0.00
1922.38	0.00	0.00
1922.46	0.00	0.00
1922.54	0.00	0.00
1922.63	0.00	0.00
1922.71	0.00	0.00
1922.79	0.00	0.00
1922.88	0.00	0.00
1922.96	0.00	0.00
1923.04	0.00	0.00
1923.13	0.00	0.00
1923.21	0.00	0.00
1923.29	0.00	0.00
1923.38	0.00	0.00
1923.46	0.00	0.00
1923.54	0.00	0.00
1923.63	0.00	0.00
1923.71	0.00	0.00
1923.79	0.00	0.00
1923.88	0.00	0.00
1923.96	0.00	0.00
1924.04	0.00	0.00
1924.13	0.00	0.00
1924.21	0.00	0.00
1924.29	0.00	0.00
1924.38	0.00	0.00
1924.46	0.00	0.00
1924.54	0.00	0.00
1924.63	0.00	0.00
1924.71	0.00	0.00
1924.79	0.00	0.00
1924.88	0.00	0.00
1924.96	0.00	0.00
1925.04	0.00	0.00
1925.13	0.00	0.00
1925.21	0.00	0.00
1925.29	0.00	0.00
1925.38	0.00	0.00
1925.46	0.00	0.00
1925.54	0.00	0.00
1925.63	0.00	0.00
1925.71	0.00	0.00
1925.79	0.00	0.00
1925.88	0.00	0.00
1925.96	0.00	0.00
1926.04	0.00	0.00
1926.13	0.00	0.00
1926.21	0.00	0.00
1926.29	0.00	0.00
1926.38	0.00	0.00
1926.46	0.00	0.00
1926.54	0.00	0.00
1926.63	0.00	0.00
1926.71	0.00	0.00
1926.79	0.00	0.00
1926.88	0.00	0.00
1926.96	0.00	0.00
1927.04	0.00	0.00
1927.13	0.00	0.00
1927.21	0.00	0.00
1927.29	0.00	0.00
1927.38	0.00	0.00
1927.46	0.00	0.00
1927.54	0.00	0.00
1927.63	0.00	0.00
1927.71	0.00	0.00
1927.79	0.00	0.00
1927.88	0.00	0.00
1927.96	0.00	0.00
1928.04	0.00	0.00
1928.13	0.00	0.00
1928.21	0.00	0.00
1928.29	0.00	0.00
1928.38	0.00	0.00
1928.46	0.00	0.00
1928.54	0.00	0.00
1928.63	0.00	0.00
1928.71	0.00	0.00
1928.79	0.00	0.00
1928.88	0.00	0.00
1928.96	0.00	0.00
1929.04	0.00	0.00
1929.13	0.00	0.00
1929.21	0.00	0.00
1929.29	0.00	0.00
1929.38	0.00	0.00
1929.46	0.00	0.00
1929.54	0.00	0.00
1929.63	0.00	0.00
1929.71	0.00	0.00
1929.79	0.00	0.00
1929.88	0.00	0.00
1929.96	0.00	0.00
1930.04	0.00	0.00
1930.13	0.00	0.00
1930.21	0.00	0.00
1930.29	0.00	0.00
1930.38	0.00	0.00
1930.46	0.00	0.00
1930.54	0.00	0.00
1930.63	0.00	0.00
1930.71	0.00	0.00
1930.79	0.00	0.00
1930.88	0.00	0.00
1930.96	0.00	0.00
1931.04	0.00	0.00
1931.13	0.00	0.00
1931.21	0.00	0.00
1931.29	0.00	0.00
1931.38	0.00	0.00
1931.46	0.00	0.00
1931.54	0.00	0.00
1931.63	0.00	0.00
1931.71	0.00	0.00
1931.79	0.00	0.00
1931.88	0.00	0.00
1931.96	0.00	0.00
1932.04	0.00	0.00
1932.13	0.00	0.00
1932.21	0.00	0.00
1932.29	0.00	0.00
1932.38	0.00	0.00
1932.46	0.00	0.00
1932.54	0.00	0.00
1932.63	0.00	0.00
1932.71	0.00	0.00
1932.79	0.00	0.00
1932.88	0.00	0.00
1932.96	0.00	0.00
1933.04	0.00	0.00
1933.13	0.00	0.00
1933.21	0.00	0.00
1933.29	0.00	0.00
1933.38	0.00	0.00
1933.46	0.00	0.00
1933.54	0.00	0.00
1933.63	0.00	0.00
1933.71	0.00	0.00
1933.79	0.00	0.00
1933.88	0.00	0.00
1933.96	0.00	0.00
1934.04	0.00	0.00
1934.13	0.00	0.00
1934.21	0.00	0.00
1934.29	0.00	0.00
1934.38	0.00	0.00
1934.46	0.00	0.00
1934.54	0.00	0.00
1934.63	0.00	0.00
1934.71	0.00	0.00
1934.79	0.00	0.00
1934.88	0.00	0.00
1934.96	0.00	0.00
1935.04	0.00	0.00
1935.13	0.00	0.00
1935.21	0.00	0.00
1935.29	0.00	0.00
1935.38	0.00	0.00
1935.46	0.00	0.00
1935.54	0.00	0.00
1935.63	0.01	0.00
1935.71	0.02	0.00
1935.79	0.03	0.00
1935.88	0.04	0.00
1935.96	0.05	0.00
1936.04	0.05	0.00
1936.13	0.06	0.00
1936.21	0.07	0.00
1936.29	0.08	0.00
1936.38	0.09	0.00
1936.46	0.10	0.00
1936.54	0.10	0.00
1936.63	0.10	0.00
1936.71	0.10	0.00
1936.79	0.10	0.00
1936.88	0.10	0.00
1936.96	0.10	0.00
1937.04	0.10	0.00
1937.13	0.10	0.00
1937.21	0.10	0.00
1937.29	0.10	0.00
1937.38	0.10	0.00
1937.46	0.10	0.00
1937.54	0.10	0.00
1937.63	0.11	0.00
1937.71	0.12	0.00
1937.79	0.13	0.00
1937.88	0.14	0.00
1937.96	0.15	0.00
1938.04	0.15	0.00
1938.13	0.16	0.00
1938.21	0.17	0.00
1938.29	0.18	0.00
1938.38	0.19	0.00
1938.46	0.20	0.00
1938.54	0.20	0.00
1938.63	0.21	0.00
1938.71	0.22	0.00
1938.79	0.23	0.00
1938.88	0.24	0.00
1938.96	0.25	0.00
1939.04	0.25	0.00
1939.13	0.26	0.00
1939.21	0.27	0.00
1939.29	0.28	0.00
1939.38	0.29	0.00
1939.46	0.30	0.00
1939.54	0.30	0.00
1939.63	0.31	0.00
1939.71	0.32	0.00
1939.79	0.33	0.00
1939.88	0.34	0.00
1939.96	0.35	0.00
1940.04	0.35	0.00
1940.13	0.36	0.00
1940.21	0.37	0.00
1940.29	0.38	0.00
1940.38	0.39	0.00
1940.46	0.40	0.00
1940.54	0.40	0.00
1940.63	0.41	0.00
1940.71	0.42	0.00
1940.79	0.43	0.00
1940.88	0.44	0.00
1940.96	0.45	0.00
1941.04	0.45	0.00
1941.13	0.46	0.00
1941.21	0.47	0.00
1941.29	0.48	0.00
1941.38	0.49	0.00
1941.46	0.50	0.00
1941.54	0.51	0.00
1941.63	0.53	0.00
1941.71	0.54	0.00
1941.79	0.56	0.00
1941.88	0.58	0.00
1941.96	0.59	0.00
1942.04	0.61	0.00
1942.13	0.63	0.00
1942.21	0.64	0.00
1942.29	0.66	0.00
1942.38	0.68	0.00
1942.46	0.69	0.00
1942.54	0.71	0.00
1942.63	0.73	0.00
1942.71	0.74	0.00
1942.79	0.76	0.00
1942.88	0.78	0.00
1942.96	0.79	0.00
1943.04	0.81	0.00
1943.13	0.83	0.00
1943.21	0.84	0.00
1943.29	0.86	0.00
1943.38	0.88	0.00
1943.46	0.89	0.00
1943.54	0.91	0.00
1943.63	0.94	0.00
1943.71	0.96	0.00
1943.79	0.99	0.00
1943.88	1.01	0.00
1943.96	1.04	0.00
1944.04	1.06	0.00
1944.13	1.09	0.00
1944.21	1.11	0.00
1944.29	1.14	0.00
1944.38	1.16	0.00
1944.46	1.19	0.00
1944.54	1.22	0.00
1944.63	1.26	0.00
1944.71	1.30	0.00
1944.79	1.35	0.00
1944.88	1.39	0.00
1944.96	1.43	0.00
1945.04	1.47	0.00
1945.13	1.51	0.00
1945.21	1.55	0.00
1945.29	1.60	0.00
1945.38	1.64	0.00
1945.46	1.68	0.00
1945.54	1.73	0.00
1945.63	1.78	0.00
1945.71	1.82	0.00
1945.79	1.88	0.00
1945.88	1.93	0.00
1945.96	1.97	0.00
1946.04	2.03	0.10
1946.13	2.08	0.10
1946.21	2.12	0.10
1946.29	2.18	0.10
1946.38	2.23	0.10
1946.46	2.27	0.10
1946.54	2.37	0.10
1946.63	2.52	0.10
1946.71	2.67	0.10
1946.79	2.82	0.10
1946.88	2.96	0.10
1946.96	3.11	0.10
1947.04	3.26	0.10
1947.13	3.41	0.10
1947.21	3.55	0.10
1947.29	3.70	0.10
1947.38	3.85	0.10
1947.46	4.00	0.10
1947.54	4.13	0.10
1947.63	4.26	0.10
1947.71	4.38	0.10
1947.79	4.51	0.10
1947.88	4.63	0.10
1947.96	4.75	0.10
1948.04	4.88	0.10
1948.13	5.00	0.10
1948.21	5.13	0.10
1948.29	5.25	0.10
1948.38	5.37	0.10
1948.46	5.50	0.10
1948.54	5.61	0.10
1948.63	5.72	0.10
1948.71	5.83	0.10
1948.79	5.93	0.10
1948.88	6.04	0.10
1948.96	6.14	0.10
1949.04	6.25	0.10
1949.13	6.35	0.10
1949.21	6.46	0.10
1949.29	6.57	0.10
1949.38	6.67	0.10
1949.46	6.78	0.10
1949.54	6.90	0.10
1949.63	7.03	0.10
1949.71	7.16	0.10
1949.79	7.29	0.10
1949.88	7.42	0.10
1949.96	7.55	0.10
1950.04	7.68	0.20
1950.13	7.81	0.20
1950.21	7.94	0.20
1950.29	8.07	0.20
1950.38	8.20	0.20
1950.46	8.33	0.20
1950.54	8.46	0.20
1950.63	8.60	0.20
1950.71	8.73	0.20
1950.79	8.87	0.20
1950.88	9.00	0.20
1950.96	9.14	0.20
1951.04	9.27	0.20
1951.13	9.41	0.20
1951.21	9.55	0.20
1951.29	9.68	0.20
1951.38	9.82	0.20
1951.46	9.95	0.20
1951.54	10.10	0.20
1951.63	10.25	0.20
1951.71	10.41	0.20
1951.79	10.56	0.20
1951.88	10.72	0.20
1951.96	10.87	0.20
1952.04	11.03	0.20
1952.13	11.18	0.20
1952.21	11.34	0.20
1952.29	11.49	0.20
1952.38	11.65	0.20
1952.46	11.80	0.20
1952.54	11.96	0.20
1952.63	12.11	0.20
1952.71	12.26	0.20
1952.79	12.41	0.20
1952.88	12.56	0.20
1952.96	12.71	0.20
1953.04	12.86	0.30
1953.13	13.01	0.30
1953.21	13.16	0.30
1953.29	13.31	0.30
1953.38	13.46	0.30
1953.46	13.61	0.30
1953.54	13.78	0.30
1953.63	13.97	0.30
1953.71	14.17	0.30
1953.79	14.36	0.30
1953.88	14.55	0.30
1953.96	14.75	0.30
1954.04	14.94	0.30
1954.13	15.13	0.30
1954.21	15.33	0.30
1954.29	15.52	0.30
1954.38	15.71	0.30
1954.46	15.91	0.30
1954.54	16.10	0.30
1954.63	16.31	0.30
1954.71	16.51	0.30
1954.79	16.72	0.30
1954.88	16.92	0.30
1954.96	17.13	0.30
1955.04	17.33	0.40
1955.13	17.54	0.40
1955.21	17.74	0.40
1955.29	17.95	0.40
1955.38	18.15	0.40
1955.46	18.36	0.40
1955.54	18.58	0.40
1955.63	18.83	0.40
1955.71	19.07	0.40
1955.79	19.31	0.40
1955.88	19.56	0.40
1955.96	19.80	0.40
1956.04	20.04	0.40
1956.13	20.29	0.40
1956.21	20.53	0.40
1956.29	20.77	0.40
1956.38	21.02	0.40
1956.46	21.26	0.40
1956.54	21.52	0.40
1956.63	21.80	0.40
1956.71	22.07	0.40
1956.79	22.35	0.40
1956.88	22.63	0.40
1956.96	22.90	0.40
1957.04	23.18	0.50
1957.13	23.46	0.50
1957.21	23.73	0.50
1957.29	24.01	0.50
1957.38	24.29	0.50
1957.46	24.56	0.50
1957.54	24.85	0.50
1957.63	25.14	0.50
1957.71	25.42	0.50
1957.79	25.71	0.50
1957.88	26.00	0.50
1957.96	26.29	0.50
1958.04	26.58	0.60
1958.13	26.87	0.60
1958.21	27.15	0.60
1958.29	27.44	0.60
1958.38	27.73	0.60
1958.46	28.02	0.60
1958.54	28.32	0.60
1958.63	28.64	0.60
1958.71	28.95	0.60
1958.79	29.27	0.60
1958.88	29.58	0.60
1958.96	29.90	0.60
1959.04	30.22	0.60
1959.13	30.53	0.60
1959.21	30.85	0.60
1959.29	31.16	0.60
1959.38	31.48	0.60
1959.46	31.80	0.60
1959.54	32.15	0.60
1959.63	32.55	0.60
1959.71	32.94	0.60
1959.79	33.34	0.60
1959.88	33.73	0.60
1959.96	34.13	0.60
1960.04	34.52	0.70
1960.13	34.92	0.70
1960.21	35.31	0.70
1960.29	35.71	0.70
1960.38	36.10	0.70
1960.46	36.50	0.70
1960.54	36.91	0.70
1960.63	37.34	0.70
1960.71	37.77	0.70
1960.79	38.20	0.70
1960.88	38.63	0.70
1960.96	39.05	0.70
1961.04	39.48	0.80
1961.13	39.91	0.80
1961.21	40.34	0.80
1961.29	40.77	0.80
1961.38	41.20	0.80
1961.46	41.63	0.80
1961.54	42.10	0.80
1961.63	42.60	0.80
1961.71	43.10	0.80
1961.79	43.61	0.80
1961.88	44.11	0.80
1961.96	44.61	0.80
1962.04	45.12	0.90
1962.13	45.62	0.90
1962.21	46.12	0.90
1962.29	46.63	0.90
1962.38	47.13	0.90
1962.46	47.63	0.90
1962.54	48.18	0.90
1962.63	48.76	0.90
1962.71	49.34	0.90
1962.79	49.92	0.90
1962.88	50.50	0.90
1962.96	51.08	0.90
1963.04	51.66	1.10
1963.13	52.24	1.10
1963.21	52.82	1.10
1963.29	53.40	1.10
1963.38	53.98	1.10
1963.46	54.57	1.10
1963.54	55.20	1.10
1963.63	55.89	1.10
1963.71	56.58	1.10
1963.79	57.27	1.10
1963.88	57.95	1.10
1963.96	58.64	1.10
1964.04	59.33	1.20
1964.13	60.02	1.20
1964.21	60.71	1.20
1964.29	61.40	1.20
1964.38	62.08	1.20
1964.46	62.77	1.20
1964.54	63.50	1.20
1964.63	64.27	1.20
1964.71	65.03	1.20
1964.79	65.80	1.20
1964.88	66.57	1.20
1964.96	67.33	1.20
1965.04	68.10	1.40
1965.13	68.87	1.40
1965.21	69.63	1.40
1965.29	70.40	1.40
1965.38	71.17	1.40
1965.46	71.93	1.40
1965.54	72.74	1.40
1965.63	73.59	1.40
1965.71	74.44	1.40
1965.79	75.29	1.40
1965.88	76.14	1.40
1965.96	76.99	1.40
1966.04	77.84	1.60
1966.13	78.69	1.60
1966.21	79.54	1.60
1966.29	80.39	1.60
1966.38	81.24	1.60
1966.46	82.09	1.60
1966.54	83.00	1.60
1966.63	83.95	1.60
1966.71	84.91	1.60
1966.79	85.86	1.60
1966.88	86.82	1.60
1966.96	87.77	1.60
1967.04	88.73	1.80
1967.13	89.68	1.80
1967.21	90.64	1.80
1967.29	91.59	1.80
1967.38	92.55	1.80
1967.46	93.50	1.80
1967.54	94.52	1.80
1967.63	95.60	1.80
1967.71	96.67	1.80
1967.79	97.75	1.80
1967.88	98.83	1.80
1967.96	99.90	1.80
1968.04	100.98	2.00
1968.13	102.06	2.00
1968.21	103.13	2.00
1968.29	104.21	2.00
1968.38	105.29	2.00
1968.46	106.36	2.00
1968.54	107.50	2.00
1968.63	108.69	2.00
1968.71	109.88	2.00
1968.79	111.08	2.00
1968.88	112.27	2.00
1968.96	113.47	2.00
1969.04	114.66	2.30
1969.13	115.85	2.30
1969.21	117.05	2.30
1969.29	118.24	2.30
1969.38	119.43	2.30
1969.46	120.63	2.30
1969.54	121.88	2.30
1969.63	123.19	2.30
1969.71	124.50	2.30
1969.79	125.81	2.30
1969.88	127.12	2.30
1969.96	128.43	2.30
1970.04	129.74	2.60
1970.13	131.05	2.60
1970.21	132.36	2.60
1970.29	133.67	2.60
1970.38	134.98	2.60
1970.46	136.29	2.60
1970.54	137.64	2.60
1970.63	139.02	2.60
1970.71	140.40	2.60
1970.79	141.79	2.60
1970.88	143.17	2.60
1970.96	144.55	2.60
1971.04	145.94	2.90
1971.13	147.32	2.90
1971.21	148.70	2.90
1971.29	150.09	2.90
1971.38	151.47	2.90
1971.46	152.85	2.90
1971.54	154.31	2.90
1971.63	155.83	2.90
1971.71	157.35	2.90
1971.79	158.87	2.90
1971.88	160.39	2.90
1971.96	161.91	2.90
1972.04	163.43	3.20
1972.13	164.95	3.20
1972.21	166.47	3.20
1972.29	167.99	3.20
1972.38	169.51	3.20
1972.46	171.04	3.20
1972.54	172.64	3.20
1972.63	174.31	3.20
1972.71	175.99	3.20
1972.79	177.67	3.20
1972.88	179.35	3.20
1972.96	181.03	3.20
1973.04	182.71	3.60
1973.13	184.38	3.60
1973.21	186.06	3.60
1973.29	187.74	3.60
1973.38	189.42	3.60
1973.46	191.10	3.60
1973.54	192.85	3.60
1973.63	194.68	3.60
1973.71	196.51	3.60
1973.79	198.34	3.60
1973.88	200.17	3.60
1973.96	201.99	3.60
1974.04	203.82	4.00
1974.13	205.65	4.00
1974.21	207.48	4.00
1974.29	209.31	4.00
1974.38	211.14	4.00
1974.46	212.97	4.00
1974.54	214.75	4.00
1974.63	216.49	4.00
1974.71	218.23	4.00
1974.79	219.97	4.00
1974.88	221.71	4.00
1974.96	223.45	4.00
1975.04	225.19	4.30
1975.13	226.93	4.30
1975.21	228.67	4.30
1975.29	230.41	4.30
1975.38	232.15	4.30
1975.46	233.89	4.30
1975.54	235.57	4.30
1975.63	237.21	4.30
1975.71	238.84	4.30
1975.79	240.47	4.30
1975.88	242.10	4.30
1975.96	243.73	4.30
1976.04	245.36	4.50
1976.13	246.99	4.50
1976.21	248.62	4.50
1976.29	250.25	4.50
1976.38	251.88	4.50
1976.46	253.51	4.50
1976.54	255.10	4.50
1976.63	256.65	4.50
1976.71	258.20	4.50
1976.79	259.75	4.50
1976.88	261.30	4.50
1976.96	262.85	4.50
1977.04	264.40	4.70
1977.13	265.95	4.70
1977.21	267.50	4.70
1977.29	269.05	4.70
1977.38	270.60	4.70
1977.46	272.15	4.70
1977.54	273.63	4.70
1977.63	275.03	4.70
1977.71	276.43	4.70
1977.79	277.83	4.70
1977.88	279.23	4.70
1977.96	280.64	4.70
1978.04	282.04	4.90
1978.13	283.44	4.90
1978.21	284.84	4.90
1978.29	286.24	4.90
1978.38	287.64	4.90
1978.46	289.04	4.90
1978.54	290.70	4.90
1978.63	292.62	4.90
1978.71	294.54	4.90
1978.79	296.46	4.90
1978.88	298.38	4.90
1978.96	300.30	4.90
1979.04	302.22	2.60
1979.13	304.14	2.60
1979.21	306.05	2.60
1979.29	307.97	2.60
1979.38	309.89	2.60
1979.46	311.81	2.60
1979.54	313.42	2.60
1979.63	314.73	2.60
1979.71	316.04	2.60
1979.79	317.35	2.60
1979.88	318.66	2.60
1979.96	319.97	2.60
1980.04	321.28	4.00
1980.13	322.59	4.00
1980.21	323.90	4.00
1980.29	325.21	4.00
1980.38	326.52	4.00
1980.46	327.83	4.00
1980.54	329.17	4.00
1980.63	330.54	4.00
1980.71	331.91	4.00
1980.79	333.28	4.00
1980.88	334.65	4.00
1980.96	336.02	4.00
1981.04	337.40	3.20
1981.13	338.77	3.20
1981.21	340.14	3.20
1981.29	341.51	3.20
1981.38	342.88	3.20
1981.46	344.25	3.20
1981.54	345.47	3.20
1981.63	346.54	3.20
1981.71	347.61	3.20
1981.79	348.68	3.20
1981.88	349.75	3.20
1981.96	350.81	3.20
1982.04	351.88	4.40
1982.13	352.95	4.40
1982.21	354.02	4.40
1982.29	355.09	4.40
1982.38	356.16	4.40
1982.46	357.23	4.40
1982.54	358.44	4.40
1982.63	359.80	4.40
1982.71	361.16	4.40
1982.79	362.52	4.40
1982.88	363.88	4.40
1982.96	365.23	4.40
1983.04	366.59	5.30
1983.13	367.95	5.30
1983.21	369.31	5.30
1983.29	370.67	5.30
1983.38	372.03	5.30
1983.46	373.38	5.30
1983.54	374.77	5.30
1983.63	376.19	5.30
1983.71	377.61	5.30
1983.79	379.02	5.30
1983.88	380.44	5.30
1983.96	381.86	5.30
1984.04	383.27	2.80
1984.13	384.69	2.80
1984.21	386.11	2.80
1984.29	387.52	2.80
1984.38	388.94	2.80
1984.46	390.36	2.80
1984.54	391.82	2.80
1984.63	393.32	2.80
1984.71	394.82	2.80
1984.79	396.32	2.80
1984.88	397.82	2.80
1984.96	399.32	2.80
1985.04	400.82	2.50
1985.13	402.32	2.50
1985.21	403.82	2.50
1985.29	405.32	2.50
1985.38	406.82	2.50
1985.46	408.32	2.50
1985.54	409.98	2.50
1985.63	411.80	2.50
1985.71	413.62	2.50
1985.79	415.44	2.50
1985.88	417.26	2.50
1985.96	419.09	2.50
1986.04	420.91	3.80
1986.13	422.73	3.80
1986.21	424.55	3.80
1986.29	426.37	3.80
1986.38	428.20	3.80
1986.46	430.02	3.80
1986.54	431.73	3.80
1986.63	433.35	3.80
1986.71	434.96	3.80
1986.79	436.57	3.80
1986.88	438.18	3.80
1986.96	439.79	3.80
1987.04	441.40	4.30
1987.13	443.02	4.30
1987.21	444.63	4.30
1987.29	446.24	4.30
1987.38	447.85	4.30
1987.46	449.46	4.30
1987.54	451.18	4.30
1987.63	453.01	4.30
1987.71	454.83	4.30
1987.79	456.66	4.30
1987.88	458.48	4.30
1987.96	460.31	4.30
1988.04	462.14	2.90
1988.13	463.96	2.90
1988.21	465.79	2.90
1988.29	467.61	2.90
1988.38	469.44	2.90
1988.46	471.27	2.90
1988.54	472.90	2.90
1988.63	474.33	2.90
1988.71	475.77	2.90
1988.79	477.21	2.90
1988.88	478.64	2.90
1988.96	480.08	2.90
1989.04	481.52	2.90
1989.13	482.95	2.90
1989.21	484.39	2.90
1989.29	485.83	2.90
1989.38	487.26	2.90
1989.46	488.70	2.90
1989.54	489.95	2.90
1989.63	491.02	2.90
1989.71	492.10	2.90
1989.79	493.17	2.90
1989.88	494.24	2.90
1989.96	495.31	2.90
1990.04	496.39	2.80
1990.13	497.46	2.80
1990.21	498.53	2.80
1990.29	499.60	2.80
1990.38	500.67	2.80
1990.46	501.75	2.80
1990.54	502.56	2.80
1990.63	503.10	2.80
1990.71	503.65	2.80
1990.79	504.19	2.80
1990.88	504.74	2.80
1990.96	505.29	2.80
1991.04	505.83	2.90
1991.13	506.38	2.90
1991.21	506.93	2.90
1991.29	507.47	2.90
1991.38	508.02	2.90
1991.46	508.56	2.90
1991.54	509.30	2.90
1991.63	510.22	2.90
1991.71	511.14	2.90
1991.79	512.06	2.90
1991.88	512.97	2.90
1991.96	513.89	2.90
1992.04	514.81	2.30
1992.13	515.73	2.30
1992.21	516.65	2.30
1992.29	517.57	2.30
1992.38	518.49	2.30
1992.46	519.41	2.30
1992.54	520.11	2.30
1992.63	520.58	2.30
1992.71	521.06	2.30
1992.79	521.54	2.30
1992.88	522.01	2.30
1992.96	522.49	2.30
1993.04	522.97	1.50
1993.13	523.44	1.50
1993.21	523.92	1.50
1993.29	524.40	1.50
1993.38	524.87	1.50
1993.46	525.35	1.50
1993.54	525.81	1.50
1993.63	526.26	1.50
1993.71	526.70	1.50
1993.79	527.15	1.50
1993.88	527.60	1.50
1993.96	528.05	1.50
1994.04	528.49	1.40
1994.13	528.94	1.40
1994.21	529.39	1.40
1994.29	529.84	1.40
1994.38	530.28	1.40
1994.46	530.73	1.40
1994.54	531.15	1.40
1994.63	531.55	1.40
1994.71	531.95	1.40
1994.79	532.35	1.40
1994.88	532.75	1.40
1994.96	533.15	1.40
1995.04	533.55	0.50
1995.13	533.95	0.50
1995.21	534.35	0.50
1995.29	534.75	0.50
1995.38	535.15	0.50
1995.46	535.54	0.50
1995.54	535.88	0.50
1995.63	536.16	0.50
1995.71	536.43	0.50
1995.79	536.71	0.50
1995.88	536.99	0.50
1995.96	537.26	0.50
1996.04	537.54	0.40
1996.13	537.81	0.40
1996.21	538.09	0.40
1996.29	538.36	0.40
1996.38	538.64	0.40
1996.46	538.92	0.40
1996.54	539.16	0.40
1996.63	539.39	0.40
1996.71	539.61	0.40
1996.79	539.83	0.40
1996.88	540.05	0.40
1996.96	540.27	0.40
1997.04	540.49	0.40
1997.13	540.72	0.40
1997.21	540.94	0.40
1997.29	541.16	0.40
1997.38	541.38	0.40
1997.46	541.60	0.40
1997.54	541.78	0.40
1997.63	541.93	0.40
1997.71	542.07	0.40
1997.79	542.22	0.40
1997.88	542.36	0.40
1997.96	542.51	0.40
1998.04	542.65	0.40
1998.13	542.79	0.40
1998.21	542.94	0.40
1998.29	543.08	0.40
1998.38	543.23	0.40
1998.46	543.37	0.40
1998.54	543.50	0.40
1998.63	543.63	0.40
1998.71	543.75	0.40
1998.79	543.87	0.40
1998.88	544.00	0.40
1998.96	544.12	0.40
1999.04	544.24	0.40
1999.13	544.37	0.40
1999.21	544.49	0.40
1999.29	544.61	0.40
1999.38	544.74	0.40
1999.46	544.86	0.40
1999.54	545.03	0.40
1999.63	545.24	0.40
1999.71	545.44	0.40
1999.79	545.65	0.40
1999.88	545.86	0.40
1999.96	546.07	0.40
2000.04	546.28	0.40
2000.13	546.49	0.40
2000.21	546.70	0.40
2000.29	546.91	0.40
2000.38	547.12	0.40
2000.46	547.33	0.40
2000.54	547.43	0.40
2000.63	547.43	0.40
2000.71	547.42	0.40
2000.79	547.42	0.40
2000.88	547.42	0.40
2000.96	547.41	0.40
2001.04	547.41	0.40
2001.13	547.41	0.40
2001.21	547.40	0.40
2001.29	547.40	0.40
2001.38	547.40	0.40
2001.46	547.39	0.40
2001.54	547.37	0.40
2001.63	547.32	0.40
2001.71	547.27	0.40
2001.79	547.22	0.40
2001.88	547.17	0.40
2001.96	547.12	0.40
2002.04	547.07	0.40
2002.13	547.02	0.40
2002.21	546.97	0.40
2002.29	546.92	0.40
2002.38	546.87	0.40
2002.46	546.82	0.40
2002.54	546.79	0.40
2002.63	546.76	0.40
2002.71	546.74	0.40
2002.79	546.71	0.40
2002.88	546.69	0.40
2002.96	546.66	0.40
2003.04	546.64	0.40
2003.13	546.61	0.40
2003.21	546.59	0.40
2003.29	546.56	0.40
2003.38	546.54	0.40
2003.46	546.51	0.40
2003.54	546.53	0.40
2003.63	546.59	0.40
2003.71	546.64	0.40
2003.79	546.70	0.40
2003.88	546.76	0.40
2003.96	546.82	0.40
2004.04	546.87	0.40
2004.13	546.93	0.40
2004.21	546.99	0.40
2004.29	547.05	0.40
2004.38	547.10	0.40
2004.46	547.16	0.40
2004.54	547.16	0.40
2004.63	547.10	0.40
2004.71	547.05	0.40
2004.79	546.99	0.40
2004.88	546.93	0.40
2004.96	546.87	0.40
2005.04	546.82	0.40
2005.13	546.76	0.40
2005.21	546.70	0.40
2005.29	546.64	0.40
2005.38	546.59	0.40
2005.46	546.53	0.40
2005.54	546.42	0.40
2005.63	546.25	0.40
2005.71	546.08	0.40
2005.79	545.91	0.40
2005.88	545.75	0.40
2005.96	545.58	0.40
2006.04	545.41	0.40
2006.13	545.24	0.40
2006.21	545.08	0.40
2006.29	544.91	0.40
2006.38	544.74	0.40
2006.46	544.57	0.40
2006.54	544.38	0.40
2006.63	544.16	0.40
2006.71	543.93	0.40
2006.79	543.71	0.40
2006.88	543.49	0.40
2006.96	543.27	0.40
2007.04	543.04	0.40
2007.13	542.82	0.40
2007.21	542.60	0.40
2007.29	542.38	0.40
2007.38	542.15	0.40
2007.46	541.93	0.40
2007.54	541.77	0.40
2007.63	541.67	0.40
2007.71	541.56	0.40
2007.79	541.46	0.40
2007.88	541.36	0.40
2007.96	541.26	0.40
2008.04	541.15	0.40
2008.13	541.05	0.40
2008.21	540.95	0.40
2008.29	540.85	0.40
2008.38	540.74	0.40
2008.46	540.64	0.40
2008.54	540.54	0.40
2008.63	540.44	0.40
2008.71	540.33	0.40
2008.79	540.23	0.40
2008.88	540.13	0.40
2008.96	540.03	0.40