CFC-113 history for the northern hemisphere by Christo Buizert, CIC copenhagen
Yr	NEEM monthly
1800.00 0.00
1959.50	0.00
1960.50	0.00
1961.50	0.10
1962.50	0.30
1963.50	0.50
1964.50	0.80
1965.50	1.10
1966.50	1.50
1967.50	2.00
1968.50	2.60
1969.50	3.30
1970.50	4.20
1971.50	5.10
1972.50	6.20
1973.50	7.50
1974.50	8.90
1975.50	10.60
1976.50	12.40
1977.50	14.50
1978.50	16.90
1979.50	19.60
1980.50	22.60
1981.50	25.80
1982.50	29.10
1983.50	32.90
1984.50	37.80
1985.50	43.90
1986.50	48.00
1987.50	55.80
1988.50	63.50
1989.50	69.50
1990.50	75.20
1991.50	80.50
1992.50	83.50
1993.50	84.20
1994.50	84.10
1995.50	84.20
1995.63	85.27
1995.66	84.53
1995.67	84.70
1995.86	84.43
1995.88	84.55
1995.90	84.66
1995.92	84.08
1995.94	85.23
1996.03	84.47
1996.07	85.17
1996.13	84.51
1996.17	84.73
1996.19	85.00
1996.26	85.16
1996.32	84.77
1996.36	85.12
1996.40	84.73
1996.44	85.47
1996.47	84.33
1996.51	84.49
1996.53	84.25
1996.65	84.50
1996.67	84.27
1996.74	84.46
1996.78	84.88
1996.86	84.75
1996.87	84.53
1996.95	84.03
1997.05	83.75
1997.10	84.64
1997.16	83.74
1997.19	84.54
1997.20	83.62
1997.41	84.81
1997.43	84.48
1997.47	84.00
1997.51	83.79
1997.76	83.76
1997.77	84.26
1997.79	84.12
1997.81	84.10
1997.99	84.11
1998.04	84.23
1998.08	83.58
1998.24	83.09
1998.27	83.57
1998.33	83.25
1998.39	83.17
1998.41	82.87
1998.43	82.76
1998.45	83.37
1998.54	83.45
1998.58	83.03
1998.60	83.53
1998.62	83.22
1998.66	82.49
1998.69	82.17
1998.71	82.54
1998.73	82.64
1998.75	82.88
1998.79	83.34
1998.81	82.89
1998.85	81.89
1998.87	82.74
1998.91	82.49
1998.92	83.29
1998.95	83.12
1999.00	82.80
1999.02	82.96
1999.06	83.20
1999.12	82.44
1999.13	82.33
1999.18	83.70
1999.20	83.37
1999.22	82.63
1999.33	82.91
1999.37	81.75
1999.39	83.01
1999.41	82.69
1999.47	82.29
1999.48	81.98
1999.50	82.12
1999.52	81.65
1999.56	81.93
1999.60	82.73
1999.62	82.16
1999.65	82.44
1999.73	81.99
1999.77	81.88
1999.79	81.84
1999.80	81.69
1999.86	81.96
2000.02	81.82
2000.04	82.55
2000.05	82.07
2000.08	82.69
2000.11	81.96
2000.13	82.06
2000.15	82.27
2000.17	82.23
2000.21	81.84
2000.25	81.83
2000.27	81.92
2000.29	81.28
2000.30	82.20
2000.35	82.57
2000.36	81.92
2000.38	82.50
2000.44	81.87
2000.52	81.98
2000.54	82.73
2000.61	82.11
2000.63	82.13
2000.65	82.12
2000.67	81.75
2000.84	81.50
2000.86	81.96
2000.88	81.86
2000.90	81.71
2000.94	82.08
2000.96	81.69
2000.97	81.83
2001.09	81.85
2001.11	81.62
2001.14	81.81
2001.17	81.48
2001.20	82.18
2001.25	82.20
2001.34	81.64
2001.36	80.95
2001.38	81.72
2001.40	81.61
2001.42	81.97
2001.44	82.22
2001.50	81.95
2001.51	81.91
2001.53	81.37
2001.55	81.09
2001.57	81.62
2001.59	81.63
2001.61	81.21
2001.63	81.03
2001.65	80.83
2001.67	81.42
2001.69	81.23
2001.70	81.68
2001.72	81.31
2001.74	81.42
2001.78	81.62
2001.80	81.33
2001.82	81.79
2001.84	81.82
2001.86	81.45
2001.87	81.49
2001.89	82.00
2001.93	81.44
2001.96	81.08
2001.97	81.65
2002.00	80.87
2002.01	81.69
2002.03	81.40
2002.05	81.32
2002.07	81.59
2002.14	81.88
2002.16	82.63
2002.19	81.19
2002.20	81.54
2002.25	81.45
2002.26	81.69
2002.28	81.27
2002.30	81.74
2002.32	81.76
2002.34	81.80
2002.36	82.06
2002.38	81.83
2002.40	81.81
2002.42	81.09
2002.44	81.35
2002.49	80.82
2002.51	80.93
2002.55	80.90
2002.58	80.56
2002.59	80.74
2002.68	80.40
2002.70	80.62
2002.76	81.30
2002.78	80.57
2002.80	80.42
2002.82	80.61
2002.83	80.32
2002.85	80.49
2002.87	80.49
2002.89	80.93
2002.93	80.82
2002.97	80.58
2002.99	79.82
2003.01	80.83
2003.07	80.32
2003.08	80.20
2003.10	80.64
2003.12	80.59
2003.14	80.96
2003.16	80.69
2003.20	80.62
2003.24	80.65
2003.26	80.59
2003.28	80.48
2003.34	80.58
2003.36	80.71
2003.37	80.34
2003.39	80.42
2003.42	80.40
2003.43	80.36
2003.45	80.37
2003.47	80.32
2003.49	80.48
2003.51	79.96
2003.53	79.87
2003.55	79.70
2003.58	80.06
2003.60	79.72
2003.62	80.03
2003.65	79.31
2003.66	79.62
2003.68	80.12
2003.70	79.88
2003.72	79.82
2003.74	79.99
2003.76	79.81
2003.77	79.50
2003.79	80.25
2003.83	80.00
2003.85	79.96
2003.87	80.00
2003.91	79.91
2003.93	79.50
2003.95	80.51
2003.97	79.54
2003.99	79.93
2004.01	79.50
2004.02	79.74
2004.04	79.77
2004.08	79.97
2004.12	79.90
2004.14	79.94
2004.15	80.25
2004.18	80.00
2004.20	79.56
2004.22	79.19
2004.24	79.23
2004.25	79.91
2004.27	79.50
2004.29	79.60
2004.33	79.47
2004.37	79.68
2004.39	79.66
2004.40	79.48
2004.42	79.42
2004.44	79.16
2004.49	80.13
2004.50	79.65
2004.52	79.41
2004.54	79.46
2004.56	79.21
2004.58	79.18
2004.60	78.92
2004.61	79.18
2004.63	79.05
2004.65	79.02
2004.67	79.32
2004.69	79.20
2004.71	78.97
2004.73	78.82
2004.75	78.99
2004.77	79.38
2004.79	79.33
2004.80	79.16
2004.83	78.90
2004.85	78.90
2004.87	78.78
2004.88	78.93
2004.92	79.23
2004.96	79.47
2004.98	79.40
2005.00	79.32
2005.01	79.55
2005.03	79.05
2005.05	79.02
2005.09	78.97
2005.11	79.34
2005.15	78.78
2005.17	79.22
2005.20	79.01
2005.21	79.30
2005.27	79.36
2005.29	78.80
2005.30	79.51
2005.32	78.84
2005.36	79.45
2005.38	78.54
2005.40	79.32
2005.42	78.95
2005.44	78.46
2005.46	78.91
2005.52	78.97
2005.54	79.00
2005.57	78.77
2005.59	79.15
2005.61	78.70
2005.63	78.40
2005.65	78.55
2005.67	78.52
2005.69	78.57
2005.71	78.49
2005.73	78.80
2005.74	78.10
2005.77	78.42
2005.78	78.53
2005.80	78.73
2005.83	78.81
2005.84	78.89
2005.86	78.73
2005.90	78.10
2005.92	78.22
2005.94	78.16
2005.96	78.43
2005.97	78.18
2005.99	78.72
2006.02	78.70
2006.03	78.29
2006.05	78.66
2006.07	78.58
2006.09	78.64
2006.11	78.58
2006.13	78.12
2006.15	78.59
2006.17	78.00
2006.19	78.60
2006.21	78.73
2006.23	77.84
2006.25	78.18
2006.27	78.50
2006.28	78.41
2006.30	78.11
2006.32	78.98
2006.35	78.35
2006.36	77.85
2006.39	78.38
2006.42	78.28
2006.44	78.74
2006.48	78.62
2006.49	78.24
2006.52	78.41
2006.54	78.55
2006.55	78.31
2006.58	77.93
2006.59	78.66
2006.61	78.05
2006.63	78.81
2006.65	78.28
2006.69	78.03
2006.71	78.20
2006.72	78.04
2006.75	77.49
2006.78	78.23
2006.80	77.95
2006.82	77.72
2006.84	78.12
2006.86	77.79
2006.87	77.54
2006.90	77.84
2006.93	78.10
2006.99	77.51
2007.03	77.69
2007.07	78.35
2007.11	77.78
2007.14	77.64
2007.19	77.94
2007.23	77.88
2007.37	77.65
2007.40	77.79
2007.44	77.75
2007.47	77.37
2007.52	77.27
2007.56	77.61
2007.58	77.23
2007.60	77.31
2007.63	76.84
2007.64	77.09
2007.66	76.80
2007.67	77.13
2007.69	77.75
2007.71	76.89
2007.73	77.46
2007.75	76.61
2007.79	76.63
2007.83	77.05
2007.87	77.08
2007.90	76.71
2007.95	76.86
2007.99	76.86
2008.02	77.42
2008.06	76.98
2008.12	77.48
2008.15	77.24
2008.19	76.90
2008.23	76.66
2008.27	76.66
2008.32	76.87
2008.36	76.58
2008.40	76.47
2008.45	76.49
2008.48	76.26
2008.48	76.33
2008.49	76.56
2008.50	76.76
2008.53	76.62
2008.54	76.29
2008.56	76.63
2008.58	76.62
2008.59	76.38
2008.61	76.35
2008.64	76.54
2008.65	76.48
2008.67	76.54
2008.69	76.46
2008.71	76.24
2008.76	76.66
2008.82	76.80
2008.86	76.56
2008.89	76.28
2008.94	76.22
2008.98	76.40
2009.02	76.32
2009.06	76.40
2009.11	76.10
