CH4 history for the northern hemisphere provided by David Etheridge, CSIRO
year    concentration (ppb)
1798	770.6716
1799	773.2579
1800	775.6397
1801	777.7149
1802	779.4485
1803	780.8703
1804	782.0129
1805	782.9093
1806	783.5922
1807	784.0942
1808	784.4484
1809	784.6873
1810	784.8437
1811	784.9504
1812	785.0403
1813	785.1461
1814	785.3005
1815	785.5364
1816	785.8857
1817	786.374
1818	787.0238
1819	787.8576
1820	788.8977
1821	790.1667
1822	791.6715
1823	793.3514
1824	795.1271
1825	796.9194
1826	798.649
1827	800.2366
1828	801.6042
1829	802.7146
1830	803.631
1831	804.4338
1832	805.2033
1833	806.0198
1834	806.9636
1835	808.1049
1836	809.4223
1837	810.8074
1838	812.2533
1839	813.7599
1840	815.3311
1841	816.9852
1842	818.744
1843	820.6124
1844	822.5264
1845	824.4051
1846	826.1884
1847	827.9007
1848	829.5878
1849	831.2803
1850	832.6635
1851	833.2379
1852	833.1438
1853	832.6989
1854	832.256
1855	831.9908
1856	831.9974
1857	832.4333
1858	833.3013
1859	834.5587
1860	836.1628
1861	838.0682
1862	840.2178
1863	842.5518
1864	844.9896
1865	847.3668
1866	849.5436
1867	851.5606
1868	853.504
1869	855.46
1870	857.5143
1871	859.7233
1872	861.9983
1873	864.2558
1874	866.4261
1875	868.4398
1876	870.2529
1877	871.9232
1878	873.5342
1879	875.1696
1880	876.8931
1881	878.6908
1882	880.5293
1883	882.3751
1884	884.1946
1885	885.9161
1886	887.3429
1887	888.5063
1888	889.6012
1889	890.7848
1890	892.0538
1891	893.3925
1892	894.8962
1893	896.6886
1894	898.8408
1895	901.1804
1896	903.6
1897	906.2047
1898	909.1103
1899	912.2906
1900	915.6836
1901	919.2567
1902	923.0936
1903	927.2687
1904	931.7733
1905	936.5879
1906	941.9383048
1907	948.075388
1908	954.3780428
1909	960.3954633
1910	965.5896277
1911	969.6112133
1912	972.8645416
1913	975.9396416
1914	979.3692422
1915	983.6178416
1916	989.0147422
1917	995.5233548
1918	1002.962114
1919	1010.926469
1920	1018.957674
1921	1026.722975
1922	1034.144245
1923	1041.183976
1924	1047.804887
1925	1053.961416
1926	1059.727084
1927	1065.340873
1928	1070.931651
1929	1076.571904
1930	1082.185693
1931	1087.737349
1932	1093.345386
1933	1099.143271
1934	1105.267928
1935	1111.773434
1936	1118.395151
1937	1124.846578
1938	1130.970084
1939	1136.670169
1940	1141.878946
1941	1146.580307
1942	1150.773102
1943	1154.34112
1944	1157.488018
1945	1160.809807
1946	1164.790892
1947	1169.634928
1948	1175.451223
1949	1182.189151
1950	1189.84641
1951	1198.483982
1952	1208.191614
1953	1218.907175
1954	1230.558175
1955	1243.19294
1956	1256.614717
1957	1269.725831
1958	1282.240934
1959	1294.907916
1960	1308.004072
1961	1321.534006
1962	1335.508072
1963	1349.830771
1964	1364.201795
1965	1378.51644
1966	1393.486928
1967	1409.74609
1968	1427.651765
1969	1446.736807
1970	1466.330416
1971	1485.849235
1972	1505.047036
1973	1523.80991
1974	1541.737446
1975	1558.884873
1976	1575.425934
1977	1591.48144
1978	1607.246994
1979	1623.230012
1980	1640.010398
1981	1658.004669
1982	1676.938982
1983	1696.376108
1984	1715.874217
1984.05	1735.532
1984.1	1740.59
1984.15	1741.647
1984.2	1738.101
1984.25	1731.583
1984.3	1724.946
1984.35	1719.777
1984.4	1714.725
1984.45	1707.457
1984.5	1698.666
1984.55	1693.322
1984.6	1697.122
1984.65	1710.785
1984.7	1727.401
1984.75	1736.848
1984.8	1735.353
1984.85	1730.003
1984.9	1730.952
1984.95	1739.468
1985	1747.095
1985.05	1747.267
1985.1	1743.556
1985.15	1743.734
1985.2	1749.3
1985.25	1754.443
1985.3	1753.391
1985.35001	1745.924
1985.40001	1734.285
1985.45001	1722.497
1985.50001	1713.213
1985.55001	1708.385
1985.60001	1710.365
1985.65001	1719.82
1985.70001	1735.403
1985.75001	1748.422
1985.80001	1754.253
1985.85001	1753.347
1985.90001	1751.765
1985.95001	1753.508
1986.00001	1757.121
1986.05001	1760.181
1986.10001	1763.44
1986.15001	1767.279
1986.20001	1770.528
1986.25001	1769.716
1986.30001	1764.338
1986.35001	1756.184
1986.40001	1746.588
1986.45001	1736.922
1986.50001	1729.889
1986.55001	1728.015
1986.60001	1732.044
1986.65001	1741.33
1986.70001	1753.673
1986.75001	1764.286
1986.80001	1767.984
1986.85001	1764.516
1986.90001	1759.744
1986.95001	1759.672
1987.00001	1763.663
1987.05001	1768.092
1987.10001	1772.146
1987.15001	1775.747
1987.20001	1776.894
1987.25001	1774.297
1987.30001	1769.618
1987.35001	1764.069
1987.40001	1756.632
1987.45001	1747.809
1987.50001	1740.868
1987.55001	1738.289
1987.60001	1741.068
1987.65001	1750.328
1987.70001	1764.408
1987.75001	1776.43
1987.80001	1780.444
1987.85001	1778.18
1987.90001	1775.843
1987.95002	1777.613
1988.00002	1783.308
1988.05002	1789.41
1988.10002	1793.017
1988.15002	1794.021
1988.20002	1794.384
1988.25002	1793.798
1988.30002	1789
1988.35002	1778.622
1988.40002	1765.748
1988.45002	1754.955
1988.50002	1749.101
1988.55002	1748.757
1988.60002	1752.983
1988.65002	1760.393
1988.70002	1769.557
1988.75002	1778.253
1988.80002	1784.145
1988.85002	1787.689
1988.90002	1792.028
1988.95002	1797.865
1989.00002	1801.387
1989.05002	1800.115
1989.10002	1797.425
1989.15002	1796.983
1989.20002	1797.946
1989.25002	1795.467
1989.30002	1788.848
1989.35002	1780.722
1989.40002	1772.158
1989.45002	1764.355
1989.50002	1759.876
1989.55002	1763.069
1989.60002	1772.828
1989.65002	1782.396
1989.70002	1786.757
1989.75002	1787.246
1989.80002	1788.613
1989.85002	1793.631
1989.90002	1800.874
1989.95002	1806.769
1990.00002	1809.93
1990.05002	1812.533
1990.10002	1815.764
1990.15002	1816.386
1990.20002	1811.348
1990.25002	1803.374
1990.30002	1797.501
1990.35002	1793.803
1990.40002	1788.119
1990.45002	1779.099
1990.50002	1770.956
1990.55002	1768.854
1990.60003	1773.538
1990.65003	1781.836
1990.70003	1791.217
1990.75003	1800.523
1990.80003	1807.409
1990.85003	1809.724
1990.90003	1810.195
1990.95003	1814.102
1991.00003	1821.405
1991.05003	1826.465
1991.10003	1825.988
1991.15003	1821.977
1991.20003	1816.96
1991.25003	1811.374
1991.30003	1805.416
1991.35003	1799.597
1991.40003	1793.255
1991.45003	1785.698
1991.50003	1780.972
1991.55003	1782.851
1991.60003	1790.341
1991.65003	1798.689
1991.70003	1804.803
1991.75003	1809.059
1991.80003	1812.865
1991.85003	1816.93
1991.90003	1821.389
1991.95003	1825.514
1992.00003	1827.61
1992.05003	1826.789
1992.10003	1824.53
1992.15003	1823.104
1992.20003	1822.682
1992.25003	1821.476
1992.30003	1818.503
1992.35003	1814.178
1992.40003	1808.254
1992.45003	1800.224
1992.50003	1792.429
1992.55003	1789.259
1992.60003	1791.88
1992.65003	1796.801
1992.70003	1800.663
1992.75003	1803.675
1992.80003	1807.283
1992.85003	1812.724
1992.90003	1817.645
1992.95003	1822.124
1993.00003	1823.259
1993.05003	1820.817
1993.10003	1817.675
1993.15003	1816.997
1993.20004	1818.585
1993.25004	1819.58
1993.30004	1817.626
1993.35004	1811.826
1993.40004	1802.582
1993.45004	1792.449
1993.50004	1786.282
1993.55004	1785.703
1993.60004	1789.196
1993.65004	1795.746
1993.70004	1804.328
1993.75004	1811.62
1993.80004	1814.97
1993.85004	1816.924
1993.90004	1821.913
1993.95004	1828.717
1994.00004	1831.633
1994.05004	1829.86
1994.10004	1829.543
1994.15004	1834.191
1994.20004	1838.023
1994.25004	1835.18
1994.30004	1826.027
1994.35004	1815.87
1994.40004	1807.913
1994.45004	1801.751
1994.50004	1796.928
1994.55004	1794.714
1994.60004	1796.813
1994.65004	1803.626
1994.70004	1813.138
1994.75004	1821.389
1994.80004	1825.807
1994.85004	1827.6
1994.90004	1829.089
1994.95004	1830.308
1995.00004	1830.874
1995.05004	1832.718
1995.10004	1837.218
1995.15004	1841.708
1995.20004	1841.96
1995.25004	1836.931
1995.30004	1829.071
1995.35004	1820.735
1995.40004	1812.394
1995.45004	1804.44
1995.50004	1798.873
1995.55004	1798.01
1995.60004	1802.281
1995.65004	1809.744
1995.70004	1817.282
1995.75004	1822.875
1995.80005	1827.013
1995.85005	1830.928
1995.90005	1834.353
1995.95005	1836.416
1996.00005	1837.359
1996.05005	1837.808
1996.10004	1837.739
1996.15004	1836.913
1996.20004	1835.114
1996.25004	1832.161
1996.30004	1828.511
1996.35004	1824.755
1996.40004	1820.025
1996.45004	1813.039
1996.50004	1805.185
1996.55004	1800.503
1996.60004	1802.009
1996.65004	1809.406
1996.70004	1819.778
1996.75003	1828.966
1996.80003	1833.554
1996.85003	1833.186
1996.90003	1830.878
1996.95003	1830.705
1997.00003	1834.62
1997.05003	1840.448
1997.10003	1843.39
1997.15003	1841.108
1997.20003	1836.613
1997.25003	1834.104
1997.30003	1833.092
1997.35003	1830.323
1997.40002	1824.369
1997.45002	1815.382
1997.50002	1808.661
1997.55002	1804.209
1997.60002	1803.648
1997.65002	1808.263
1997.70002	1816.311
1997.75002	1823.125
1997.80002	1825.93
1997.85002	1827.112
1997.90002	1830.325
1997.95002	1834.848
1998.00002	1837.434
1998.05001	1838.517
1998.10001	1841.229
1998.15001	1844.707
1998.20001	1844.542
1998.25001	1839.614
1998.30001	1832.783
1998.35001	1825.798
1998.40001	1818.895
1998.45001	1813.661
1998.50001	1811.904
1998.55001	1813.956
1998.60001	1823.291
1998.65001	1838.404
1998.7	1851.392
1998.75	1855.123
1998.8	1851.778
1998.85	1847.165
1998.9	1846.716
1998.95	1851.506
1999	1857.898
1999.05	1861.109
1999.1	1860.083
1999.15	1857.88
1999.2	1857.132
1999.25	1856.88
1999.3	1854.281
1999.34999	1848.271
1999.39999	1840.18
1999.44999	1831.472
1999.49999	1823.255
1999.54999	1817.814
1999.59999	1817.926
1999.64999	1823.558
1999.69999	1831.129
1999.74999	1836.759
1999.79999	1839.439
1999.84999	1841.623
1999.89999	1845.483
1999.94999	1850.53
1999.99998	1853.731
2000.04998	1853.797
2000.09998	1852.693
2000.14998	1852.391
2000.19998	1852.666
2000.24998	1852.317
2000.29998	1850.362
2000.34998	1846.188
2000.39998	1839.889
2000.44998	1832.158
2000.49998	1824.635
2000.54998	1819.687
2000.59998	1820.656
2000.64997	1829.075
2000.69997	1837.321
2000.74997	1841.537
2000.79997	1844.118
2000.84997	1845.902
2000.89997	1845.3
2000.94997	1843.994
2000.99997	1847.25
2001.04997	1855.137
2001.09997	1859.918
2001.14997	1856.64
2001.19997	1850.259
2001.24997	1847.953
2001.29996	1849.205
2001.34996	1847.742
2001.39996	1840.423
2001.44996	1830.731
2001.49996	1824.343
2001.54996	1823.48
2001.59996	1826.478
2001.64996	1830.915
2001.69996	1835.086
2001.74996	1838.427
2001.79996	1842.432
2001.84996	1848.239
2001.89996	1852.624
2001.94995	1851.619
2001.99995	1848.347
2002.04995	1850.278
2002.09995	1857.698
2002.14995	1862.377
2002.19995	1858.859
2002.24995	1850.635
2002.29995	1843.733
2002.34995	1839.01
2002.39995	1833.308
2002.44995	1825.724
2002.49995	1820.031
2002.54995	1820.438
2002.59995	1826.209
2002.64994	1835.488
2002.69994	1844.554
2002.74994	1848.819
2002.79994	1850.324
2002.84994	1850.75
2002.89994	1851.306
2002.94994	1851.863
2002.99994	1853.274
2003.04994	1856.833
2003.09994	1862.029
2003.14994	1866.682
2003.19994	1868.908
2003.24994	1867.929
2003.29993	1863.522
2003.34993	1856.269
2003.39993	1848.3
2003.44993	1842.136
2003.49993	1838.982
2003.54993	1837.012
2003.59993	1837.983
2003.64993	1845.558
2003.69993	1852.906
2003.74993	1858.93
2003.79993	1864.3
2003.84993	1868.117
2003.89993	1867.957
2003.94992	1863.854
2003.99992	1859.359
2004.04992	1857.819
2004.09992	1859.993
2004.14992	1864.761
2004.19992	1869.265
2004.24992	1869.381
2004.29992	1862.925
2004.34992	1851.831
2004.39992	1840.084
2004.44992	1830.811
2004.49992	1825.728
2004.54992	1825.381
2004.59991	1828.962
2004.64991	1834.706
2004.69991	1840.881
2004.74991	1845.755
2004.79991	1847.624
2004.84991	1847.276
2004.89991	1849.427
2004.94991	1857.459
2004.99991	1866.765
2005.04991	1868.334
2005.09991	1860.078
2005.14991	1850.28
2005.19991	1848.325
2005.2499	1854.293
2005.2999	1858.975
2005.3499	1854.175
2005.3999	1841.481
2005.4499	1829.403
2005.4999	1824.088
2005.5499	1825.707
2005.5999	1831.754
2005.6499	1839.349
2005.6999	1845.261
2005.7499	1847.639
2005.7999	1848.082
2005.8499	1850.019
2005.89989	1855.077
2005.94989	1861.547
2005.99989	1865.554
2006.04989	1863.97
2006.09989	1857.707
2006.14989	1851.915
2006.19989	1850.957
2006.24989	1853.421
2006.29989	1854.332
2006.34989	1851.635
2006.39989	1846.729
2006.44989	1839.781
2006.49989	1830.559
2006.54988	1823.742
2006.59988	1825.457
2006.64988	1833.178
2006.69988	1837.923
2006.74988	1838.196
2006.79988	1841.856
2006.84988	1851.638
2006.89988	1859.992
2006.94988	1861.27
2006.99988	1858.559
2007.04988	1856.314
2007.09988	1855.318
2007.14988	1855.994
2007.19987	1858.966
2007.24987	1862.138
2007.29987	1862.01
2007.34987	1856.98
2007.39987	1847.719
2007.44987	1837.214
2007.49987	1830.971
2007.54987	1833.302
2007.59987	1842.488
2007.64987	1852.014
2007.69987	1857.185
2007.74987	1859.078
2007.79987	1861.192
2007.84986	1863.622
2007.89986	1863.767
2007.94986	1862.437
2007.99986	1864.295
2008.04984	1875.557286
2008.09984	1873.667786
2008.14984	1874.413429
2008.19984	1876.633357
2008.24984	1876.096857
2008.29984	1872.245643
2008.34984	1865.4095
2008.39984	1856.730071
2008.44984	1848.200571
2008.49984	1842.6785
2008.54984	1842.841786
2008.59984	1848.720429
2008.64984	1854.777643
2008.69984	1857.876429
2008.74984	1860.4175
2008.79984	1865.6085
2008.84984	1874.244714