CH4 history for NEEM by Vas Petrenko
year    concentration (ppb)
1800.04	791.03	15.0
1800.13	792.11	15.0
1800.21	790.74	15.0
1800.29	787.62	15.0
1800.38	782.72	15.0
1800.46	775.93	15.0
1800.54	772.39	15.0
1800.63	774.87	15.0
1800.71	780.97	15.0
1800.79	785.47	15.0
1800.88	788.46	15.0
1800.96	790.96	15.0
1801.04	791.99	15.0
1801.13	793.08	15.0
1801.21	791.70	15.0
1801.29	788.58	15.0
1801.38	783.67	15.0
1801.46	776.88	15.0
1801.54	773.33	15.0
1801.63	775.81	15.0
1801.71	781.92	15.0
1801.79	786.42	15.0
1801.88	789.42	15.0
1801.96	791.92	15.0
1802.04	792.95	15.0
1802.13	794.04	15.0
1802.21	792.66	15.0
1802.29	789.54	15.0
1802.38	784.62	15.0
1802.46	777.82	15.0
1802.54	774.27	15.0
1802.63	776.75	15.0
1802.71	782.87	15.0
1802.79	787.37	15.0
1802.88	790.38	15.0
1802.96	792.88	15.0
1803.04	793.91	15.0
1803.13	795.00	15.0
1803.21	793.62	15.0
1803.29	790.49	15.0
1803.38	785.57	15.0
1803.46	778.76	15.0
1803.54	775.20	15.0
1803.63	777.69	15.0
1803.71	783.82	15.0
1803.79	788.33	15.0
1803.88	791.34	15.0
1803.96	793.84	15.0
1804.04	794.87	15.0
1804.13	795.96	15.0
1804.21	794.58	15.0
1804.29	791.45	15.0
1804.38	786.52	15.0
1804.46	779.70	15.0
1804.54	776.14	15.0
1804.63	778.63	15.0
1804.71	784.77	15.0
1804.79	789.28	15.0
1804.88	792.30	15.0
1804.96	794.80	15.0
1805.04	795.83	15.0
1805.13	796.93	15.0
1805.21	795.54	15.0
1805.29	792.41	15.0
1805.38	787.48	15.0
1805.46	780.65	15.0
1805.54	777.08	15.0
1805.63	779.57	15.0
1805.71	785.72	15.0
1805.79	790.24	15.0
1805.88	793.25	15.0
1805.96	795.76	15.0
1806.04	796.79	15.0
1806.13	797.89	15.0
1806.21	796.50	15.0
1806.29	793.36	15.0
1806.38	788.43	15.0
1806.46	781.59	15.0
1806.54	778.02	15.0
1806.63	780.52	15.0
1806.71	786.67	15.0
1806.79	791.19	15.0
1806.88	794.21	15.0
1806.96	796.72	15.0
1807.04	797.76	15.0
1807.13	798.85	15.0
1807.21	797.47	15.0
1807.29	794.32	15.0
1807.38	789.38	15.0
1807.46	782.53	15.0
1807.54	778.96	15.0
1807.63	781.46	15.0
1807.71	787.62	15.0
1807.79	792.15	15.0
1807.88	795.17	15.0
1807.96	797.68	15.0
1808.04	798.72	15.0
1808.13	799.81	15.0
1808.21	798.43	15.0
1808.29	795.28	15.0
1808.38	790.33	15.0
1808.46	783.47	15.0
1808.54	779.90	15.0
1808.63	782.40	15.0
1808.71	788.56	15.0
1808.79	793.10	15.0
1808.88	796.13	15.0
1808.96	798.64	15.0
1809.04	799.68	15.0
1809.13	800.78	15.0
1809.21	799.39	15.0
1809.29	796.23	15.0
1809.38	791.28	15.0
1809.46	784.42	15.0
1809.54	780.84	15.0
1809.63	783.34	15.0
1809.71	789.51	15.0
1809.79	794.05	15.0
1809.88	797.09	15.0
1809.96	799.61	15.0
1810.04	800.64	15.0
1810.13	801.74	15.0
1810.21	800.35	15.0
1810.29	797.19	15.0
1810.38	792.23	15.0
1810.46	785.36	15.0
1810.54	781.77	15.0
1810.63	784.28	15.0
1810.71	790.46	15.0
1810.79	795.01	15.0
1810.88	798.04	15.0
1810.96	800.57	15.0
1811.04	801.60	15.0
1811.13	802.70	15.0
1811.21	801.31	15.0
1811.29	798.15	15.0
1811.38	793.18	15.0
1811.46	786.30	15.0
1811.54	782.71	15.0
1811.63	785.22	15.0
1811.71	791.41	15.0
1811.79	795.96	15.0
1811.88	799.00	15.0
1811.96	801.53	15.0
1812.04	802.56	15.0
1812.13	803.66	15.0
1812.21	802.27	15.0
1812.29	799.10	15.0
1812.38	794.13	15.0
1812.46	787.24	15.0
1812.54	783.65	15.0
1812.63	786.16	15.0
1812.71	792.36	15.0
1812.79	796.92	15.0
1812.88	799.96	15.0
1812.96	802.49	15.0
1813.04	803.52	15.0
1813.13	804.62	15.0
1813.21	803.23	15.0
1813.29	800.06	15.0
1813.38	795.08	15.0
1813.46	788.19	15.0
1813.54	784.59	15.0
1813.63	787.11	15.0
1813.71	793.31	15.0
1813.79	797.87	15.0
1813.88	800.92	15.0
1813.96	803.45	15.0
1814.04	804.48	15.0
1814.13	805.59	15.0
1814.21	804.19	15.0
1814.29	801.02	15.0
1814.38	796.03	15.0
1814.46	789.13	15.0
1814.54	785.53	15.0
1814.63	788.05	15.0
1814.71	794.26	15.0
1814.79	798.83	15.0
1814.88	801.88	15.0
1814.96	804.41	15.0
1815.04	805.44	15.0
1815.13	806.55	15.0
1815.21	805.15	15.0
1815.29	801.98	15.0
1815.38	796.99	15.0
1815.46	790.07	15.0
1815.54	786.47	15.0
1815.63	788.99	15.0
1815.71	795.21	15.0
1815.79	799.78	15.0
1815.88	802.83	15.0
1815.96	805.37	15.0
1816.04	806.40	15.0
1816.13	807.51	15.0
1816.21	806.11	15.0
1816.29	802.93	15.0
1816.38	797.94	15.0
1816.46	791.02	15.0
1816.54	787.40	15.0
1816.63	789.93	15.0
1816.71	796.15	15.0
1816.79	800.73	15.0
1816.88	803.79	15.0
1816.96	806.33	15.0
1817.04	807.37	15.0
1817.13	808.47	15.0
1817.21	807.07	15.0
1817.29	803.89	15.0
1817.38	798.89	15.0
1817.46	791.96	15.0
1817.54	788.34	15.0
1817.63	790.87	15.0
1817.71	797.10	15.0
1817.79	801.69	15.0
1817.88	804.75	15.0
1817.96	807.29	15.0
1818.04	808.33	15.0
1818.13	809.44	15.0
1818.21	808.03	15.0
1818.29	804.85	15.0
1818.38	799.84	15.0
1818.46	792.90	15.0
1818.54	789.28	15.0
1818.63	791.81	15.0
1818.71	798.05	15.0
1818.79	802.64	15.0
1818.88	805.71	15.0
1818.96	808.25	15.0
1819.04	809.29	15.0
1819.13	810.40	15.0
1819.21	808.99	15.0
1819.29	805.80	15.0
1819.38	800.79	15.0
1819.46	793.84	15.0
1819.54	790.22	15.0
1819.63	792.75	15.0
1819.71	799.00	15.0
1819.79	803.60	15.0
1819.88	806.66	15.0
1819.96	809.22	15.0
1820.04	810.25	15.0
1820.13	811.36	15.0
1820.21	809.95	15.0
1820.29	806.76	15.0
1820.38	801.74	15.0
1820.46	794.79	15.0
1820.54	791.16	15.0
1820.63	793.70	15.0
1820.71	799.95	15.0
1820.79	804.55	15.0
1820.88	807.62	15.0
1820.96	810.18	15.0
1821.04	811.21	15.0
1821.13	812.32	15.0
1821.21	810.92	15.0
1821.29	807.72	15.0
1821.38	802.69	15.0
1821.46	795.73	15.0
1821.54	792.10	15.0
1821.63	794.64	15.0
1821.71	800.90	15.0
1821.79	805.51	15.0
1821.88	808.58	15.0
1821.96	811.14	15.0
1822.04	812.17	15.0
1822.13	813.29	15.0
1822.21	811.88	15.0
1822.29	808.67	15.0
1822.38	803.64	15.0
1822.46	796.67	15.0
1822.54	793.03	15.0
1822.63	795.58	15.0
1822.71	801.85	15.0
1822.79	806.46	15.0
1822.88	809.54	15.0
1822.96	812.10	15.0
1823.04	813.13	15.0
1823.13	814.25	15.0
1823.21	812.84	15.0
1823.29	809.63	15.0
1823.38	804.59	15.0
1823.46	797.61	15.0
1823.54	793.97	15.0
1823.63	796.52	15.0
1823.71	802.80	15.0
1823.79	807.41	15.0
1823.88	810.50	15.0
1823.96	813.06	15.0
1824.04	814.09	15.0
1824.13	815.21	15.0
1824.21	813.80	15.0
1824.29	810.59	15.0
1824.38	805.54	15.0
1824.46	798.56	15.0
1824.54	794.91	15.0
1824.63	797.46	15.0
1824.71	803.75	15.0
1824.79	808.37	15.0
1824.88	811.45	15.0
1824.96	814.02	15.0
1825.04	815.05	15.0
1825.13	816.17	15.0
1825.21	814.76	15.0
1825.29	811.54	15.0
1825.38	806.49	15.0
1825.46	799.50	15.0
1825.54	795.85	15.0
1825.63	798.40	15.0
1825.71	804.69	15.0
1825.79	809.32	15.0
1825.88	812.41	15.0
1825.96	814.98	15.0
1826.04	816.02	15.0
1826.13	817.14	15.0
1826.21	815.72	15.0
1826.29	812.50	15.0
1826.38	807.45	15.0
1826.46	800.44	15.0
1826.54	796.79	15.0
1826.63	799.34	15.0
1826.71	805.64	15.0
1826.79	810.28	15.0
1826.88	813.37	15.0
1826.96	815.94	15.0
1827.04	816.98	15.0
1827.13	818.10	15.0
1827.21	816.68	15.0
1827.29	813.46	15.0
1827.38	808.40	15.0
1827.46	801.39	15.0
1827.54	797.73	15.0
1827.63	800.29	15.0
1827.71	806.59	15.0
1827.79	811.23	15.0
1827.88	814.33	15.0
1827.96	816.90	15.0
1828.04	817.05	15.0
1828.13	818.17	15.0
1828.21	816.75	15.0
1828.29	813.53	15.0
1828.38	808.47	15.0
1828.46	801.46	15.0
1828.54	797.80	15.0
1828.63	800.36	15.0
1828.71	806.66	15.0
1828.79	811.30	15.0
1828.88	814.40	15.0
1828.96	816.98	15.0
1829.04	817.12	15.0
1829.13	818.24	15.0
1829.21	816.83	15.0
1829.29	813.60	15.0
1829.38	808.54	15.0
1829.46	801.53	15.0
1829.54	797.87	15.0
1829.63	800.43	15.0
1829.71	806.74	15.0
1829.79	811.38	15.0
1829.88	814.47	15.0
1829.96	817.05	15.0
1830.04	817.20	15.0
1830.13	818.32	15.0
1830.21	816.90	15.0
1830.29	813.68	15.0
1830.38	808.61	15.0
1830.46	801.60	15.0
1830.54	797.94	15.0
1830.63	800.50	15.0
1830.71	806.81	15.0
1830.79	811.45	15.0
1830.88	814.55	15.0
1830.96	817.12	15.0
1831.04	817.27	15.0
1831.13	818.39	15.0
1831.21	816.97	15.0
1831.29	813.75	15.0
1831.38	808.69	15.0
1831.46	801.67	15.0
1831.54	798.01	15.0
1831.63	800.57	15.0
1831.71	806.88	15.0
1831.79	811.52	15.0
1831.88	814.62	15.0
1831.96	817.19	15.0
1832.04	817.34	15.0
1832.13	818.46	15.0
1832.21	817.04	15.0
1832.29	813.82	15.0
1832.38	808.76	15.0
1832.46	801.74	15.0
1832.54	798.08	15.0
1832.63	800.64	15.0
1832.71	806.95	15.0
1832.79	811.59	15.0
1832.88	814.69	15.0
1832.96	817.27	15.0
1833.04	817.41	15.0
1833.13	818.54	15.0
1833.21	817.12	15.0
1833.29	813.89	15.0
1833.38	808.83	15.0
1833.46	801.81	15.0
1833.54	798.15	15.0
1833.63	800.71	15.0
1833.71	807.02	15.0
1833.79	811.67	15.0
1833.88	814.76	15.0
1833.96	817.34	15.0
1834.04	817.49	15.0
1834.13	818.61	15.0
1834.21	817.19	15.0
1834.29	813.97	15.0
1834.38	808.90	15.0
1834.46	801.89	15.0
1834.54	798.23	15.0
1834.63	800.79	15.0
1834.71	807.10	15.0
1834.79	811.74	15.0
1834.88	814.84	15.0
1834.96	817.41	15.0
1835.04	818.84	15.0
1835.13	819.96	15.0
1835.21	818.54	15.0
1835.29	815.31	15.0
1835.38	810.24	15.0
1835.46	803.21	15.0
1835.54	799.55	15.0
1835.63	802.11	15.0
1835.71	808.43	15.0
1835.79	813.08	15.0
1835.88	816.19	15.0
1835.96	818.77	15.0
1836.04	820.19	15.0
1836.13	821.32	15.0
1836.21	819.89	15.0
1836.29	816.66	15.0
1836.38	811.58	15.0
1836.46	804.54	15.0
1836.54	800.87	15.0
1836.63	803.44	15.0
1836.71	809.77	15.0
1836.79	814.43	15.0
1836.88	817.53	15.0
1836.96	820.12	15.0
1837.04	821.55	15.0
1837.13	822.67	15.0
1837.21	821.25	15.0
1837.29	818.01	15.0
1837.38	812.92	15.0
1837.46	805.87	15.0
1837.54	802.19	15.0
1837.63	804.76	15.0
1837.71	811.10	15.0
1837.79	815.77	15.0
1837.88	818.88	15.0
1837.96	821.47	15.0
1838.04	822.90	15.0
1838.13	824.03	15.0
1838.21	822.60	15.0
1838.29	819.35	15.0
1838.38	814.26	15.0
1838.46	807.19	15.0
1838.54	803.51	15.0
1838.63	806.09	15.0
1838.71	812.44	15.0
1838.79	817.11	15.0
1838.88	820.23	15.0
1838.96	822.82	15.0
1839.04	824.25	15.0
1839.13	825.38	15.0
1839.21	823.95	15.0
1839.29	820.70	15.0
1839.38	815.59	15.0
1839.46	808.52	15.0
1839.54	804.83	15.0
1839.63	807.41	15.0
1839.71	813.77	15.0
1839.79	818.45	15.0
1839.88	821.58	15.0
1839.96	824.18	15.0
1840.04	825.60	15.0
1840.13	826.74	15.0
1840.21	825.30	15.0
1840.29	822.05	15.0
1840.38	816.93	15.0
1840.46	809.85	15.0
1840.54	806.15	15.0
1840.63	808.74	15.0
1840.71	815.11	15.0
1840.79	819.80	15.0
1840.88	822.93	15.0
1840.96	825.53	15.0
1841.04	826.96	15.0
1841.13	828.09	15.0
1841.21	826.66	15.0
1841.29	823.40	15.0
1841.38	818.27	15.0
1841.46	811.17	15.0
1841.54	807.47	15.0
1841.63	810.06	15.0
1841.71	816.44	15.0
1841.79	821.14	15.0
1841.88	824.28	15.0
1841.96	826.88	15.0
1842.04	828.31	15.0
1842.13	829.45	15.0
1842.21	828.01	15.0
1842.29	824.74	15.0
1842.38	819.61	15.0
1842.46	812.50	15.0
1842.54	808.79	15.0
1842.63	811.39	15.0
1842.71	817.78	15.0
1842.79	822.48	15.0
1842.88	825.62	15.0
1842.96	828.23	15.0
1843.04	827.66	15.0
1843.13	828.79	15.0
1843.21	827.35	15.0
1843.29	824.09	15.0
1843.38	818.96	15.0
1843.46	811.86	15.0
1843.54	808.15	15.0
1843.63	810.75	15.0
1843.71	817.14	15.0
1843.79	821.84	15.0
1843.88	824.97	15.0
1843.96	827.58	15.0
1844.04	827.00	15.0
1844.13	828.14	15.0
1844.21	826.70	15.0
1844.29	823.44	15.0
1844.38	818.32	15.0
1844.46	811.22	15.0
1844.54	807.52	15.0
1844.63	810.11	15.0
1844.71	816.49	15.0
1844.79	821.19	15.0
1844.88	824.32	15.0
1844.96	826.93	15.0
1845.04	826.35	15.0
1845.13	827.48	15.0
1845.21	826.05	15.0
1845.29	822.79	15.0
1845.38	817.67	15.0
1845.46	810.58	15.0
1845.54	806.88	15.0
1845.63	809.47	15.0
1845.71	815.84	15.0
1845.79	820.54	15.0
1845.88	823.67	15.0
1845.96	826.27	15.0
1846.04	825.70	15.0
1846.13	826.83	15.0
1846.21	825.39	15.0
1846.29	822.14	15.0
1846.38	817.02	15.0
1846.46	809.94	15.0
1846.54	806.24	15.0
1846.63	808.83	15.0
1846.71	815.20	15.0
1846.79	819.89	15.0
1846.88	823.02	15.0
1846.96	825.62	15.0
1847.04	825.04	15.0
1847.13	826.17	15.0
1847.21	824.74	15.0
1847.29	821.49	15.0
1847.38	816.38	15.0
1847.46	809.30	15.0
1847.54	805.60	15.0
1847.63	808.19	15.0
1847.71	814.55	15.0
1847.79	819.24	15.0
1847.88	822.37	15.0
1847.96	824.97	15.0
1848.04	829.49	15.0
1848.13	830.63	15.0
1848.21	829.19	15.0
1848.29	825.92	15.0
1848.38	820.78	15.0
1848.46	813.66	15.0
1848.54	809.95	15.0
1848.63	812.55	15.0
1848.71	818.95	15.0
1848.79	823.66	15.0
1848.88	826.80	15.0
1848.96	829.42	15.0
1849.04	833.94	15.0
1849.13	835.09	15.0
1849.21	833.64	15.0
1849.29	830.35	15.0
1849.38	825.19	15.0
1849.46	818.03	15.0
1849.54	814.29	15.0
1849.63	816.91	15.0
1849.71	823.34	15.0
1849.79	828.08	15.0
1849.88	831.24	15.0
1849.96	833.87	15.0
1850.04	838.40	15.0
1850.13	839.55	15.0
1850.21	838.09	15.0
1850.29	834.78	15.0
1850.38	829.59	15.0
1850.46	822.40	15.0
1850.54	818.64	15.0
1850.63	821.27	15.0
1850.71	827.74	15.0
1850.79	832.50	15.0
1850.88	835.68	15.0
1850.96	838.32	15.0
1851.04	842.85	15.0
1851.13	844.00	15.0
1851.21	842.54	15.0
1851.29	839.22	15.0
1851.38	833.99	15.0
1851.46	826.76	15.0
1851.54	822.99	15.0
1851.63	825.63	15.0
1851.71	832.13	15.0
1851.79	836.92	15.0
1851.88	840.11	15.0
1851.96	842.77	15.0
1852.04	847.30	15.0
1852.13	848.46	15.0
1852.21	846.99	15.0
1852.29	843.65	15.0
1852.38	838.40	15.0
1852.46	831.13	15.0
1852.54	827.33	15.0
1852.63	829.99	15.0
1852.71	836.53	15.0
1852.79	841.34	15.0
1852.88	844.55	15.0
1852.96	847.22	15.0
1853.04	844.85	15.0
1853.13	846.01	15.0
1853.21	844.54	15.0
1853.29	841.21	15.0
1853.38	835.97	15.0
1853.46	828.72	15.0
1853.54	824.94	15.0
1853.63	827.59	15.0
1853.71	834.11	15.0
1853.79	838.91	15.0
1853.88	842.11	15.0
1853.96	844.77	15.0
1854.04	842.40	15.0
1854.13	843.55	15.0
1854.21	842.09	15.0
1854.29	838.77	15.0
1854.38	833.55	15.0
1854.46	826.32	15.0
1854.54	822.55	15.0
1854.63	825.19	15.0
1854.71	831.69	15.0
1854.79	836.47	15.0
1854.88	839.67	15.0
1854.96	842.32	15.0
1855.04	839.95	15.0
1855.13	841.10	15.0
1855.21	839.64	15.0
1855.29	836.33	15.0
1855.38	831.13	15.0
1855.46	823.92	15.0
1855.54	820.16	15.0
1855.63	822.79	15.0
1855.71	829.27	15.0
1855.79	834.04	15.0
1855.88	837.22	15.0
1855.96	839.87	15.0
1856.04	837.50	15.0
1856.13	838.65	15.0
1856.21	837.19	15.0
1856.29	833.89	15.0
1856.38	828.70	15.0
1856.46	821.51	15.0
1856.54	817.76	15.0
1856.63	820.39	15.0
1856.71	826.85	15.0
1856.79	831.61	15.0
1856.88	834.78	15.0
1856.96	837.42	15.0
1857.04	839.54	15.0
1857.13	840.69	15.0
1857.21	839.23	15.0
1857.29	835.92	15.0
1857.38	830.72	15.0
1857.46	823.52	15.0
1857.54	819.76	15.0
1857.63	822.39	15.0
1857.71	828.87	15.0
1857.79	833.64	15.0
1857.88	836.82	15.0
1857.96	839.46	15.0
1858.04	841.58	15.0
1858.13	842.74	15.0
1858.21	841.27	15.0
1858.29	837.96	15.0
1858.38	832.74	15.0
1858.46	825.52	15.0
1858.54	821.75	15.0
1858.63	824.39	15.0
1858.71	830.88	15.0
1858.79	835.66	15.0
1858.88	838.85	15.0
1858.96	841.50	15.0
1859.04	843.62	15.0
1859.13	844.78	15.0
1859.21	843.32	15.0
1859.29	839.99	15.0
1859.38	834.76	15.0
1859.46	827.52	15.0
1859.54	823.74	15.0
1859.63	826.39	15.0
1859.71	832.90	15.0
1859.79	837.69	15.0
1859.88	840.89	15.0
1859.96	843.55	15.0
1860.04	845.66	15.0
1860.13	846.82	15.0
1860.21	845.36	15.0
1860.29	842.02	15.0
1860.38	836.78	15.0
1860.46	829.53	15.0
1860.54	825.74	15.0
1860.63	828.39	15.0
1860.71	834.91	15.0
1860.79	839.72	15.0
1860.88	842.92	15.0
1860.96	845.59	15.0
1861.04	847.71	15.0
1861.13	848.87	15.0
1861.21	847.40	15.0
1861.29	844.06	15.0
1861.38	838.80	15.0
1861.46	831.53	15.0
1861.54	827.73	15.0
1861.63	830.39	15.0
1861.71	836.93	15.0
1861.79	841.75	15.0
1861.88	844.96	15.0
1861.96	847.63	15.0
1862.04	849.75	15.0
1862.13	850.91	15.0
1862.21	849.44	15.0
1862.29	846.09	15.0
1862.38	840.82	15.0
1862.46	833.53	15.0
1862.54	829.73	15.0
1862.63	832.39	15.0
1862.71	838.95	15.0
1862.79	843.77	15.0
1862.88	846.99	15.0
1862.96	849.67	15.0
1863.04	851.79	15.0
1863.13	852.96	15.0
1863.21	851.48	15.0
1863.29	848.12	15.0
1863.38	842.84	15.0
1863.46	835.53	15.0
1863.54	831.72	15.0
1863.63	834.39	15.0
1863.71	840.96	15.0
1863.79	845.80	15.0
1863.88	849.03	15.0
1863.96	851.71	15.0
1864.04	854.60	15.0
1864.13	855.77	15.0
1864.21	854.29	15.0
1864.29	850.92	15.0
1864.38	845.62	15.0
1864.46	838.29	15.0
1864.54	834.46	15.0
1864.63	837.14	15.0
1864.71	843.73	15.0
1864.79	848.59	15.0
1864.88	851.83	15.0
1864.96	854.52	15.0
1865.04	857.40	15.0
1865.13	858.58	15.0
1865.21	857.09	15.0
1865.29	853.71	15.0
1865.38	848.40	15.0
1865.46	841.04	15.0
1865.54	837.20	15.0
1865.63	839.89	15.0
1865.71	846.51	15.0
1865.79	851.38	15.0
1865.88	854.63	15.0
1865.96	857.33	15.0
1866.04	860.21	15.0
1866.13	861.39	15.0
1866.21	859.90	15.0
1866.29	856.51	15.0
1866.38	851.18	15.0
1866.46	843.80	15.0
1866.54	839.94	15.0
1866.63	842.64	15.0
1866.71	849.28	15.0
1866.79	854.16	15.0
1866.88	857.42	15.0
1866.96	860.13	15.0
1867.04	863.02	15.0
1867.13	864.20	15.0
1867.21	862.71	15.0
1867.29	859.30	15.0
1867.38	853.96	15.0
1867.46	846.55	15.0
1867.54	842.68	15.0
1867.63	845.39	15.0
1867.71	852.05	15.0
1867.79	856.95	15.0
1867.88	860.22	15.0
1867.96	862.94	15.0
1868.04	865.83	15.0
1868.13	867.02	15.0
1868.21	865.51	15.0
1868.29	862.10	15.0
1868.38	856.73	15.0
1868.46	849.30	15.0
1868.54	845.43	15.0
1868.63	848.14	15.0
1868.71	854.82	15.0
1868.79	859.74	15.0
1868.88	863.02	15.0
1868.96	865.75	15.0
1869.04	868.63	15.0
1869.13	869.83	15.0
1869.21	868.32	15.0
1869.29	864.89	15.0
1869.38	859.51	15.0
1869.46	852.06	15.0
1869.54	848.17	15.0
1869.63	850.89	15.0
1869.71	857.59	15.0
1869.79	862.53	15.0
1869.88	865.82	15.0
1869.96	868.56	15.0
1870.04	871.44	15.0
1870.13	872.64	15.0
1870.21	871.12	15.0
1870.29	867.69	15.0
1870.38	862.29	15.0
1870.46	854.81	15.0
1870.54	850.91	15.0
1870.63	853.64	15.0
1870.71	860.36	15.0
1870.79	865.31	15.0
1870.88	868.62	15.0
1870.96	871.36	15.0
1871.04	874.25	15.0
1871.13	875.45	15.0
1871.21	873.93	15.0
1871.29	870.48	15.0
1871.38	865.07	15.0
1871.46	857.57	15.0
1871.54	853.65	15.0
1871.63	856.39	15.0
1871.71	863.14	15.0
1871.79	868.10	15.0
1871.88	871.42	15.0
1871.96	874.17	15.0
1872.04	875.58	15.0
1872.13	876.78	15.0
1872.21	875.26	15.0
1872.29	871.81	15.0
1872.38	866.38	15.0
1872.46	858.87	15.0
1872.54	854.95	15.0
1872.63	857.69	15.0
1872.71	864.45	15.0
1872.79	869.42	15.0
1872.88	872.74	15.0
1872.96	875.50	15.0
1873.04	876.90	15.0
1873.13	878.11	15.0
1873.21	876.58	15.0
1873.29	873.13	15.0
1873.38	867.69	15.0
1873.46	860.17	15.0
1873.54	856.24	15.0
1873.63	858.99	15.0
1873.71	865.76	15.0
1873.79	870.74	15.0
1873.88	874.06	15.0
1873.96	876.82	15.0
1874.04	878.23	15.0
1874.13	879.44	15.0
1874.21	877.91	15.0
1874.29	874.45	15.0
1874.38	869.01	15.0
1874.46	861.47	15.0
1874.54	857.54	15.0
1874.63	860.29	15.0
1874.71	867.07	15.0
1874.79	872.06	15.0
1874.88	875.38	15.0
1874.96	878.15	15.0
1875.04	879.56	15.0
1875.13	880.77	15.0
1875.21	879.24	15.0
1875.29	875.77	15.0
1875.38	870.32	15.0
1875.46	862.77	15.0
1875.54	858.83	15.0
1875.63	861.59	15.0
1875.71	868.38	15.0
1875.79	873.37	15.0
1875.88	876.71	15.0
1875.96	879.48	15.0
1876.04	880.89	15.0
1876.13	882.09	15.0
1876.21	880.56	15.0
1876.29	877.09	15.0
1876.38	871.63	15.0
1876.46	864.07	15.0
1876.54	860.13	15.0
1876.63	862.89	15.0
1876.71	869.69	15.0
1876.79	874.69	15.0
1876.88	878.03	15.0
1876.96	880.81	15.0
1877.04	882.21	15.0
1877.13	883.42	15.0
1877.21	881.89	15.0
1877.29	878.41	15.0
1877.38	872.95	15.0
1877.46	865.38	15.0
1877.54	861.43	15.0
1877.63	864.19	15.0
1877.71	871.00	15.0
1877.79	876.01	15.0
1877.88	879.35	15.0
1877.96	882.13	15.0
1878.04	883.54	15.0
1878.13	884.75	15.0
1878.21	883.22	15.0
1878.29	879.73	15.0
1878.38	874.26	15.0
1878.46	866.68	15.0
1878.54	862.72	15.0
1878.63	865.49	15.0
1878.71	872.31	15.0
1878.79	877.33	15.0
1878.88	880.68	15.0
1878.96	883.46	15.0
1879.04	884.87	15.0
1879.13	886.08	15.0
1879.21	884.54	15.0
1879.29	881.06	15.0
1879.38	875.57	15.0
1879.46	867.98	15.0
1879.54	864.02	15.0
1879.63	866.79	15.0
1879.71	873.62	15.0
1879.79	878.64	15.0
1879.88	882.00	15.0
1879.96	884.79	15.0
1880.04	886.13	15.0
1880.13	887.35	15.0
1880.21	885.81	15.0
1880.29	882.32	15.0
1880.38	876.83	15.0
1880.46	869.22	15.0
1880.54	865.25	15.0
1880.63	868.03	15.0
1880.71	874.87	15.0
1880.79	879.90	15.0
1880.88	883.26	15.0
1880.96	886.05	15.0
1881.04	887.40	15.0
1881.13	888.62	15.0
1881.21	887.08	15.0
1881.29	883.58	15.0
1881.38	878.08	15.0
1881.46	870.46	15.0
1881.54	866.49	15.0
1881.63	869.27	15.0
1881.71	876.12	15.0
1881.79	881.16	15.0
1881.88	884.52	15.0
1881.96	887.32	15.0
1882.04	888.66	15.0
1882.13	889.88	15.0
1882.21	888.34	15.0
1882.29	884.84	15.0
1882.38	879.33	15.0
1882.46	871.71	15.0
1882.54	867.73	15.0
1882.63	870.51	15.0
1882.71	877.37	15.0
1882.79	882.42	15.0
1882.88	885.78	15.0
1882.96	888.58	15.0
1883.04	889.93	15.0
1883.13	891.15	15.0
1883.21	889.61	15.0
1883.29	886.10	15.0
1883.38	880.58	15.0
1883.46	872.95	15.0
1883.54	868.96	15.0
1883.63	871.75	15.0
1883.71	878.62	15.0
1883.79	883.67	15.0
1883.88	887.05	15.0
1883.96	889.85	15.0
1884.04	891.20	15.0
1884.13	892.42	15.0
1884.21	890.87	15.0
1884.29	887.36	15.0
1884.38	881.84	15.0
1884.46	874.19	15.0
1884.54	870.20	15.0
1884.63	872.99	15.0
1884.71	879.87	15.0
1884.79	884.93	15.0
1884.88	888.31	15.0
1884.96	891.12	15.0
1885.04	892.50	15.0
1885.13	893.72	15.0
1885.21	892.17	15.0
1885.29	888.65	15.0
1885.38	883.13	15.0
1885.46	875.47	15.0
1885.54	871.47	15.0
1885.63	874.26	15.0
1885.71	881.15	15.0
1885.79	886.22	15.0
1885.88	889.61	15.0
1885.96	892.42	15.0
1886.04	893.98	15.0
1886.13	895.21	15.0
1886.21	893.66	15.0
1886.29	890.13	15.0
1886.38	884.60	15.0
1886.46	876.92	15.0
1886.54	872.92	15.0
1886.63	875.72	15.0
1886.71	882.62	15.0
1886.79	887.70	15.0
1886.88	891.09	15.0
1886.96	893.90	15.0
1887.04	895.47	15.0
1887.13	896.70	15.0
1887.21	895.15	15.0
1887.29	891.61	15.0
1887.38	886.07	15.0
1887.46	878.38	15.0
1887.54	874.37	15.0
1887.63	877.18	15.0
1887.71	884.09	15.0
1887.79	889.17	15.0
1887.88	892.57	15.0
1887.96	895.39	15.0
1888.04	896.96	15.0
1888.13	898.19	15.0
1888.21	896.63	15.0
1888.29	893.09	15.0
1888.38	887.54	15.0
1888.46	879.84	15.0
1888.54	875.82	15.0
1888.63	878.63	15.0
1888.71	885.56	15.0
1888.79	890.65	15.0
1888.88	894.05	15.0
1888.96	896.88	15.0
1889.04	897.70	15.0
1889.13	898.94	15.0
1889.21	897.38	15.0
1889.29	893.84	15.0
1889.38	888.28	15.0
1889.46	880.57	15.0
1889.54	876.55	15.0
1889.63	879.36	15.0
1889.71	886.29	15.0
1889.79	891.39	15.0
1889.88	894.79	15.0
1889.96	897.62	15.0
1890.04	898.45	15.0
1890.13	899.68	15.0
1890.21	898.12	15.0
1890.29	894.58	15.0
1890.38	889.01	15.0
1890.46	881.30	15.0
1890.54	877.28	15.0
1890.63	880.09	15.0
1890.71	887.03	15.0
1890.79	892.13	15.0
1890.88	895.54	15.0
1890.96	898.37	15.0
1891.04	899.20	15.0
1891.13	900.43	15.0
1891.21	898.87	15.0
1891.29	895.32	15.0
1891.38	889.75	15.0
1891.46	882.04	15.0
1891.54	878.01	15.0
1891.63	880.83	15.0
1891.71	887.77	15.0
1891.79	892.87	15.0
1891.88	896.28	15.0
1891.96	899.11	15.0
1892.04	899.94	15.0
1892.13	901.18	15.0
1892.21	899.61	15.0
1892.29	896.07	15.0
1892.38	890.49	15.0
1892.46	882.77	15.0
1892.54	878.74	15.0
1892.63	881.56	15.0
1892.71	888.50	15.0
1892.79	893.61	15.0
1892.88	897.02	15.0
1892.96	899.86	15.0
1893.04	900.69	15.0
1893.13	901.92	15.0
1893.21	900.36	15.0
1893.29	896.81	15.0
1893.38	891.23	15.0
1893.46	883.50	15.0
1893.54	879.47	15.0
1893.63	882.29	15.0
1893.71	889.24	15.0
1893.79	894.35	15.0
1893.88	897.77	15.0
1893.96	900.61	15.0
1894.04	918.76	15.0
1894.13	920.02	15.0
1894.21	918.42	15.0
1894.29	914.80	15.0
1894.38	909.11	15.0
1894.46	901.22	15.0
1894.54	897.11	15.0
1894.63	899.99	15.0
1894.71	907.08	15.0
1894.79	912.30	15.0
1894.88	915.78	15.0
1894.96	918.67	15.0
1895.04	920.72	15.0
1895.13	921.98	15.0
1895.21	920.39	15.0
1895.29	916.76	15.0
1895.38	911.05	15.0
1895.46	903.15	15.0
1895.54	899.03	15.0
1895.63	901.91	15.0
1895.71	909.02	15.0
1895.79	914.25	15.0
1895.88	917.74	15.0
1895.96	920.64	15.0
1896.04	922.68	15.0
1896.13	923.95	15.0
1896.21	922.35	15.0
1896.29	918.71	15.0
1896.38	912.99	15.0
1896.46	905.07	15.0
1896.54	900.94	15.0
1896.63	903.83	15.0
1896.71	910.95	15.0
1896.79	916.20	15.0
1896.88	919.69	15.0
1896.96	922.60	15.0
1897.04	924.65	15.0
1897.13	925.91	15.0
1897.21	924.31	15.0
1897.29	920.66	15.0
1897.38	914.93	15.0
1897.46	907.00	15.0
1897.54	902.86	15.0
1897.63	905.76	15.0
1897.71	912.89	15.0
1897.79	918.14	15.0
1897.88	921.65	15.0
1897.96	924.56	15.0
1898.04	926.61	15.0
1898.13	927.88	15.0
1898.21	926.27	15.0
1898.29	922.62	15.0
1898.38	916.88	15.0
1898.46	908.92	15.0
1898.54	904.77	15.0
1898.63	907.68	15.0
1898.71	914.83	15.0
1898.79	920.09	15.0
1898.88	923.60	15.0
1898.96	926.52	15.0
1899.04	928.57	15.0
1899.13	929.84	15.0
1899.21	928.23	15.0
1899.29	924.57	15.0
1899.38	918.82	15.0
1899.46	910.85	15.0
1899.54	906.69	15.0
1899.63	909.60	15.0
1899.71	916.77	15.0
1899.79	922.04	15.0
1899.88	925.56	15.0
1899.96	928.49	15.0
1900.04	930.53	15.0
1900.13	931.81	15.0
1900.21	930.19	15.0
1900.29	926.53	15.0
1900.38	920.76	15.0
1900.46	912.77	15.0
1900.54	908.61	15.0
1900.63	911.52	15.0
1900.71	918.70	15.0
1900.79	923.99	15.0
1900.88	927.52	15.0
1900.96	930.45	15.0
1901.04	937.53	15.0
1901.13	938.81	15.0
1901.21	937.19	15.0
1901.29	933.49	15.0
1901.38	927.68	15.0
1901.46	919.64	15.0
1901.54	915.44	15.0
1901.63	918.37	15.0
1901.71	925.61	15.0
1901.79	930.94	15.0
1901.88	934.49	15.0
1901.96	937.44	15.0
1902.04	941.34	15.0
1902.13	942.63	15.0
1902.21	941.00	15.0
1902.29	937.29	15.0
1902.38	931.46	15.0
1902.46	923.38	15.0
1902.54	919.16	15.0
1902.63	922.11	15.0
1902.71	929.38	15.0
1902.79	934.72	15.0
1902.88	938.29	15.0
1902.96	941.26	15.0
1903.04	945.16	15.0
1903.13	946.45	15.0
1903.21	944.81	15.0
1903.29	941.09	15.0
1903.38	935.23	15.0
1903.46	927.12	15.0
1903.54	922.89	15.0
1903.63	925.85	15.0
1903.71	933.14	15.0
1903.79	938.51	15.0
1903.88	942.09	15.0
1903.96	945.07	15.0
1904.04	948.97	15.0
1904.13	950.27	15.0
1904.21	948.63	15.0
1904.29	944.89	15.0
1904.38	939.01	15.0
1904.46	930.86	15.0
1904.54	926.61	15.0
1904.63	929.58	15.0
1904.71	936.91	15.0
1904.79	942.30	15.0
1904.88	945.90	15.0
1904.96	948.89	15.0
1905.04	952.79	15.0
1905.13	954.09	15.0
1905.21	952.44	15.0
1905.29	948.68	15.0
1905.38	942.78	15.0
1905.46	934.60	15.0
1905.54	930.34	15.0
1905.63	933.32	15.0
1905.71	940.68	15.0
1905.79	946.09	15.0
1905.88	949.70	15.0
1905.96	952.70	15.0
1906.04	956.60	15.0
1906.13	957.91	15.0
1906.21	956.25	15.0
1906.29	952.48	15.0
1906.38	946.56	15.0
1906.46	938.35	15.0
1906.54	934.06	15.0
1906.63	937.06	15.0
1906.71	944.44	15.0
1906.79	949.88	15.0
1906.88	953.50	15.0
1906.96	956.52	15.0
1907.04	960.42	15.0
1907.13	961.73	15.0
1907.21	960.07	15.0
1907.29	956.28	15.0
1907.38	950.33	15.0
1907.46	942.09	15.0
1907.54	937.79	15.0
1907.63	940.80	15.0
1907.71	948.21	15.0
1907.79	953.66	15.0
1907.88	957.30	15.0
1907.96	960.33	15.0
1908.04	966.01	15.0
1908.13	967.33	15.0
1908.21	965.66	15.0
1908.29	961.85	15.0
1908.38	955.86	15.0
1908.46	947.57	15.0
1908.54	943.25	15.0
1908.63	946.27	15.0
1908.71	953.73	15.0
1908.79	959.21	15.0
1908.88	962.88	15.0
1908.96	965.92	15.0
1909.04	971.60	15.0
1909.13	972.93	15.0
1909.21	971.24	15.0
1909.29	967.41	15.0
1909.38	961.39	15.0
1909.46	953.06	15.0
1909.54	948.70	15.0
1909.63	951.75	15.0
1909.71	959.25	15.0
1909.79	964.77	15.0
1909.88	968.45	15.0
1909.96	971.51	15.0
1910.04	977.19	15.0
1910.13	978.53	15.0
1910.21	976.83	15.0
1910.29	972.98	15.0
1910.38	966.93	15.0
1910.46	958.54	15.0
1910.54	954.16	15.0
1910.63	957.22	15.0
1910.71	964.77	15.0
1910.79	970.32	15.0
1910.88	974.02	15.0
1910.96	977.10	15.0
1911.04	982.78	15.0
1911.13	984.13	15.0
1911.21	982.42	15.0
1911.29	978.55	15.0
1911.38	972.46	15.0
1911.46	964.02	15.0
1911.54	959.62	15.0
1911.63	962.70	15.0
1911.71	970.29	15.0
1911.79	975.87	15.0
1911.88	979.59	15.0
1911.96	982.69	15.0
1912.04	988.37	15.0
1912.13	989.73	15.0
1912.21	988.01	15.0
1912.29	984.11	15.0
1912.38	977.99	15.0
1912.46	969.51	15.0
1912.54	965.08	15.0
1912.63	968.18	15.0
1912.71	975.81	15.0
1912.79	981.42	15.0
1912.88	985.17	15.0
1912.96	988.28	15.0
1913.04	993.96	15.0
1913.13	995.32	15.0
1913.21	993.60	15.0
1913.29	989.68	15.0
1913.38	983.52	15.0
1913.46	974.99	15.0
1913.54	970.54	15.0
1913.63	973.65	15.0
1913.71	981.33	15.0
1913.79	986.97	15.0
1913.88	990.74	15.0
1913.96	993.87	15.0
1914.04	999.55	15.0
1914.13	1000.92	15.0
1914.21	999.19	15.0
1914.29	995.25	15.0
1914.38	989.05	15.0
1914.46	980.47	15.0
1914.54	976.00	15.0
1914.63	979.13	15.0
1914.71	986.84	15.0
1914.79	992.52	15.0
1914.88	996.31	15.0
1914.96	999.46	15.0
1915.04	1002.78	15.0
1915.13	1004.15	15.0
1915.21	1002.41	15.0
1915.29	998.46	15.0
1915.38	992.24	15.0
1915.46	983.64	15.0
1915.54	979.15	15.0
1915.63	982.29	15.0
1915.71	990.03	15.0
1915.79	995.72	15.0
1915.88	999.52	15.0
1915.96	1002.68	15.0
1916.04	1006.00	15.0
1916.13	1007.38	15.0
1916.21	1005.63	15.0
1916.29	1001.67	15.0
1916.38	995.44	15.0
1916.46	986.80	15.0
1916.54	982.30	15.0
1916.63	985.45	15.0
1916.71	993.21	15.0
1916.79	998.93	15.0
1916.88	1002.74	15.0
1916.96	1005.91	15.0
1917.04	1009.23	15.0
1917.13	1010.61	15.0
1917.21	1008.86	15.0
1917.29	1004.88	15.0
1917.38	998.63	15.0
1917.46	989.97	15.0
1917.54	985.45	15.0
1917.63	988.61	15.0
1917.71	996.40	15.0
1917.79	1002.13	15.0
1917.88	1005.95	15.0
1917.96	1009.13	15.0
1918.04	1017.02	15.0
1918.13	1018.41	15.0
1918.21	1016.65	15.0
1918.29	1012.64	15.0
1918.38	1006.34	15.0
1918.46	997.61	15.0
1918.54	993.05	15.0
1918.63	996.24	15.0
1918.71	1004.09	15.0
1918.79	1009.87	15.0
1918.88	1013.72	15.0
1918.96	1016.93	15.0
1919.04	1024.81	15.0
1919.13	1026.22	15.0
1919.21	1024.44	15.0
1919.29	1020.40	15.0
1919.38	1014.05	15.0
1919.46	1005.25	15.0
1919.54	1000.66	15.0
1919.63	1003.87	15.0
1919.71	1011.78	15.0
1919.79	1017.60	15.0
1919.88	1021.49	15.0
1919.96	1024.72	15.0
1920.04	1032.60	15.0
1920.13	1034.02	15.0
1920.21	1032.22	15.0
1920.29	1028.15	15.0
1920.38	1021.76	15.0
1920.46	1012.89	15.0
1920.54	1008.27	15.0
1920.63	1011.50	15.0
1920.71	1019.48	15.0
1920.79	1025.34	15.0
1920.88	1029.25	15.0
1920.96	1032.51	15.0
1921.04	1040.39	15.0
1921.13	1041.82	15.0
1921.21	1040.01	15.0
1921.29	1035.91	15.0
1921.38	1029.47	15.0
1921.46	1020.54	15.0
1921.54	1015.88	15.0
1921.63	1019.14	15.0
1921.71	1027.17	15.0
1921.79	1033.08	15.0
1921.88	1037.02	15.0
1921.96	1040.30	15.0
1922.04	1048.18	15.0
1922.13	1049.62	15.0
1922.21	1047.80	15.0
1922.29	1043.67	15.0
1922.38	1037.18	15.0
1922.46	1028.18	15.0
1922.54	1023.49	15.0
1922.63	1026.77	15.0
1922.71	1034.86	15.0
1922.79	1040.81	15.0
1922.88	1044.79	15.0
1922.96	1048.09	15.0
1923.04	1055.98	15.0
1923.13	1057.42	15.0
1923.21	1055.59	15.0
1923.29	1051.43	15.0
1923.38	1044.89	15.0
1923.46	1035.82	15.0
1923.54	1031.09	15.0
1923.63	1034.40	15.0
1923.71	1042.55	15.0
1923.79	1048.55	15.0
1923.88	1052.55	15.0
1923.96	1055.88	15.0
1924.04	1063.77	15.0
1924.13	1065.23	15.0
1924.21	1063.38	15.0
1924.29	1059.19	15.0
1924.38	1052.60	15.0
1924.46	1043.47	15.0
1924.54	1038.70	15.0
1924.63	1042.03	15.0
1924.71	1050.25	15.0
1924.79	1056.29	15.0
1924.88	1060.32	15.0
1924.96	1063.67	15.0
1925.04	1071.56	15.0
1925.13	1073.03	15.0
1925.21	1071.17	15.0
1925.29	1066.94	15.0
1925.38	1060.31	15.0
1925.46	1051.11	15.0
1925.54	1046.31	15.0
1925.63	1049.67	15.0
1925.71	1057.94	15.0
1925.79	1064.02	15.0
1925.88	1068.09	15.0
1925.96	1071.46	15.0
1926.04	1079.35	15.0
1926.13	1080.83	15.0
1926.21	1078.96	15.0
1926.29	1074.70	15.0
1926.38	1068.01	15.0
1926.46	1058.75	15.0
1926.54	1053.92	15.0
1926.63	1057.30	15.0
1926.71	1065.63	15.0
1926.79	1071.76	15.0
1926.88	1075.85	15.0
1926.96	1079.25	15.0
1927.04	1083.40	15.0
1927.13	1084.89	15.0
1927.21	1083.01	15.0
1927.29	1078.74	15.0
1927.38	1072.02	15.0
1927.46	1062.73	15.0
1927.54	1057.87	15.0
1927.63	1061.27	15.0
1927.71	1069.63	15.0
1927.79	1075.78	15.0
1927.88	1079.89	15.0
1927.96	1083.30	15.0
1928.04	1087.45	15.0
1928.13	1088.95	15.0
1928.21	1087.06	15.0
1928.29	1082.77	15.0
1928.38	1076.03	15.0
1928.46	1066.70	15.0
1928.54	1061.83	15.0
1928.63	1065.24	15.0
1928.71	1073.63	15.0
1928.79	1079.81	15.0
1928.88	1083.93	15.0
1928.96	1087.35	15.0
1929.04	1091.11	15.0
1929.13	1092.60	15.0
1929.21	1090.71	15.0
1929.29	1086.41	15.0
1929.38	1079.65	15.0
1929.46	1070.28	15.0
1929.54	1065.40	15.0
1929.63	1068.81	15.0
1929.71	1077.24	15.0
1929.79	1083.43	15.0
1929.88	1087.57	15.0
1929.96	1091.01	15.0
1930.04	1094.76	15.0
1930.13	1096.26	15.0
1930.21	1094.36	15.0
1930.29	1090.04	15.0
1930.38	1083.26	15.0
1930.46	1073.87	15.0
1930.54	1068.96	15.0
1930.63	1072.39	15.0
1930.71	1080.84	15.0
1930.79	1087.06	15.0
1930.88	1091.21	15.0
1930.96	1094.66	15.0
1931.04	1098.41	15.0
1931.13	1099.92	15.0
1931.21	1098.01	15.0
1931.29	1093.68	15.0
1931.38	1086.88	15.0
1931.46	1077.45	15.0
1931.54	1072.53	15.0
1931.63	1075.97	15.0
1931.71	1084.45	15.0
1931.79	1090.69	15.0
1931.88	1094.85	15.0
1931.96	1098.31	15.0
1932.04	1104.94	15.0
1932.13	1106.46	15.0
1932.21	1104.54	15.0
1932.29	1100.18	15.0
1932.38	1093.34	15.0
1932.46	1083.85	15.0
1932.54	1078.90	15.0
1932.63	1082.37	15.0
1932.71	1090.90	15.0
1932.79	1097.17	15.0
1932.88	1101.36	15.0
1932.96	1104.84	15.0
1933.04	1111.47	15.0
1933.13	1112.99	15.0
1933.21	1111.06	15.0
1933.29	1106.68	15.0
1933.38	1099.80	15.0
1933.46	1090.26	15.0
1933.54	1085.28	15.0
1933.63	1088.76	15.0
1933.71	1097.34	15.0
1933.79	1103.65	15.0
1933.88	1107.87	15.0
1933.96	1111.37	15.0
1934.04	1118.00	15.0
1934.13	1119.53	15.0
1934.21	1117.59	15.0
1934.29	1113.18	15.0
1934.38	1106.26	15.0
1934.46	1096.66	15.0
1934.54	1091.65	15.0
1934.63	1095.16	15.0
1934.71	1103.79	15.0
1934.79	1110.14	15.0
1934.88	1114.37	15.0
1934.96	1117.90	15.0
1935.04	1130.82	15.0
1935.13	1132.37	15.0
1935.21	1130.41	15.0
1935.29	1125.95	15.0
1935.38	1118.95	15.0
1935.46	1109.24	15.0
1935.54	1104.18	15.0
1935.63	1107.72	15.0
1935.71	1116.45	15.0
1935.79	1122.87	15.0
1935.88	1127.16	15.0
1935.96	1130.72	15.0
1936.04	1143.65	15.0
1936.13	1145.21	15.0
1936.21	1143.23	15.0
1936.29	1138.72	15.0
1936.38	1131.63	15.0
1936.46	1121.82	15.0
1936.54	1116.70	15.0
1936.63	1120.28	15.0
1936.71	1129.11	15.0
1936.79	1135.60	15.0
1936.88	1139.94	15.0
1936.96	1143.54	15.0
1937.04	1148.19	15.0
1937.13	1149.77	15.0
1937.21	1147.77	15.0
1937.29	1143.25	15.0
1937.38	1136.13	15.0
1937.46	1126.28	15.0
1937.54	1121.14	15.0
1937.63	1124.73	15.0
1937.71	1133.60	15.0
1937.79	1140.12	15.0
1937.88	1144.47	15.0
1937.96	1148.09	15.0
1938.04	1152.74	15.0
1938.13	1154.32	15.0
1938.21	1152.32	15.0
1938.29	1147.77	15.0
1938.38	1140.63	15.0
1938.46	1130.74	15.0
1938.54	1125.58	15.0
1938.63	1129.19	15.0
1938.71	1138.09	15.0
1938.79	1144.63	15.0
1938.88	1149.00	15.0
1938.96	1152.63	15.0
1939.04	1156.76	15.0
1939.13	1158.35	15.0
1939.21	1156.34	15.0
1939.29	1151.78	15.0
1939.38	1144.61	15.0
1939.46	1134.69	15.0
1939.54	1129.50	15.0
1939.63	1133.13	15.0
1939.71	1142.06	15.0
1939.79	1148.63	15.0
1939.88	1153.01	15.0
1939.96	1156.66	15.0
1940.04	1160.78	15.0
1940.13	1162.38	15.0
1940.21	1160.36	15.0
1940.29	1155.78	15.0
1940.38	1148.59	15.0
1940.46	1138.63	15.0
1940.54	1133.43	15.0
1940.63	1137.07	15.0
1940.71	1146.03	15.0
1940.79	1152.62	15.0
1940.88	1157.02	15.0
1940.96	1160.68	15.0
1941.04	1159.68	15.0
1941.13	1161.27	15.0
1941.21	1159.25	15.0
1941.29	1154.68	15.0
1941.38	1147.50	15.0
1941.46	1137.54	15.0
1941.54	1132.35	15.0
1941.63	1135.98	15.0
1941.71	1144.93	15.0
1941.79	1151.52	15.0
1941.88	1155.92	15.0
1941.96	1159.57	15.0
1942.04	1171.51	15.0
1942.13	1173.12	15.0
1942.21	1171.08	15.0
1942.29	1166.46	15.0
1942.38	1159.21	15.0
1942.46	1149.15	15.0
1942.54	1143.90	15.0
1942.63	1147.57	15.0
1942.71	1156.62	15.0
1942.79	1163.27	15.0
1942.88	1167.71	15.0
1942.96	1171.40	15.0
1943.04	1179.32	15.0
1943.13	1180.94	15.0
1943.21	1178.89	15.0
1943.29	1174.24	15.0
1943.38	1166.93	15.0
1943.46	1156.81	15.0
1943.54	1151.53	15.0
1943.63	1155.23	15.0
1943.71	1164.33	15.0
1943.79	1171.03	15.0
1943.88	1175.50	15.0
1943.96	1179.21	15.0
1944.04	1187.13	15.0
1944.13	1188.76	15.0
1944.21	1186.70	15.0
1944.29	1182.02	15.0
1944.38	1174.66	15.0
1944.46	1164.48	15.0
1944.54	1159.16	15.0
1944.63	1162.88	15.0
1944.71	1172.04	15.0
1944.79	1178.78	15.0
1944.88	1183.28	15.0
1944.96	1187.02	15.0
1945.04	1186.72	15.0
1945.13	1188.35	15.0
1945.21	1186.29	15.0
1945.29	1181.61	15.0
1945.38	1174.26	15.0
1945.46	1164.08	15.0
1945.54	1158.76	15.0
1945.63	1162.48	15.0
1945.71	1171.64	15.0
1945.79	1178.38	15.0
1945.88	1182.88	15.0
1945.96	1186.62	15.0
1946.04	1186.31	15.0
1946.13	1187.94	15.0
1946.21	1185.88	15.0
1946.29	1181.21	15.0
1946.38	1173.86	15.0
1946.46	1163.68	15.0
1946.54	1158.36	15.0
1946.63	1162.08	15.0
1946.71	1171.24	15.0
1946.79	1177.97	15.0
1946.88	1182.47	15.0
1946.96	1186.21	15.0
1947.04	1192.58	15.0
1947.13	1194.22	15.0
1947.21	1192.15	15.0
1947.29	1187.45	15.0
1947.38	1180.06	15.0
1947.46	1169.82	15.0
1947.54	1164.48	15.0
1947.63	1168.22	15.0
1947.71	1177.42	15.0
1947.79	1184.20	15.0
1947.88	1188.72	15.0
1947.96	1192.47	15.0
1948.04	1198.85	15.0
1948.13	1200.49	15.0
1948.21	1198.41	15.0
1948.29	1193.68	15.0
1948.38	1186.26	15.0
1948.46	1175.97	15.0
1948.54	1170.60	15.0
1948.63	1174.35	15.0
1948.71	1183.61	15.0
1948.79	1190.42	15.0
1948.88	1194.96	15.0
1948.96	1198.74	15.0
1949.04	1205.11	15.0
1949.13	1206.77	15.0
1949.21	1204.67	15.0
1949.29	1199.92	15.0
1949.38	1192.46	15.0
1949.46	1182.12	15.0
1949.54	1176.72	15.0
1949.63	1180.49	15.0
1949.71	1189.80	15.0
1949.79	1196.64	15.0
1949.88	1201.21	15.0
1949.96	1205.00	15.0
1950.04	1211.38	15.0
1950.13	1213.04	15.0
1950.21	1210.94	15.0
1950.29	1206.16	15.0
1950.38	1198.66	15.0
1950.46	1188.26	15.0
1950.54	1182.84	15.0
1950.63	1186.63	15.0
1950.71	1195.98	15.0
1950.79	1202.86	15.0
1950.88	1207.45	15.0
1950.96	1211.27	15.0
1951.04	1220.62	15.0
1951.13	1222.30	15.0
1951.21	1220.18	15.0
1951.29	1215.36	15.0
1951.38	1207.80	15.0
1951.46	1197.33	15.0
1951.54	1191.86	15.0
1951.63	1195.68	15.0
1951.71	1205.11	15.0
1951.79	1212.04	15.0
1951.88	1216.66	15.0
1951.96	1220.51	15.0
1952.04	1229.86	15.0
1952.13	1231.55	15.0
1952.21	1229.41	15.0
1952.29	1224.57	15.0
1952.38	1216.95	15.0
1952.46	1206.39	15.0
1952.54	1200.88	15.0
1952.63	1204.74	15.0
1952.71	1214.23	15.0
1952.79	1221.21	15.0
1952.88	1225.88	15.0
1952.96	1229.75	15.0
1953.04	1239.10	15.0
1953.13	1240.80	15.0
1953.21	1238.65	15.0
1953.29	1233.77	15.0
1953.38	1226.09	15.0
1953.46	1215.46	15.0
1953.54	1209.91	15.0
1953.63	1213.79	15.0
1953.71	1223.35	15.0
1953.79	1230.39	15.0
1953.88	1235.09	15.0
1953.96	1238.99	15.0
1954.04	1248.34	15.0
1954.13	1250.06	15.0
1954.21	1247.89	15.0
1954.29	1242.97	15.0
1954.38	1235.23	15.0
1954.46	1224.52	15.0
1954.54	1218.93	15.0
1954.63	1222.84	15.0
1954.71	1232.48	15.0
1954.79	1239.57	15.0
1954.88	1244.30	15.0
1954.96	1248.23	15.0
1955.04	1257.58	15.0
1955.13	1259.31	15.0
1955.21	1257.13	15.0
1955.29	1252.17	15.0
1955.38	1244.38	15.0
1955.46	1233.59	15.0
1955.54	1227.95	15.0
1955.63	1231.89	15.0
1955.71	1241.60	15.0
1955.79	1248.74	15.0
1955.88	1253.51	15.0
1955.96	1257.47	15.0
1956.04	1292.99	15.0
1956.13	1294.76	15.0
1956.21	1292.52	15.0
1956.29	1287.42	15.0
1956.38	1279.41	15.0
1956.46	1268.31	15.0
1956.54	1262.52	15.0
1956.63	1266.57	15.0
1956.71	1276.55	15.0
1956.79	1283.90	15.0
1956.88	1288.80	15.0
1956.96	1292.87	15.0
1957.04	1304.24	15.0
1957.13	1306.03	15.0
1957.21	1303.76	15.0
1957.29	1298.62	15.0
1957.38	1290.54	15.0
1957.46	1279.35	15.0
1957.54	1273.51	15.0
1957.63	1277.59	15.0
1957.71	1287.66	15.0
1957.79	1295.07	15.0
1957.88	1300.01	15.0
1957.96	1304.12	15.0
1958.04	1314.60	15.0
1958.13	1316.40	15.0
1958.21	1314.12	15.0
1958.29	1308.94	15.0
1958.38	1300.79	15.0
1958.46	1289.51	15.0
1958.54	1283.62	15.0
1958.63	1287.74	15.0
1958.71	1297.89	15.0
1958.79	1305.35	15.0
1958.88	1310.34	15.0
1958.96	1314.48	15.0
1959.04	1324.96	15.0
1959.13	1326.78	15.0
1959.21	1324.48	15.0
1959.29	1319.25	15.0
1959.38	1311.05	15.0
1959.46	1299.67	15.0
1959.54	1293.74	15.0
1959.63	1297.89	15.0
1959.71	1308.12	15.0
1959.79	1315.64	15.0
1959.88	1320.67	15.0
1959.96	1324.84	15.0
1960.04	1335.32	15.0
1960.13	1337.15	15.0
1960.21	1334.84	15.0
1960.29	1329.57	15.0
1960.38	1321.30	15.0
1960.46	1309.84	15.0
1960.54	1303.86	15.0
1960.63	1308.04	15.0
1960.71	1318.35	15.0
1960.79	1325.93	15.0
1960.88	1330.99	15.0
1960.96	1335.20	15.0
1961.04	1345.68	15.0
1961.13	1347.53	15.0
1961.21	1345.19	15.0
1961.29	1339.89	15.0
1961.38	1331.55	15.0
1961.46	1320.00	15.0
1961.54	1313.97	15.0
1961.63	1318.19	15.0
1961.71	1328.58	15.0
1961.79	1336.22	15.0
1961.88	1341.32	15.0
1961.96	1345.56	15.0
1962.04	1361.93	15.0
1962.13	1363.80	15.0
1962.21	1361.43	15.0
1962.29	1356.06	15.0
1962.38	1347.62	15.0
1962.46	1335.94	15.0
1962.54	1329.84	15.0
1962.63	1334.10	15.0
1962.71	1344.61	15.0
1962.79	1352.35	15.0
1962.88	1357.51	15.0
1962.96	1361.80	15.0
1963.04	1378.17	15.0
1963.13	1380.06	15.0
1963.21	1377.67	15.0
1963.29	1372.24	15.0
1963.38	1363.70	15.0
1963.46	1351.87	15.0
1963.54	1345.70	15.0
1963.63	1350.01	15.0
1963.71	1360.65	15.0
1963.79	1368.48	15.0
1963.88	1373.70	15.0
1963.96	1378.05	15.0
1964.04	1394.41	15.0
1964.13	1396.33	15.0
1964.21	1393.91	15.0
1964.29	1388.41	15.0
1964.38	1379.77	15.0
1964.46	1367.80	15.0
1964.54	1361.56	15.0
1964.63	1365.93	15.0
1964.71	1376.69	15.0
1964.79	1384.61	15.0
1964.88	1389.89	15.0
1964.96	1394.29	15.0
1965.04	1395.58	15.0
1965.13	1397.49	15.0
1965.21	1395.07	15.0
1965.29	1389.57	15.0
1965.38	1380.92	15.0
1965.46	1368.95	15.0
1965.54	1362.70	15.0
1965.63	1367.07	15.0
1965.71	1377.84	15.0
1965.79	1385.77	15.0
1965.88	1391.06	15.0
1965.96	1395.45	15.0
1966.04	1408.83	15.0
1966.13	1410.76	15.0
1966.21	1408.32	15.0
1966.29	1402.76	15.0
1966.38	1394.04	15.0
1966.46	1381.95	15.0
1966.54	1375.64	15.0
1966.63	1380.05	15.0
1966.71	1390.92	15.0
1966.79	1398.92	15.0
1966.88	1404.26	15.0
1966.96	1408.70	15.0
1967.04	1422.08	15.0
1967.13	1424.03	15.0
1967.21	1421.57	15.0
1967.29	1415.96	15.0
1967.38	1407.15	15.0
1967.46	1394.94	15.0
1967.54	1388.57	15.0
1967.63	1393.03	15.0
1967.71	1404.01	15.0
1967.79	1412.08	15.0
1967.88	1417.47	15.0
1967.96	1421.95	15.0
1968.04	1448.38	15.0
1968.13	1450.37	15.0
1968.21	1447.85	15.0
1968.29	1442.14	15.0
1968.38	1433.17	15.0
1968.46	1420.74	15.0
1968.54	1414.25	15.0
1968.63	1418.79	15.0
1968.71	1429.97	15.0
1968.79	1438.19	15.0
1968.88	1443.68	15.0
1968.96	1448.25	15.0
1969.04	1474.67	15.0
1969.13	1476.70	15.0
1969.21	1474.14	15.0
1969.29	1468.32	15.0
1969.38	1459.19	15.0
1969.46	1446.53	15.0
1969.54	1439.93	15.0
1969.63	1444.55	15.0
1969.71	1455.93	15.0
1969.79	1464.30	15.0
1969.88	1469.89	15.0
1969.96	1474.54	15.0
1970.04	1500.97	15.0
1970.13	1503.03	15.0
1970.21	1500.42	15.0
1970.29	1494.51	15.0
1970.38	1485.21	15.0
1970.46	1472.33	15.0
1970.54	1465.60	15.0
1970.63	1470.31	15.0
1970.71	1481.89	15.0
1970.79	1490.42	15.0
1970.88	1496.10	15.0
1970.96	1500.83	15.0
1971.04	1507.38	15.0
1971.13	1509.45	15.0
1971.21	1506.83	15.0
1971.29	1500.89	15.0
1971.38	1491.55	15.0
1971.46	1478.62	15.0
1971.54	1471.86	15.0
1971.63	1476.59	15.0
1971.71	1488.22	15.0
1971.79	1496.78	15.0
1971.88	1502.50	15.0
1971.96	1507.25	15.0
1972.04	1534.08	15.0
1972.13	1536.18	15.0
1972.21	1533.52	15.0
1972.29	1527.47	15.0
1972.38	1517.97	15.0
1972.46	1504.80	15.0
1972.54	1497.93	15.0
1972.63	1502.74	15.0
1972.71	1514.58	15.0
1972.79	1523.29	15.0
1972.88	1529.11	15.0
1972.96	1533.94	15.0
1973.04	1540.72	15.0
1973.13	1542.84	15.0
1973.21	1540.16	15.0
1973.29	1534.09	15.0
1973.38	1524.54	15.0
1973.46	1511.32	15.0
1973.54	1504.42	15.0
1973.63	1509.25	15.0
1973.71	1521.14	15.0
1973.79	1529.89	15.0
1973.88	1535.73	15.0
1973.96	1540.58	15.0
1974.04	1582.34	15.0
1974.13	1584.52	15.0
1974.21	1581.77	15.0
1974.29	1575.53	15.0
1974.38	1565.73	15.0
1974.46	1552.15	15.0
1974.54	1545.06	15.0
1974.63	1550.02	15.0
1974.71	1562.23	15.0
1974.79	1571.22	15.0
1974.88	1577.22	15.0
1974.96	1582.20	15.0
1975.04	1581.06	15.0
1975.13	1583.23	15.0
1975.21	1580.49	15.0
1975.29	1574.25	15.0
1975.38	1564.46	15.0
1975.46	1550.89	15.0
1975.54	1543.81	15.0
1975.63	1548.76	15.0
1975.71	1560.97	15.0
1975.79	1569.94	15.0
1975.88	1575.94	15.0
1975.96	1580.92	15.0
1976.04	1603.04	15.0
1976.13	1605.24	15.0
1976.21	1602.45	15.0
1976.29	1596.13	15.0
1976.38	1586.20	15.0
1976.46	1572.45	15.0
1976.54	1565.27	15.0
1976.63	1570.29	15.0
1976.71	1582.66	15.0
1976.79	1591.77	15.0
1976.88	1597.84	15.0
1976.96	1602.89	15.0
1977.04	1625.01	15.0
1977.13	1627.24	15.0
1977.21	1624.42	15.0
1977.29	1618.02	15.0
1977.38	1607.95	15.0
1977.46	1594.00	15.0
1977.54	1586.72	15.0
1977.63	1591.81	15.0
1977.71	1604.36	15.0
1977.79	1613.59	15.0
1977.88	1619.75	15.0
1977.96	1624.87	15.0
1978.04	1628.91	15.0
1978.13	1631.14	15.0
1978.21	1628.31	15.0
1978.29	1621.89	15.0
1978.38	1611.80	15.0
1978.46	1597.82	15.0
1978.54	1590.52	15.0
1978.63	1595.63	15.0
1978.71	1608.20	15.0
1978.79	1617.45	15.0
1978.88	1623.63	15.0
1978.96	1628.76	15.0
1979.04	1641.53	15.0
1979.13	1643.78	15.0
1979.21	1640.93	15.0
1979.29	1634.46	15.0
1979.38	1624.29	15.0
1979.46	1610.20	15.0
1979.54	1602.85	15.0
1979.63	1607.99	15.0
1979.71	1620.67	15.0
1979.79	1629.99	15.0
1979.88	1636.21	15.0
1979.96	1641.38	15.0
1980.04	1654.16	15.0
1980.13	1656.43	15.0
1980.21	1653.55	15.0
1980.29	1647.03	15.0
1980.38	1636.78	15.0
1980.46	1622.59	15.0
1980.54	1615.18	15.0
1980.63	1620.36	15.0
1980.71	1633.13	15.0
1980.79	1642.52	15.0
1980.88	1648.79	15.0
1980.96	1654.01	15.0
1981.04	1666.78	15.0
1981.13	1669.07	15.0
1981.21	1666.17	15.0
1981.29	1659.60	15.0
1981.38	1649.28	15.0
1981.46	1634.97	15.0
1981.54	1627.51	15.0
1981.63	1632.73	15.0
1981.71	1645.59	15.0
1981.79	1655.06	15.0
1981.88	1661.38	15.0
1981.96	1666.63	15.0
1982.04	1688.99	15.0
1982.13	1691.30	15.0
1982.21	1688.37	15.0
1982.29	1681.71	15.0
1982.38	1671.25	15.0
1982.46	1656.75	15.0
1982.54	1649.19	15.0
1982.63	1654.48	15.0
1982.71	1667.52	15.0
1982.79	1677.11	15.0
1982.88	1683.51	15.0
1982.96	1688.83	15.0
1983.04	1711.19	15.0
1983.13	1713.54	15.0
1983.21	1710.57	15.0
1983.29	1703.82	15.0
1983.38	1693.22	15.0
1983.46	1678.53	15.0
1983.54	1670.87	15.0
1983.63	1676.23	15.0
1983.71	1689.44	15.0
1983.79	1699.16	15.0
1983.88	1705.64	15.0
1983.96	1711.04	15.0
1984.04	1733.39	15.0
1984.13	1735.77	15.0
1984.21	1732.76	15.0
1984.29	1725.93	15.0
1984.38	1715.19	15.0
1984.46	1700.32	15.0
1984.54	1692.55	15.0
1984.63	1697.98	15.0
1984.71	1711.36	15.0
1984.79	1721.21	15.0
1984.88	1727.78	15.0
1984.96	1733.24	15.0
1985.04	1762.13	15.0
1985.13	1764.55	15.0
1985.21	1761.49	15.0
1985.29	1754.55	15.0
1985.38	1743.63	15.0
1985.46	1724.96	15.0
1985.54	1716.10	5.0
1985.63	1715.14	5.0
1985.71	1736.79	5.0
1985.79	1756.36	5.0
1985.88	1757.82	5.0
1985.96	1765.19	5.0
1986.04	1770.48	5.0
1986.13	1774.11	5.0
1986.21	1780.90	5.0
1986.29	1773.86	5.0
1986.38	1760.85	5.0
1986.46	1742.10	5.0
1986.54	1733.16	5.0
1986.63	1738.00	5.0
1986.71	1750.46	5.0
1986.79	1769.91	5.0
1986.88	1770.18	5.0
1986.96	1756.16	5.0
1987.04	1761.70	5.0
1987.13	1769.73	5.0
1987.21	1772.50	5.0
1987.29	1771.45	5.0
1987.38	1766.17	5.0
1987.46	1752.88	5.0
1987.54	1747.73	5.0
1987.63	1756.02	5.0
1987.71	1771.20	5.0
1987.79	1782.47	5.0
1987.88	1785.52	5.0
1987.96	1783.37	5.0
1988.04	1788.91	5.0
1988.13	1790.78	5.0
1988.21	1788.35	5.0
1988.29	1790.04	5.0
1988.38	1781.49	5.0
1988.46	1765.49	5.0
1988.54	1751.53	5.0
1988.63	1754.72	5.0
1988.71	1779.25	5.0
1988.79	1797.61	5.0
1988.88	1803.46	5.0
1988.96	1798.90	5.0
1989.04	1805.45	5.0
1989.13	1813.59	5.0
1989.21	1809.48	5.0
1989.29	1798.42	5.0
1989.38	1783.85	5.0
1989.46	1774.78	5.0
1989.54	1772.47	5.0
1989.63	1776.12	5.0
1989.71	1783.82	5.0
1989.79	1788.79	5.0
1989.88	1806.00	5.0
1989.96	1822.16	5.0
1990.04	1817.61	5.0
1990.13	1814.12	5.0
1990.21	1815.31	5.0
1990.29	1808.50	5.0
1990.38	1796.50	5.0
1990.46	1782.87	5.0
1990.54	1776.29	5.0
1990.63	1775.96	5.0
1990.71	1784.89	5.0
1990.79	1804.66	5.0
1990.88	1814.32	5.0
1990.96	1817.43	5.0
1991.04	1828.64	5.0
1991.13	1827.24	5.0
1991.21	1820.88	5.0
1991.29	1815.99	5.0
1991.38	1799.12	5.0
1991.46	1783.24	5.0
1991.54	1779.95	5.0
1991.63	1793.57	5.0
1991.71	1809.23	5.0
1991.79	1814.94	5.0
1991.88	1821.25	5.0
1991.96	1838.36	5.0
1992.04	1848.44	5.0
1992.13	1845.52	5.0
1992.21	1840.19	5.0
1992.29	1828.59	5.0
1992.38	1818.87	5.0
1992.46	1804.86	5.0
1992.54	1792.57	5.0
1992.63	1793.84	5.0
1992.71	1801.14	5.0
1992.79	1808.41	5.0
1992.88	1821.51	5.0
1992.96	1834.99	5.0
1993.04	1831.31	5.0
1993.13	1825.95	5.0
1993.21	1830.69	5.0
1993.29	1829.87	5.0
1993.38	1815.66	5.0
1993.46	1793.47	5.0
1993.54	1786.59	5.0
1993.63	1798.17	5.0
1993.71	1810.36	5.0
1993.79	1815.95	5.0
1993.88	1824.69	5.0
1993.96	1832.60	5.0
1994.04	1840.32	5.0
1994.13	1852.30	5.0
1994.21	1854.26	5.0
1994.29	1835.55	5.0
1994.38	1818.61	5.0
1994.46	1808.16	5.0
1994.54	1799.09	5.0
1994.63	1800.43	5.0
1994.71	1817.39	5.0
1994.79	1826.26	5.0
1994.88	1834.42	5.0
1994.96	1841.22	5.0
1995.04	1840.51	5.0
1995.13	1846.81	5.0
1995.21	1845.03	5.0
1995.29	1830.55	5.0
1995.38	1819.32	5.0
1995.46	1805.89	5.0
1995.54	1804.32	5.0
1995.63	1814.55	5.0
1995.71	1823.44	5.0
1995.79	1827.82	5.0
1995.88	1836.78	5.0
1995.96	1848.51	5.0
1996.04	1849.03	5.0
1996.13	1847.92	5.0
1996.21	1844.75	5.0
1996.29	1834.59	5.0
1996.38	1826.59	5.0
1996.46	1817.31	5.0
1996.54	1807.61	5.0
1996.63	1809.06	5.0
1996.71	1824.12	5.0
1996.79	1833.25	5.0
1996.88	1838.43	5.0
1996.96	1841.28	5.0
1997.04	1856.23	5.0
1997.13	1862.67	5.0
1997.21	1842.33	5.0
1997.29	1831.78	5.0
1997.38	1827.20	5.0
1997.46	1811.03	5.0
1997.54	1805.90	3.0
1997.63	1808.09	3.0
1997.71	1820.38	3.0
1997.79	1830.82	3.0
1997.88	1834.31	3.0
1997.96	1842.55	3.0
1998.04	1850.27	3.0
1998.13	1854.32	3.0
1998.21	1850.93	3.0
1998.29	1839.75	3.0
1998.38	1831.33	3.0
1998.46	1820.78	3.0
1998.54	1815.64	3.0
1998.63	1824.52	5.0
1998.71	1836.03	5.0
1998.79	1852.11	5.0
1998.88	1861.13	5.0
1998.96	1866.51	5.0
1999.04	1873.31	5.0
1999.13	1872.34	5.0
1999.21	1864.55	5.0
1999.29	1859.98	5.0
1999.38	1849.44	5.0
1999.46	1833.30	5.0
1999.54	1827.36	5.0
1999.63	1824.38	5.0
1999.71	1831.74	5.0
1999.79	1843.34	5.0
1999.88	1850.98	5.0
1999.96	1858.12	5.0
2000.04	1858.72	5.0
2000.13	1860.72	5.0
2000.21	1860.79	5.0
2000.29	1856.53	5.0
2000.38	1848.21	5.0
2000.46	1832.41	5.0
2000.54	1823.79	5.0
2000.63	1825.55	3.0
2000.71	1840.44	3.0
2000.79	1847.44	3.0
2000.88	1849.34	3.0
2000.96	1852.50	3.0
2001.04	1861.13	3.0
2001.13	1864.12	3.0
2001.21	1858.80	3.0
2001.29	1857.49	3.0
2001.38	1850.68	3.0
2001.46	1833.41	3.0
2001.54	1824.97	3.0
2001.63	1828.80	3.0
2001.71	1836.13	3.0
2001.79	1846.69	3.0
2001.88	1855.99	3.0
2001.96	1857.36	3.0
2002.04	1861.51	3.0
2002.13	1867.68	3.0
2002.21	1863.23	3.0
2002.29	1852.95	3.0
2002.38	1842.03	3.0
2002.46	1828.76	3.0
2002.54	1821.64	3.0
2002.63	1828.90	5.0
2002.71	1844.93	5.0
2002.79	1852.17	5.0
2002.88	1855.27	5.0
2002.96	1852.37	5.0
2003.04	1865.41	5.0
2003.13	1885.58	5.0
2003.21	1879.75	5.0
2003.29	1865.99	5.0
2003.38	1854.51	5.0
2003.46	1840.29	5.0
2003.54	1834.30	5.0
2003.63	1840.96	3.0
2003.71	1855.28	3.0
2003.79	1866.24	3.0
2003.88	1868.76	3.0
2003.96	1867.70	3.0
2004.04	1870.03	3.0
2004.13	1870.79	3.0
2004.21	1870.00	3.0
2004.29	1864.38	3.0
2004.38	1850.95	3.0
2004.46	1836.09	3.0
2004.54	1827.16	3.0
2004.63	1830.98	3.0
2004.71	1844.31	3.0
2004.79	1852.64	3.0
2004.88	1852.01	3.0
2004.96	1864.36	3.0
2005.04	1877.53	3.0
2005.13	1864.99	3.0
2005.21	1857.33	3.0
2005.29	1863.65	3.0
2005.38	1852.39	3.0
2005.46	1834.34	3.0
2005.54	1825.26	3.0
2005.63	1834.00	3.0
2005.71	1847.15	3.0
2005.79	1852.77	3.0
2005.88	1858.77	3.0
2005.96	1867.68	3.0
2006.04	1866.81	3.0
2006.13	1860.41	3.0
2006.21	1858.62	3.0
2006.29	1859.41	3.0
2006.38	1853.33	3.0
2006.46	1841.88	3.0
2006.54	1828.26	3.0
2006.63	1829.92	3.0
2006.71	1841.94	3.0
2006.79	1845.99	3.0
2006.88	1855.70	3.0
2006.96	1865.89	3.0
2007.04	1869.03	3.0
2007.13	1868.74	3.0
2007.21	1869.26	3.0
2007.29	1866.41	3.0
2007.38	1856.19	3.0
2007.46	1841.02	3.0
2007.54	1835.86	3.0
2007.63	1850.33	3.0
2007.71	1867.34	3.0
2007.79	1870.12	3.0
2007.88	1869.50	3.0
2007.96	1874.26	3.0
2008.04	1880.23	3.0
2008.13	1885.37	3.0
2008.21	1880.69	3.0
2008.29	1870.21	3.0
2008.38	1862.74	3.0
2008.46	1849.44	3.0
2008.54	1838.93	3.0
2008.63	1844.82	3.0
2008.71	1859.57	3.0
2008.79	1869.99	3.0
2008.88	1878.84	3.0
2008.96	1884.95	3.0
