CO2 history for the northern hemisphere provided by David Etheridge & Cathy Trudinger, CSIRO
year    concentration (ppm)
1800	281.3479
1801	281.6448
1802	281.9374
1803	282.2231
1804	282.4988
1805	282.7618
1806	283.0091
1807	283.2378
1808	283.4451
1809	283.6281
1810	283.784
1811	283.9097
1812	284.0025
1813	284.0595
1814	284.0778
1815	284.0554
1816	283.9972
1817	283.9117
1818	283.8072
1819	283.6924
1820	283.5755
1821	283.465
1822	283.3695
1823	283.2972
1824	283.2568
1825	283.2565
1826	283.3049
1827	283.4019
1828	283.5085
1829	283.6112
1830	283.7049
1831	283.7844
1832	283.8445
1833	283.8801
1834	283.89
1835	283.8894
1836	283.8942
1837	283.9172
1838	283.9708
1839	284.0681
1840	284.2249
1841	284.4575
1842	284.7723
1843	285.1349
1844	285.5008
1845	285.8325
1846	286.1207
1847	286.363
1848	286.557
1849	286.6926
1850	286.7598
1851	286.7777
1852	286.7614
1853	286.6853
1854	286.5586
1855	286.4203
1856	286.312
1857	286.2363
1858	286.1848
1859	286.1493
1860	286.1238
1861	286.112
1862	286.1197
1863	286.1559
1864	286.2418
1865	286.3956
1866	286.6121
1867	286.8802
1868	287.1889
1869	287.5271
1870	287.8843
1871	288.2504
1872	288.6026
1873	288.9146
1874	289.1602
1875	289.3228
1876	289.4243
1877	289.4959
1878	289.5692
1879	289.67
1880	289.8022
1881	289.9644
1882	290.155
1883	290.3725
1884	290.6259
1885	290.9579
1886	291.3572
1887	291.7794
1888	292.1928
1889	292.6205
1890	293.0889
1891	293.582
1892	294.0733
1893	294.5392
1894	294.9717
1895	295.3612
1896	295.6668
1897	295.857
1898	295.9706
1899	296.064
1900	295.8
1900.1	295.8264
1900.2	295.8531
1900.3	295.8802
1900.4	295.9079
1900.5	295.9365
1900.6	295.9662
1900.7	295.9971
1900.8	296.0296
1900.9	296.0638
1901	296.1
1901.1	296.1382
1901.2	296.1781
1901.3	296.2192
1901.4	296.261
1901.5	296.3031
1901.6	296.3449
1901.7	296.386
1901.8	296.4258
1901.9	296.464
1902	296.5
1902.1	296.5335
1902.2	296.5648
1902.3	296.5946
1902.4	296.6232
1902.5	296.6512
1902.6	296.6791
1902.7	296.7074
1902.8	296.7367
1902.9	296.7673
1903	296.8
1903.1	296.835
1903.2	296.872
1903.3	296.9108
1903.4	296.951
1903.5	296.9921
1903.6	297.0339
1903.7	297.076
1903.8	297.1179
1903.9	297.1594
1904	297.2
1904.1	297.2396
1904.2	297.2783
1904.3	297.3165
1904.4	297.3545
1904.5	297.3928
1904.6	297.4317
1904.7	297.4715
1904.8	297.5125
1904.9	297.5553
1905	297.6
1905.1	297.647
1905.2	297.6958
1905.3	297.7462
1905.4	297.7974
1905.5	297.8492
1905.6	297.9011
1905.7	297.9526
1905.8	298.0032
1905.9	298.0525
1906	298.1
1906.1	298.1454
1906.2	298.1889
1906.3	298.2307
1906.4	298.271
1906.5	298.3103
1906.6	298.3488
1906.7	298.3867
1906.8	298.4243
1906.9	298.462
1907	298.5
1907.1	298.5385
1907.2	298.5775
1907.3	298.617
1907.4	298.6569
1907.5	298.6971
1907.6	298.7375
1907.7	298.778
1907.8	298.8187
1907.9	298.8594
1908	298.9
1908.1	298.9406
1908.2	298.981
1908.3	299.0213
1908.4	299.0614
1908.5	299.1015
1908.6	299.1414
1908.7	299.1813
1908.8	299.221
1908.9	299.2606
1909	299.3
1909.1	299.3394
1909.2	299.3786
1909.3	299.418
1909.4	299.4574
1909.5	299.497
1909.6	299.5368
1909.7	299.5769
1909.8	299.6175
1909.9	299.6585
1910	299.7
1910.1	299.7421
1910.2	299.7845
1910.3	299.827
1910.4	299.8691
1910.5	299.9107
1910.6	299.9514
1910.7	299.9911
1910.8	300.0292
1910.9	300.0656
1911	300.1
1911.1	300.1322
1911.2	300.1626
1911.3	300.1917
1911.4	300.2199
1911.5	300.2478
1911.6	300.2759
1911.7	300.3047
1911.8	300.3346
1911.9	300.3662
1912	300.4
1912.1	300.4363
1912.2	300.4748
1912.3	300.5149
1912.4	300.5562
1912.5	300.5981
1912.6	300.6402
1912.7	300.6819
1912.8	300.7228
1912.9	300.7623
1913	300.8
1913.1	300.8354
1913.2	300.8689
1913.3	300.9005
1913.4	300.9308
1913.5	300.9599
1913.6	300.9883
1913.7	301.0161
1913.8	301.0438
1913.9	301.0717
1914	301.1
1914.1	301.1291
1914.2	301.1587
1914.3	301.1888
1914.4	301.2193
1914.5	301.2499
1914.6	301.2805
1914.7	301.311
1914.8	301.3412
1914.9	301.3709
1915	301.4
1915.1	301.4285
1915.2	301.4565
1915.3	301.4843
1915.4	301.5123
1915.5	301.5407
1915.6	301.5699
1915.7	301.6001
1915.8	301.6317
1915.9	301.6649
1916	301.7
1916.1	301.7373
1916.2	301.7764
1916.3	301.8168
1916.4	301.8582
1916.5	301.9
1916.6	301.9418
1916.7	301.9831
1916.8	302.0236
1916.9	302.0627
1917	302.1
1917.1	302.1353
1917.2	302.1685
1917.3	302.2001
1917.4	302.2304
1917.5	302.2596
1917.6	302.288
1917.7	302.316
1917.8	302.3438
1917.9	302.3717
1918	302.4
1918.1	302.429
1918.2	302.4585
1918.3	302.4885
1918.4	302.5188
1918.5	302.5493
1918.6	302.5798
1918.7	302.6103
1918.8	302.6406
1918.9	302.6705
1919	302.7
1919.1	302.729
1919.2	302.7576
1919.3	302.7861
1919.4	302.8146
1919.5	302.8435
1919.6	302.8729
1919.7	302.903
1919.8	302.9341
1919.9	302.9663
1920	303
1920.1	303.0353
1920.2	303.072
1920.3	303.11
1920.4	303.1492
1920.5	303.1894
1920.6	303.2305
1920.7	303.2722
1920.8	303.3145
1920.9	303.3571
1921	303.4
1921.1	303.443
1921.2	303.4858
1921.3	303.5283
1921.4	303.5703
1921.5	303.6115
1921.6	303.6519
1921.7	303.6911
1921.8	303.729
1921.9	303.7654
1922	303.8
1922.1	303.8329
1922.2	303.8641
1922.3	303.8942
1922.4	303.9234
1922.5	303.9521
1922.6	303.9806
1922.7	304.0093
1922.8	304.0385
1922.9	304.0687
1923	304.1
1923.1	304.1329
1923.2	304.1674
1923.3	304.2034
1923.4	304.241
1923.5	304.2802
1923.6	304.321
1923.7	304.3634
1923.8	304.4073
1923.9	304.4529
1924	304.5
1924.1	304.5487
1924.2	304.5986
1924.3	304.6494
1924.4	304.7007
1924.5	304.7522
1924.6	304.8035
1924.7	304.8543
1924.8	304.9042
1924.9	304.9529
1925	305
1925.1	305.0453
1925.2	305.0889
1925.3	305.1309
1925.4	305.1717
1925.5	305.2113
1925.6	305.25
1925.7	305.288
1925.8	305.3256
1925.9	305.3628
1926	305.4
1926.1	305.4373
1926.2	305.4748
1926.3	305.5128
1926.4	305.5512
1926.5	305.5903
1926.6	305.6302
1926.7	305.6709
1926.8	305.7127
1926.9	305.7557
1927	305.8
1927.1	305.8457
1927.2	305.8926
1927.3	305.9408
1927.4	305.99
1927.5	306.0401
1927.6	306.091
1927.7	306.1425
1927.8	306.1947
1927.9	306.2472
1928	306.3
1928.1	306.3529
1928.2	306.4058
1928.3	306.4584
1928.4	306.5105
1928.5	306.5618
1928.6	306.6122
1928.7	306.6615
1928.8	306.7093
1928.9	306.7556
1929	306.8
1929.1	306.8424
1929.2	306.8833
1929.3	306.9229
1929.4	306.9617
1929.5	307
1929.6	307.0384
1929.7	307.0772
1929.8	307.1168
1929.9	307.1576
1930	307.2
1930.1	307.2444
1930.2	307.2906
1930.3	307.3383
1930.4	307.3876
1930.5	307.4379
1930.6	307.4893
1930.7	307.5414
1930.8	307.594
1930.9	307.6469
1931	307.7
1931.1	307.7529
1931.2	307.8056
1931.3	307.8579
1931.4	307.9096
1931.5	307.9607
1931.6	308.0108
1931.7	308.06
1931.8	308.108
1931.9	308.1547
1932	308.2
1932.1	308.2437
1932.2	308.286
1932.3	308.3272
1932.4	308.3674
1932.5	308.4069
1932.6	308.4457
1932.7	308.4843
1932.8	308.5227
1932.9	308.5612
1933	308.6
1933.1	308.6392
1933.2	308.6788
1933.3	308.7188
1933.4	308.759
1933.5	308.7993
1933.6	308.8397
1933.7	308.88
1933.8	308.9202
1933.9	308.9602
1934	309
1934.1	309.0393
1934.2	309.0784
1934.3	309.1175
1934.4	309.1565
1934.5	309.1958
1934.6	309.2354
1934.7	309.2754
1934.8	309.3161
1934.9	309.3576
1935	309.3999
1935.1	309.4433
1935.2	309.4872
1935.3	309.5311
1935.4	309.5747
1935.5	309.6173
1935.6	309.6586
1935.7	309.698
1935.8	309.735
1935.9	309.7692
1936	309.8
1936.1	309.8271
1936.2	309.851
1936.3	309.8723
1936.4	309.8916
1936.5	309.9095
1936.6	309.9267
1936.7	309.9437
1936.8	309.9612
1936.9	309.9797
1937	310
1937.1	310.0223
1937.2	310.0462
1937.3	310.0708
1937.4	310.0955
1937.5	310.1194
1937.6	310.1417
1937.7	310.1617
1937.8	310.1786
1937.9	310.1916
1938	310.2
1938.1	310.2034
1938.2	310.2033
1938.3	310.2015
1938.4	310.1999
1938.5	310.2004
1938.6	310.2048
1938.7	310.2151
1938.8	310.2332
1938.9	310.2608
1939	310.2999
1939.1	310.3516
1939.2	310.414
1939.3	310.4844
1939.4	310.5602
1939.5	310.6387
1939.6	310.7173
1939.7	310.7932
1939.8	310.8638
1939.9	310.9265
1940	310.9785
1940.1	311.0179
1940.2	311.0456
1940.3	311.063
1940.4	311.0717
1940.5	311.0732
1940.6	311.069
1940.7	311.0606
1940.8	311.0496
1940.9	311.0375
1941	311.0257
1941.1	311.0156
1941.2	311.0072
1941.3	311.0002
1941.4	310.9944
1941.5	310.9897
1941.6	310.9857
1941.7	310.9822
1941.8	310.9791
1941.9	310.976
1942	310.9728
1942.1	310.9692
1942.2	310.9652
1942.3	310.9609
1942.4	310.9561
1942.5	310.951
1942.6	310.9456
1942.7	310.9397
1942.8	310.9335
1942.9	310.9269
1943	310.9199
1943.1	310.9126
1943.2	310.9052
1943.3	310.8979
1943.4	310.8908
1943.5	310.8843
1943.6	310.8784
1943.7	310.8736
1943.8	310.8699
1943.9	310.8676
1944	310.867
1944.1	310.868
1944.2	310.8707
1944.3	310.8746
1944.4	310.8795
1944.5	310.8851
1944.6	310.8911
1944.7	310.8973
1944.8	310.9034
1944.9	310.9091
1945	310.9141
1945.1	310.9182
1945.2	310.9217
1945.3	310.9248
1945.4	310.9279
1945.5	310.9311
1945.6	310.9349
1945.7	310.9395
1945.8	310.9452
1945.9	310.9523
1946	310.9612
1946.1	310.9719
1946.2	310.9843
1946.3	310.9981
1946.4	311.0129
1946.5	311.0286
1946.6	311.0448
1946.7	311.0611
1946.8	311.0774
1946.9	311.0931
1947	311.1082
1947.1	311.1224
1947.2	311.1358
1947.3	311.1489
1947.4	311.1618
1947.5	311.175
1947.6	311.1887
1947.7	311.2033
1947.8	311.2191
1947.9	311.2363
1948	311.2553
1948.1	311.2763
1948.2	311.2991
1948.3	311.3233
1948.4	311.3486
1948.5	311.3745
1948.6	311.4008
1948.7	311.4271
1948.8	311.453
1948.9	311.4782
1949	311.5024
1949.1	311.5253
1949.2	311.5472
1949.3	311.5687
1949.4	311.5903
1949.5	311.6125
1949.6	311.6357
1949.7	311.6606
1949.8	311.6874
1949.9	311.7169
1950	311.7495
1950.1	311.7854
1950.2	311.8245
1950.3	311.8663
1950.4	311.9103
1950.5	311.9561
1950.6	312.0032
1950.7	312.0513
1950.8	312.0999
1950.9	312.1484
1951	312.1965
1951.1	312.2438
1951.2	312.2904
1951.3	312.3362
1951.4	312.3814
1951.5	312.426
1951.6	312.4702
1951.7	312.5139
1951.8	312.5574
1951.9	312.6006
1952	312.6436
1952.1	312.6866
1952.2	312.7296
1952.3	312.7727
1952.4	312.8162
1952.5	312.8601
1952.6	312.9046
1952.7	312.9498
1952.8	312.9958
1952.9	313.0427
1953	313.0907
1953.1	313.1399
1953.2	313.1903
1953.3	313.2419
1953.4	313.2947
1953.5	313.3488
1953.6	313.4041
1953.7	313.4607
1953.8	313.5184
1953.9	313.5775
1954	313.6377
1954.1	313.6992
1954.2	313.7618
1954.3	313.8254
1954.4	313.8898
1954.5	313.9548
1954.6	314.0204
1954.7	314.0863
1954.8	314.1525
1954.9	314.2187
1955	314.2848
1955.1	314.3507
1955.2	314.4164
1955.3	314.4818
1955.4	314.547
1955.5	314.6119
1955.6	314.6765
1955.7	314.7408
1955.8	314.8049
1955.9	314.8686
1956	314.9319
1956.1	314.995
1956.2	315.0579
1956.3	315.1208
1956.4	315.184
1956.5	315.2477
1956.6	315.3119
1956.7	315.377
1956.8	315.443
1956.9	315.5103
1957	315.579
1957.1	315.6492
1957.2	315.7208
1957.3	315.7937
1957.4	315.8677
1957.5	315.9426
1957.6	316.0183
1957.7	316.0947
1957.8	316.1716
1957.9	316.2487
1958	316.326
1958.1	316.4034
1958.2	316.481
1958.3	316.5592
1958.4	316.6382
1958.5	316.7182
1958.6	316.7996
1958.7	316.8827
1958.8	316.9676
1958.9	317.0547
1959	317.1442
1959.1	317.2362
1959.2	317.3302
1959.3	317.4255
1959.4	317.5212
1959.5	317.6167
1959.6	317.7112
1959.7	317.8039
1959.8	317.8941
1959.9	317.9811
1960	318.0642
1960.1	318.1428
1960.2	318.2175
1960.3	318.2893
1960.4	318.3591
1960.5	318.4277
1960.6	318.496
1960.7	318.5649
1960.8	318.6353
1960.9	318.7081
1961	318.7842
1961.1	318.8641
1961.2	318.9473
1961.3	319.0327
1961.4	319.1195
1961.5	319.2066
1961.6	319.2931
1961.7	319.3781
1961.8	319.4606
1961.9	319.5396
1962	319.6142
1962.1	319.6837
1962.2	319.7485
1962.3	319.8093
1962.4	319.8665
1962.5	319.9211
1962.6	319.9734
1962.7	320.0243
1962.8	320.0743
1962.9	320.1241
1963	320.1743
1963.1	320.2255
1963.2	320.2773
1963.3	320.3296
1963.4	320.3818
1963.5	320.4337
1963.6	320.4847
1963.7	320.5347
1963.8	320.5832
1963.9	320.6299
1964	320.6743
1964.1	320.7166
1964.2	320.7578
1964.3	320.7996
1964.4	320.8436
1964.5	320.8915
1964.6	320.9447
1964.7	321.005
1964.8	321.0739
1964.9	321.1531
1965	321.244
1965.1	321.3478
1965.2	321.4625
1965.3	321.5858
1965.4	321.7152
1965.5	321.8484
1965.6	321.9827
1965.7	322.1159
1965.8	322.2455
1965.9	322.369
1966	322.4839
1966.1	322.5886
1966.2	322.6837
1966.3	322.7708
1966.4	322.8512
1966.5	322.9263
1966.6	322.9977
1966.7	323.0667
1966.8	323.1349
1966.9	323.2035
1967	323.2742
1967.1	323.3481
1967.2	323.4259
1967.3	323.5082
1967.4	323.5955
1967.5	323.6883
1967.6	323.7872
1967.7	323.8926
1967.8	324.0052
1967.9	324.1254
1968	324.2538
1968.1	324.3905
1968.2	324.5342
1968.3	324.6835
1968.4	324.8365
1968.5	324.9917
1968.6	325.1475
1968.7	325.3022
1968.8	325.4543
1968.9	325.602
1969	325.7437
1969.1	325.8782
1969.2	326.0053
1969.3	326.1255
1969.4	326.2389
1969.5	326.3459
1969.6	326.4467
1969.7	326.5416
1969.8	326.631
1969.9	326.715
1970	326.7941
1970.1	326.8685
1970.2	326.9391
1970.3	327.0069
1970.4	327.0725
1970.5	327.1371
1970.6	327.2014
1970.7	327.2663
1970.8	327.3328
1970.9	327.4018
1971	327.4741
1971.1	327.5507
1971.2	327.6331
1971.3	327.7226
1971.4	327.8208
1971.5	327.929
1971.6	328.0489
1971.7	328.1818
1971.8	328.3292
1971.9	328.4925
1972	328.6733
1972.1	328.872
1972.2	329.085
1972.3	329.3076
1972.4	329.5351
1972.5	329.763
1972.6	329.9865
1972.7	330.201
1972.8	330.4017
1972.9	330.5842
1973	330.7436
1973.1	330.8767
1973.2	330.9858
1973.3	331.0747
1973.4	331.1471
1973.5	331.2067
1973.6	331.2573
1973.7	331.3026
1973.8	331.3463
1973.9	331.3923
1974	331.4442
1974.1	331.505
1974.2	331.5743
1974.3	331.6512
1974.4	331.7344
1974.5	331.8228
1974.6	331.9153
1974.7	332.0108
1974.8	332.1082
1974.9	332.2062
1975	332.3039
1975.1	332.4004
1975.2	332.4961
1975.3	332.5919
1975.4	332.6887
1975.5	332.7871
1975.6	332.8881
1975.7	332.9925
1975.8	333.101
1975.9	333.2144
1976	333.3337
1976.1	333.4595
1976.2	333.5928
1976.3	333.7343
1976.4	333.8848
1976.5	334.0452
1976.6	334.2162
1976.7	334.3987
1976.8	334.5934
1976.9	334.8012
1977	335.0229
1977.1	335.2578
1977.2	335.4992
1977.3	335.7389
1977.4	335.9686
1977.5	336.18
1977.6	336.365
1977.7	336.5152
1977.8	336.6224
1977.9	336.6784
1978	336.6748
1978.1	336.6104
1978.2	336.5115
1978.3	336.4119
1978.4	336.3452
1978.5	336.3451
1978.6	336.4452
1978.7	336.6792
1978.8	337.0807
1978.9	337.6834
1979	338.521
1979.1	339.6751
1979.2	340.8535
1979.3	341.1788
1979.4	342.1558
1979.5	338.0618
1979.6	329.703
1979.7	329.9094
1979.8	334.3338
1979.9	337.0312
1980	339.3113
1980.1	341.1602
1980.2	342.5924
1980.3	342.8855
1980.4	343.5468
1980.5	340.382
1980.6	333.7121
1980.7	332.7397
1980.8	337.0396
1980.9	340.0377
1981	342.3736
1981.1	344.0655
1981.2	344.3259
1981.3	344.6493
1981.4	345.4205
1981.5	341.2847
1981.6	333.699
1981.7	334.4406
1981.8	338.9356
1981.9	341.6887
1982	343.7169
1982.1	345.461
1982.2	346.0457
1982.3	345.9509
1982.4	346.0597
1982.5	342.7297
1982.6	335.0963
1982.7	333.621
1982.8	338.1653
1982.9	341.5708
1983	344.4621
1983.1	345.5306
1983.2	346.318
1983.3	346.733
1983.4	346.5001
1983.5	343.2299
1983.6	335.7124
1983.7	335.6206
1983.8	341.2528
1983.9	344.1113
1984	346.2278
1984.1	348.3961
1984.2	348.6393
1984.3	348.669
1984.4	348.4347
1984.5	344.6562
1984.6	338.1489
1984.7	338.5091
1984.8	342.4803
1984.9	344.8198
1985	347.2692
1985.1	348.2974
1985.2	349.5724
1985.3	350.7083
1985.4	350.8262
1985.5	346.6461
1985.6	339.3532
1985.7	338.5888
1985.8	343.3541
1985.9	346.2725
1986	348.8731
1986.1	350.7733
1986.2	351.9025
1986.3	352.2121
1986.4	351.7859
1986.5	347.6159
1986.6	340.5712
1986.7	340.4988
1986.8	345.2255
1986.9	348.4593
1987	350.648
1987.1	351.9329
1987.2	352.9306
1987.3	353.2811
1987.4	353.33
1987.5	349.6921
1987.6	342.2227
1987.7	341.2838
1987.8	346.5126
1987.9	349.8166
1988	352.6812
1988.1	355.0036
1988.2	355.5732
1988.3	356.2847
1988.4	355.9915
1988.5	351.829
1988.6	344.2657
1988.7	345.2577
1988.8	350.6276
1988.9	354.17
1989	357.191
1989.1	357.862
1989.2	358.1505
1989.3	358.3331
1989.4	357.9662
1989.5	353.9946
1989.6	346.1516
1989.7	346.1817
1989.8	351.5715
1989.9	355.356
1990	357.9958
1990.1	359.1804
1990.2	360.0677
1990.3	359.6733
1990.4	358.5858
1990.5	353.2036
1990.6	346.7205
1990.7	347.2768
1990.8	352.48
1990.9	355.752
1991	358.77
1991.1	360.512
1991.2	360.7512
1991.3	360.8991
1991.4	360.4565
1991.5	356.0323
1991.6	349.1627
1991.7	348.8658
1991.8	353.9296
1991.9	357.5925
1992	359.7713
1992.1	360.5324
1992.2	361.1078
1992.3	361.5244
1992.4	361.0355
1992.5	356.717
1992.6	348.6996
1992.7	348.0459
1992.8	352.9243
1992.9	356.7453
1993	359.6845
1993.1	360.5297
1993.2	361.488
1993.3	361.7554
1993.4	361.5588
1993.5	356.5913
1993.6	349.0343
1993.7	349.3131
1993.8	354.0128
1993.9	357.849
1994	360.2181
1994.1	361.9488
1994.2	363.169
1994.3	362.904
1994.4	362.513
1994.5	358.6291
1994.6	351.2009
1994.7	350.9666
1994.8	356.6028
1994.9	360.2604
1995	362.2871
1995.1	364.0621
1995.2	365.179
1995.3	364.8852
1995.4	363.806
1995.5	359.9162
1995.6	353.3654
1995.7	353.49
1995.8	358.3126
1995.9	362.2425
1996	364.5946
1996.1	365.5452
1996.2	366.0418
1996.3	366.6412
1996.4	366.7431
1996.5	363.8902
1996.6	356.7161
1996.7	355.0369
1996.8	360.4085
1996.9	363.3902
1997	365.2397
1997.1	367.2769
1997.2	367.7021
1997.3	367.7989
1997.4	367.4569
1997.5	362.125
1997.6	355.9912
1997.7	356.0516
1997.8	360.7104
1997.9	365.1643
1998	367.3432
1998.1	368.681
1998.2	369.7163
1998.3	370.0066
1998.4	369.1025
1998.5	364.9919
1998.6	358.2179
1998.7	359.8863
1998.8	365.2042
1998.9	368.0859
1999	370.8427
1999.1	372.2541
1999.2	373.0179
1999.3	373.1968
1999.4	372.3992
1999.5	367.5049
1999.6	360.0827
1999.7	360.7837
1999.8	366.0495
1999.9	369.6067
2000	372.1789
2000.1	373.5401
2000.2	374.1014
2000.3	373.8665
2000.4	373.7137
2000.5	369.7419
2000.6	363.1104
2000.7	362.6251
2000.8	367.904
2000.9	372.0905
2001	373.1146
2001.1	375.3581
2001.2	375.2498
2001.3	376.1802
2001.4	375.4558
2001.5	369.9976
2001.6	364.5195
2001.7	363.6585
2001.8	368.6331
2001.9	373.2986
2002	374.8262
2002.1	376.1818
2002.2	377.7325
2002.3	378.0349
2002.4	377.4374
2002.5	373.1439
2002.6	367.1388
2002.7	365.7566
2002.8	371.339
2002.9	375.3505
2003	377.3339
2003.1	378.7919
2003.2	380.1068
2003.3	380.6632
2003.4	379.9654
2003.5	375.2287
2003.6	368.8476
2003.7	368.871
2003.8	374.8229
2003.9	380.2062
2004	380.1375
2004.1	380.5286
2004.2	382.5631
2004.3	382.7249
2004.4	380.8677
2004.5	376.4429
2004.6	370.2614
2004.7	368.9387
2004.8	374.6523
2004.9	379.5515
2005	382.3324
2005.1	383.2932
2005.2	383.2758
2005.3	384.4444
2005.4	384.1549
2005.5	378.2337
2005.6	371.6603
2005.7	372.2169
2005.8	376.6781
2005.9	381.7723
2006	384.1259
2006.1	385.2642
2006.2	386.0049
2006.3	387.0325
2006.4	386.5263
2006.5	381.9897
2006.6	375.1221
2006.7	374.321
2006.8	380.0951
2006.9	385.2144
2007	386.526
2007.1	387.417
2007.2	388.4493
2007.3	388.4045
2007.4	386.8878
2007.5	381.8975
2007.6	375.6715
2007.7	375.7801
2007.8	381.6819
2007.9	385.7509
2008	387.6169
2008.1	389.8064
2008.2	391.5084
2008.3	391.7627
2008.4	390.18
2008.5	384.8517
2008.6	378.649
2008.7	377.6558
2008.8	382.8142
