CO2 history for the northern hemisphere provided by David Etheridge, CSIRO
year    concentration (ppm)
1800	281.3479
1801	281.6448
1802	281.9374
1803	282.2231
1804	282.4988
1805	282.7618
1806	283.0091
1807	283.2378
1808	283.4451
1809	283.6281
1810	283.784
1811	283.9097
1812	284.0025
1813	284.0595
1814	284.0778
1815	284.0554
1816	283.9972
1817	283.9117
1818	283.8072
1819	283.6924
1820	283.5755
1821	283.465
1822	283.3695
1823	283.2972
1824	283.2568
1825	283.2565
1826	283.3049
1827	283.4019
1828	283.5085
1829	283.6112
1830	283.7049
1831	283.7844
1832	283.8445
1833	283.8801
1834	283.89
1835	283.8894
1836	283.8942
1837	283.9172
1838	283.9708
1839	284.0681
1840	284.2249
1841	284.4575
1842	284.7723
1843	285.1349
1844	285.5008
1845	285.8325
1846	286.1207
1847	286.363
1848	286.557
1849	286.6926
1850	286.7598
1851	286.7777
1852	286.7614
1853	286.6853
1854	286.5586
1855	286.4203
1856	286.312
1857	286.2363
1858	286.1848
1859	286.1493
1860	286.1238
1861	286.112
1862	286.1197
1863	286.1559
1864	286.2418
1865	286.3956
1866	286.6121
1867	286.8802
1868	287.1889
1869	287.5271
1870	287.8843
1871	288.2504
1872	288.6026
1873	288.9146
1874	289.1602
1875	289.3228
1876	289.4243
1877	289.4959
1878	289.5692
1879	289.67
1880	289.8022
1881	289.9644
1882	290.155
1883	290.3725
1884	290.6259
1885	290.9579
1886	291.3572
1887	291.7794
1888	292.1928
1889	292.6205
1890	293.0889
1891	293.582
1892	294.0733
1893	294.5392
1894	294.9717
1895	295.3612
1896	295.6668
1897	295.857
1898	295.9706
1899	296.064
1900	295.8
1901	296.1
1902	296.5
1903	296.8
1904	297.2
1905	297.6
1906	298.1
1907	298.5
1908	298.9
1909	299.3
1910	299.7
1911	300.1
1912	300.4
1913	300.8
1914	301.1
1915	301.4
1916	301.7
1917	302.1
1918	302.4
1919	302.7
1920	303
1921	303.4
1922	303.8
1923	304.1
1924	304.5
1925	305
1926	305.4
1927	305.8
1928	306.3
1929	306.8
1930	307.2
1931	307.7
1932	308.2
1933	308.6
1934	309
1935	309.4
1936	309.8
1937	310
1938	310.2
1939	310.3
1940	310.9785833
1941	311.0256833
1942	310.9727833
1943	310.9198833
1944	310.8669833
1945	310.9140833
1946	310.9611833
1947	311.1082833
1948	311.2553833
1949	311.5024833
1950	311.7495833
1951	312.1966833
1952	312.6437833
1953	313.0908833
1954	313.6379833
1955	314.2850833
1956	314.9321833
1957	315.5792833
1958	316.3263833
1959	317.1445833
1960	318.0645833
1961	318.7845833
1962	319.6145833
1963	320.1745833
1964	320.6745833
1965	321.2445833
1966	322.4845833
1967	323.2745833
1968	324.2545833
1969	325.7445833
1970	326.7945833
1971	327.4745833
1972	328.6745833
1973	330.7445833
1974	331.4445833
1975	332.3045833
1976	333.3345833
1977	335.0245833
1978	336.6745833
1979	338.5287
1979.05	339.0537
1979.1	339.6847
1979.15	340.3815
1979.2	340.8604
1979.25	340.9979
1979.3	341.1809
1979.35	341.754
1979.4	342.1552
1979.45	341.2011
1979.5	338.0012
1979.55	333.4027
1979.6	329.654
1979.65	328.5419
1979.7	329.9449
1979.75	332.3269
1979.8	334.3635
1979.85	335.8153
1979.9	337.0496
1979.95	338.2479
1980	339.3285
1980.05	340.2386
1980.1	341.1743
1980.15	342.0744
1980.2	342.5996
1980.25	342.7074
1980.3	342.8893
1980.35	343.2707
1980.4	343.5469
1980.45	342.76
1980.5	340.3346
1980.55	336.8308
1980.6	333.6682
1980.65	332.168
1980.7	332.7614
1980.75	334.797
1980.8	337.0768
1980.85	338.8128
1980.9	340.055
1980.95	341.2047
1981	342.3924
1981.05	343.4247
1981.1	344.0738
1981.15	344.2875
1981.2	344.3259
1981.25	344.409
1981.3	344.6533
1981.35	345.158
1981.4	345.418
1981.45	344.3401
1981.5	341.2248
1981.55	336.9423
1981.6	333.6562
1981.65	332.9309
1981.7	334.4786
1981.75	336.8642
1981.8	338.9674
1981.85	340.5213
1981.9	341.7063
1981.95	342.7346
1982	343.7329
1982.05	344.6942
1982.1	345.4721
1982.15	345.9228
1982.2	346.046
1982.25	345.9861
1982.3	345.9502
1982.35	346.0583
1982.4	346.0546
1982.45	345.1759
1982.5	342.6789
1982.55	338.8049
1982.6	335.0402
1982.65	333.1108
1982.7	333.6449
1982.75	335.8106
1982.8	338.206
1982.85	340.073
1982.9	341.5938
1982.95	343.1233
1983	344.4831
1983.05	345.2612
1983.1	345.5326
1983.15	345.8188
1983.2	346.3272
1983.25	346.7152
1983.3	346.731
1983.35	346.6182
1983.4	346.4934
1983.45	345.6603
1983.5	343.1788
1983.55	339.2597
1983.6	335.6599
1983.65	334.307
1983.7	335.6596
1983.75	338.5308
1983.8	341.297
1983.85	343.1115
1983.9	344.1245
1983.95	345.0406
1984	346.2494
1984.05	347.5381
1984.1	348.4077
1984.15	348.6833
1984.2	348.6369
1984.25	348.6019
1984.3	348.6701
1984.35	348.7186
1984.4	348.4235
1984.45	347.2066
1984.5	344.6044
1984.55	341.0604
1984.6	338.107
1984.65	337.2377
1984.7	338.544
1984.75	340.7307
1984.8	342.5084
1984.85	343.6935
1984.9	344.8387
1984.95	346.1828
1985	347.286
1985.05	347.9309
1985.10001	348.3026
1985.15001	348.8407
1985.20001	349.5867
1985.25001	350.2516
1985.30001	350.7139
1985.35001	351.0038
1985.40001	350.8163
1985.45001	349.4421
1985.50001	346.5883
1985.55001	342.6864
1985.60001	339.3029
1985.65001	337.795
1985.70001	338.6178
1985.75001	340.9954
1985.80001	343.3952
1985.85001	345.0829
1985.90001	346.2914
1985.95001	347.5481
1986.00001	348.8973
1986.05001	350.0105
1986.10001	350.7847
1986.15001	351.4012
1986.20001	351.9106
1986.25001	352.1773
1986.30001	352.2104
1986.35001	352.1435
1986.40001	351.773
1986.45001	350.4148
1986.50001	347.5562
1986.55001	343.7317
1986.60001	340.5232
1986.65001	339.3943
1986.70001	340.5342
1986.75001	342.9012
1986.80001	345.2669
1986.85001	347.0871
1986.90001	348.4815
1986.95001	349.6805
1987.00001	350.6644
1987.05001	351.3778
1987.10001	351.942
1987.15001	352.4903
1987.20001	352.938
1987.25001	353.1655
1987.30001	353.282
1987.35001	353.4247
1987.40001	353.3227
1987.45001	352.2188
1987.50001	349.6357
1987.55001	345.8
1987.60001	342.1643
1987.65001	340.4555
1987.70002	341.3175
1987.75002	343.8604
1987.80002	346.5616
1987.85002	348.5139
1987.90002	349.8381
1987.95002	351.1449
1988.00002	352.711
1988.05002	354.1672
1988.10002	355.0153
1988.15002	355.3213
1988.20002	355.5776
1988.25002	355.982
1988.30002	356.2889
1988.35002	356.3212
1988.40002	355.9774
1988.45002	354.6974
1988.50002	351.7641
1988.55002	347.6143
1988.60002	344.2144
1988.65002	343.4401
1988.70002	345.3097
1988.75002	348.2091
1988.80002	350.6703
1988.85002	352.4967
1988.90002	354.2008
1988.95002	355.9162
1989.00002	357.2117
1989.05002	357.7747
1989.10002	357.8614
1989.15002	357.9148
1989.20002	358.1562
1989.25002	358.3398
1989.30002	358.3309
1989.35002	358.2477
1989.40002	357.9536
1989.45002	356.7957
1989.50002	353.9286
1989.55002	349.7419
1989.60002	346.0933
1989.65002	344.836
1989.70002	346.2263
1989.75002	348.971
1989.80002	351.6202
1989.85002	353.6741
1989.90002	355.3855
1989.95002	356.9203
1990.00002	358.0138
1990.05002	358.6577
1990.10002	359.1893
1990.15002	359.7568
1990.20002	360.0716
1990.25002	359.9542
1990.30002	359.6652
1990.35003	359.3638
1990.40003	358.5621
1990.45003	356.5116
1990.50003	353.1303
1990.55003	349.3832
1990.60003	346.6812
1990.65003	345.9775
1990.70003	347.3174
1990.75003	349.9042
1990.80003	352.5303
1990.85003	354.4186
1990.90003	355.7759
1990.95003	357.2237
1991.00003	358.8007
1991.05003	359.9825
1991.10003	360.5177
1991.15003	360.6738
1991.20003	360.7526
1991.25003	360.8297
1991.30003	360.8995
1991.35003	360.8739
1991.40003	360.4406
1991.45003	358.9016
1991.50003	355.9647
1991.55003	352.2455
1991.60003	349.1109
1991.65003	347.9158
1991.70003	348.9017
1991.75003	351.3168
1991.80003	353.9827
1991.85003	356.0974
1991.90003	357.6183
1991.95003	358.8381
1992.00003	359.7882
1992.05003	360.2966
1992.10003	360.5362
1992.15003	360.7567
1992.20003	361.1156
1992.25003	361.4312
1992.30003	361.5238
1992.35003	361.4282
1992.40003	361.0194
1992.45003	359.6672
1992.50003	356.6443
1992.55003	352.3793
1992.60003	348.6357
1992.65003	347.1083
1992.70003	348.0836
1992.75003	350.51
1992.80003	352.9729
1992.85003	355.0095
1992.90003	356.7783
1992.95004	358.4641
1993.00004	359.7059
1993.05004	360.2753
1993.10004	360.5334
1993.15004	360.9617
1993.20004	361.4992
1993.25004	361.7623
1993.30004	361.7526
1993.35004	361.7784
1993.40004	361.5455
1993.45004	359.9942
1993.50004	356.5074
1993.55004	352.1594
1993.60004	348.9846
1993.65004	348.1503
1993.70004	349.3536
1993.75004	351.6107
1993.80004	354.0636
1993.85004	356.2057
1993.90004	357.8799
1993.95004	359.1822
1994.00004	360.2387
1994.05004	361.1306
1994.10004	361.9656
1994.15004	362.6897
1994.20004	363.1768
1994.25004	363.179
1994.30004	362.8962
1994.35004	362.7218
1994.40004	362.5026
1994.45004	361.3564
1994.50004	358.5582
1994.55004	354.5991
1994.60004	351.1408
1994.65004	349.8109
1994.70004	351.0118
1994.75004	353.7738
1994.80004	356.6617
1994.85004	358.8297
1994.90004	360.2858
1994.95004	361.366
1995.00004	362.3063
1995.05004	363.2097
1995.10004	364.0795
1995.15004	364.7934
1995.20004	365.1838
1995.25004	365.1812
1995.30004	364.8761
1995.35004	364.4281
1995.40004	363.7865
1995.45004	362.4503
1995.50003	359.8524
1995.55003	356.3097
1995.60003	353.3136
1995.65003	352.3485
1995.70003	353.5316
1995.75003	355.8882
1995.80003	358.3644
1995.85003	360.5175
1995.90003	362.2762
1995.95003	363.6354
1996.00003	364.6118
1996.05003	365.2289
1996.10003	365.5503
1996.15002	365.7618
1996.20002	366.0484
1996.25002	366.3867
1996.30002	366.6455
1996.35002	366.7962
1996.40002	366.7358
1996.45002	365.9659
1996.50002	363.8325
1996.55002	360.3362
1996.60002	356.6449
1996.65002	354.542
1996.70002	355.0699
1996.75002	357.6128
1996.80001	360.4672
1996.85001	362.3912
1996.90001	363.406
1996.95001	364.2141
1997.00001	365.2635
1997.05001	366.4235
1997.10001	367.2919
1997.15001	367.6634
1997.20001	367.7009
1997.25001	367.7014
1997.30001	367.8
1997.35001	367.9173
1997.40001	367.4355
1997.45	365.5435
1997.5	362.0407
1997.55	358.4214
1997.6	355.9532
1997.65	355.2102
1997.7	356.0838
1997.75	358.15
1997.8	360.7686
1997.85	363.2556
1997.9	365.2
1997.95	366.5236
1998	367.3579
1998.05	367.9984
1998.09999	368.6956
1998.14999	369.352
1998.19999	369.722
1998.24999	369.872
1998.29999	370.0073
1998.34999	369.9134
1998.39999	369.0779
1998.44999	367.3246
1998.49999	364.9385
1998.54999	361.3474
1998.59999	358.1625
1998.64999	357.7267
1998.69999	359.9538
1998.74998	362.807
1998.79998	365.2521
1998.84998	366.8452
1998.89998	368.111
1998.94998	369.5139
1998.99998	370.8698
1999.04998	371.7806
1999.09998	372.2613
1999.14998	372.6377
1999.19998	373.0256
1999.24998	373.2428
1999.29998	373.1927
1999.34998	372.9665
1999.39997	372.3785
1999.44997	370.7076
1999.49997	367.4251
1999.54997	363.2545
1999.59997	360.0303
1999.64997	359.2351
1999.69997	360.835
1999.74997	363.556
1999.79997	366.1006
1999.84997	368.0425
1999.89997	369.6377
1999.94997	371.0696
1999.99997	372.2003
2000.04996	372.9729
2000.09996	373.5501
2000.14996	373.9736
2000.19996	374.102
2000.24996	373.9696
2000.29996	373.8642
2000.34996	373.9128
2000.39996	373.7025
2000.44996	372.4065
2000.49996	369.6751
2000.54996	365.9702
2000.59996	363.0594
2000.64996	362.0705
2000.69995	362.6505
2000.74995	364.8764
2000.79995	367.9713
2000.84995	370.693
2000.89995	372.111
2000.94995	372.534
2000.99995	373.1291
2001.04995	374.3449
2001.09995	375.3768
2001.14995	375.5175
2001.19995	375.2431
2001.24995	375.4604
2001.29995	376.1956
2001.34995	376.4855
2001.39994	375.4201
2001.44994	372.9952
2001.49994	369.9296
2001.54994	366.9274
2001.59994	364.4773
2001.64994	363.1982
2001.69994	363.6851
2001.74994	365.8197
2001.79994	368.6974
2001.84994	371.3764
2001.89994	373.3326
2001.94994	374.4007
2001.99994	374.8326
2002.04993	375.2917
2002.09993	376.2034
2002.14993	377.2128
2002.19993	377.74
2002.24993	377.8579
2002.29993	378.037
2002.34993	378.1417
2002.39993	377.4122
2002.44993	375.5281
2002.49993	373.0755
2002.54993	370.8883
2002.59993	367.0455
2002.64993	365.0056
2002.69992	365.7961
2002.74992	368.4301
2002.79992	371.4019
2002.84992	373.7116
2002.89992	375.3804
2002.94992	376.546
2002.99992	377.3489
2003.04992	378.0439
2003.09992	378.8085
2003.14992	379.5536
2003.19992	380.1169
2003.24992	380.4767
2003.29992	380.6644
2003.34991	380.5892
2003.39991	379.9426
2003.44991	378.2269
2003.49991	375.157
2003.54991	371.4339
2003.59991	368.8078
2003.64991	367.9373
2003.69991	368.9091
2003.74991	371.4233
2003.79991	374.8998
2003.84991	378.2512
2003.89991	380.2351
2003.94991	380.554
2003.9999	380.1258
2004.0499	380.0076
2004.0999	380.5455
2004.1499	381.5519
2004.1999	382.5823
2004.2499	383.0479
2004.2999	382.7108
2004.3499	381.906
2004.3999	380.8398
2004.4499	379.1067
2004.4999	376.3774
2004.5499	373.1027
2004.5999	370.2093
2004.64989	368.5956
2004.69989	368.965
2004.74989	371.3653
2004.79989	374.7273
2004.84989	377.6221
2004.89989	379.5854
2004.94989	381.0795
2004.99989	382.3566
2005.04989	383.1326
2005.09989	383.2924
2005.14989	383.1952
2005.19989	383.2804
2005.24989	383.7505
2005.29988	384.4578
2005.34988	384.8408
2005.39988	384.1262
2005.44988	381.8181
2005.49988	378.1495
2005.54988	374.2423
2005.59988	371.6205
2005.64988	371.0973
2005.69988	372.2555
2005.74988	374.2575
2005.79988	376.7333
2005.84988	379.4578
2005.89988	381.8177
2005.94987	383.3134
2005.99987	384.1383
2006.04987	384.7554
2006.09987	385.2747
2006.14987	385.6438
2006.19987	386.013
2006.24987	386.5325
2006.29987	387.0409
2006.34987	387.1533
2006.39987	386.5024
2006.44987	384.796
2006.49987	381.92
2006.54987	378.2895
2006.59986	375.0644
2006.64986	373.5786
2006.69986	374.3575
2006.74986	376.8816
2006.79986	380.1666
2006.84986	383.2167
2006.89986	385.248
2006.94986	386.1526
2006.99986	386.531
2007.04986	386.9333
2007.09986	387.4284
2007.14986	387.9586
2007.19986	388.4583
2007.24986	388.6591
2007.29985	388.3942
2007.34985	387.821
2007.39985	386.8604
2007.44985	384.9386
2007.49985	381.8244
2007.54985	378.2994
2007.59985	375.6281
2007.64985	374.7159
2007.69985	375.8209
2007.74985	378.5213
2007.79985	381.7506
2007.84985	384.3214
2007.89985	385.7733
2007.94984	386.6227
2007.99984	387.6334
2008.04984	389.2216643
2008.09984	389.8060929
2008.14984	390.6880143
2008.19984	391.5241571
2008.24984	391.8285071
2008.29984	391.7557786
2008.34984	391.3582
2008.39984	390.1446214
2008.44984	387.8681143
2008.49984	384.7811
2008.54984	381.4141786
2008.59984	378.5989857
2008.64984	377.2192286
2008.69984	377.6823429
2008.74984	379.8681714
2008.79984	382.8851571
2008.84984	385.8763429