Preliminary SF6 history for the northern hemisphere stacked by Christo, based on NOAA data, Alert data and Mais 
year    c(ppt)  sigma (ppt)
1800.00	0.000	0.05
1952.50	0.000	0.05
1953.50	0.040	0.1
1954.50	0.040	0.1
1955.50	0.040	0.1
1956.50	0.040	0.1
1957.50	0.050	0.1
1958.50	0.050	0.1
1959.50	0.050	0.1
1960.50	0.050	0.1
1961.50	0.060	0.1
1962.50	0.070	0.1
1963.50	0.080	0.1
1964.50	0.090	0.1
1965.50	0.110	0.3
1966.50	0.130	0.3
1967.50	0.160	0.3
1968.50	0.180	0.3
1969.50	0.210	0.3
1970.50	0.230	0.3
1971.50	0.260	0.3
1972.50	0.300	0.5
1973.50	0.340	0.5
1974.50	0.390	0.5
1975.50	0.440	0.5
1976.50	0.500	0.5
1977.50	0.580	0.5
1978.50	0.660	0.5
1979.50	0.760	0.5
1980.50	0.880	0.5
1981.50	1.010	0.5
1982.50	1.140	0.5
1983.50	1.270	0.5
1984.50	1.410	0.5
1985.50	1.560	0.5
1986.50	1.720	0.5
1987.50	1.890	0.5
1988.50	2.060	0.5
1989.50	2.230	0.5
1990.50	2.420	0.5
1991.50	2.630	0.5
1992.50	2.860	0.5
1993.32	3.207	0.15
1993.36	3.201	0.15
1993.40	3.151	0.15
1993.43	3.193	0.15
1993.47	3.338	0.15
1993.51	3.250	0.15
1993.55	3.216	0.15
1993.59	3.214	0.15
1993.63	3.218	0.15
1993.66	3.234	0.15
1993.70	3.157	0.15
1993.74	3.201	0.15
1993.78	3.219	0.15
1993.82	3.222	0.15
1993.86	3.203	0.15
1993.90	3.291	0.15
1993.94	3.328	0.15
1993.97	3.345	0.15
1994.01	3.358	0.15
1994.05	3.333	0.15
1994.09	3.341	0.15
1994.12	3.372	0.15
1994.16	3.390	0.15
1994.20	3.371	0.15
1994.24	3.384	0.15
1994.28	3.416	0.15
1994.32	3.405	0.15
1994.47	3.463	0.15
1994.51	3.474	0.15
1994.55	3.568	0.15
1994.62	3.489	0.15
1994.66	3.449	0.15
1994.73	3.460	0.15
1994.85	3.521	0.15
1994.88	3.523	0.15
1994.93	3.564	0.15
1995.20	3.693	0.15
1995.21	3.517	0.15
1995.29	3.706	0.15
1995.38	3.593	0.15
1995.46	3.726	0.15
1995.54	3.645	0.15
1995.63	3.605	0.15
1995.71	3.705	0.15
1995.79	3.698	0.15
1995.88	3.734	0.15
1995.96	3.749	0.15
1996.04	3.826	0.15
1996.13	3.844	0.15
1996.21	3.782	0.15
1996.29	3.817	0.15
1996.38	3.847	0.15
1996.46	3.892	0.15
1996.54	3.878	0.15
1996.63	3.887	0.15
1996.71	3.915	0.15
1996.79	3.919	0.15
1996.88	3.961	0.15
1996.96	3.993	0.15
1997.04	4.011	0.15
1997.13	4.029	0.15
1997.21	4.071	0.15
1997.29	4.107	0.15
1997.38	4.069	0.15
1997.46	4.074	0.15
1997.54	4.082	0.15
1997.63	4.119	0.15
1997.71	4.158	0.15
1997.79	4.172	0.15
1997.88	4.236	0.15
1997.96	4.21	0.15
1998.04	4.266	0.15
1998.13	4.262	0.15
1998.21	4.293	0.15
1998.29	4.309	0.15
1998.38	4.296	0.15
1998.46	4.291	0.15
1998.54	4.306	0.15
1998.63	4.317	0.15
1998.71	4.282	0.15
1998.79	4.333	0.15
1998.88	4.342	0.15
1998.96	4.34	0.15
1999.04	4.397	0.15
1999.13	4.387	0.15
1999.21	4.427	0.15
1999.29	4.43	0.15
1999.38	4.443	0.15
1999.46	4.41	0.15
1999.54	4.434	0.15
1999.63	4.5	0.15
1999.71	4.491	0.15
1999.79	4.536	0.15
1999.88	4.533	0.15
1999.96	4.558	0.15
2000.04	4.532	0.15
2000.13	4.573	0.15
2000.21	4.565	0.15
2000.29	4.582	0.15
2000.38	4.629	0.15
2000.46	4.595	0.15
2000.54	4.651	0.15
2000.63	4.711	0.15
2000.71	4.735	0.15
2000.79	4.752	0.15
2000.88	4.793	0.15
2000.96	4.799	0.15
2001.04	4.8	0.15
2001.13	4.846	0.15
2001.21	4.874	0.15
2001.29	4.857	0.15
2001.38	4.896	0.15
2001.46	4.873	0.15
2001.54	4.856	0.15
2001.63	4.913	0.15
2001.71	4.946	0.15
2001.79	4.958	0.15
2001.88	5.015	0.15
2001.96	4.963	0.15
2002.04	5.014	0.15
2002.13	5.055	0.15
2002.21	5.048	0.15
2002.29	5.085	0.15
2002.38	5.117	0.15
2002.46	5.092	0.15
2002.54	5.117	0.15
2002.63	5.164	0.15
2002.71	5.17	0.15
2002.79	5.188	0.15
2002.88	5.218	0.15
2002.96	5.219	0.15
2003.04	5.245	0.15
2003.13	5.28	0.15
2003.21	5.302	0.15
2003.29	5.319	0.15
2003.38	5.358	0.15
2003.46	5.314	0.15
2003.54	5.353	0.15
2003.63	5.359	0.15
2003.71	5.384	0.15
2003.79	5.42	0.15
2003.88	5.429	0.15
2003.96	5.418	0.15
2004.04	5.435	0.15
2004.13	5.452	0.15
2004.21	5.529	0.15
2004.29	5.527	0.15
2004.38	5.51	0.15
2004.46	5.551	0.15
2004.54	5.54	0.15
2004.63	5.57	0.15
2004.71	5.613	0.15
2004.79	5.683	0.15
2004.88	5.655	0.15
2004.96	5.637	0.15
2005.04	5.707	0.15
2005.13	5.767	0.15
2005.21	5.77	0.15
2005.29	5.791	0.15
2005.38	5.78	0.15
2005.54	5.816	0.15
2005.63	5.807	0.15
2005.71	5.871	0.15
2005.79	5.89	0.15
2005.88	5.922	0.15
2005.96	5.914	0.15
2006.04	5.92	0.15
2006.13	5.942	0.15
2006.21	5.988	0.15
2006.29	6.044	0.15
2006.38	5.989	0.15
2006.46	6.051	0.15
2006.54	6.019	0.15
2006.63	6.068	0.15
2006.71	6.099	0.15
2006.79	6.108	0.15
2006.88	6.174	0.15
2007.54	6.372	0.15
2007.63	6.381	0.15
2007.71	6.41	0.15
2007.79	6.441	0.15
2007.88	6.477	0.15
2007.96	6.516	0.15
2008.04	6.544	0.15
2008.13	6.554	0.15
2008.21	6.593	0.15
2008.29	6.61	0.15
2008.38	6.639	0.15
2008.46	6.655	0.15
2008.54	6.671	0.15
2008.63	6.674	0.15
2008.71	6.711	0.15
2008.79	6.782	0.15
2008.88	6.829	0.15
2008.96	6.832	0.15
2009.04	6.825	0.15
2009.13	6.868	0.15
2009.21	6.861	0.15
2009.29	6.901	0.15
2009.38	6.911	0.15
2009.46	6.924	0.15
